chrom	start	end	value
Fvb1	26103	26202	-0.213831479
Fvb1	146703	146802	-0.242424242
Fvb1	392103	392202	0.363546798
Fvb1	401303	401402	0.231660232
Fvb1	444803	444902	0.301194162
Fvb1	466303	466402	-0.24924812
Fvb1	540703	540802	0.226859283
Fvb1	580203	580302	0.282081609
Fvb1	580303	580402	0.224784058
Fvb1	887203	887302	0.320588235
Fvb1	930303	930402	-0.211818182
Fvb1	1171403	1171502	-0.283193277
Fvb1	1200503	1200602	-0.215812774
Fvb1	1200603	1200702	-0.202545069
Fvb1	1376403	1376502	0.312820513
Fvb1	1472903	1473002	-0.260586812
Fvb1	1473003	1473102	-0.411428571
Fvb1	1483403	1483502	0.229650748
Fvb1	1517703	1517802	-0.328013582
Fvb1	1637303	1637402	-0.205462185
Fvb1	1861803	1861902	-0.228030303
Fvb1	1891403	1891502	0.21890781
Fvb1	1918603	1918702	0.264038232
Fvb1	1930003	1930102	-0.288241836
Fvb1	1938703	1938802	-0.271226415
Fvb1	1949903	1950002	-0.239357134
Fvb1	1993403	1993502	0.266764923
Fvb1	2106603	2106702	0.202157165
Fvb1	2225403	2225502	0.266959064
Fvb1	2254903	2255002	-0.232378462
Fvb1	2424903	2425002	-0.365368683
Fvb1	2542203	2542302	-0.21474359
Fvb1	2544803	2544902	-0.330769231
Fvb1	2597403	2597502	-0.306666667
Fvb1	2732503	2732602	-0.301343101
Fvb1	3111403	3111502	0.40645732
Fvb1	3212203	3212302	0.272727273
Fvb1	3212303	3212402	0.230769231
Fvb1	3248203	3248302	-0.221062812
Fvb1	3272003	3272102	-0.298786181
Fvb1	3319603	3319702	-0.246035941
Fvb1	3479303	3479402	-0.22432135
Fvb1	3499703	3499802	-0.502155172
Fvb1	3500403	3500502	-0.438502674
Fvb1	3563503	3563602	0.214471969
Fvb1	3709803	3709902	-0.248484848
Fvb1	3786103	3786202	-0.354545455
Fvb1	3790503	3790602	-0.318703385
Fvb1	4020803	4020902	-0.401985112
Fvb1	4146603	4146702	-0.287257187
Fvb1	4185403	4185502	0.220508658
Fvb1	4187903	4188002	-0.218590832
Fvb1	4264603	4264702	-0.393483709
Fvb1	4264703	4264802	-0.289502165
Fvb1	4322703	4322802	-0.25
Fvb1	4613203	4613302	-0.235228348
Fvb1	4676303	4676402	0.363636364
Fvb1	4705303	4705402	0.217592593
Fvb1	4705403	4705502	0.221153846
Fvb1	4778503	4778602	0.230113636
Fvb1	4792303	4792402	-0.306620209
Fvb1	4858603	4858702	0.424342105
Fvb1	4864303	4864402	0.209582102
Fvb1	4899903	4900002	0.282485876
Fvb1	4903703	4903802	-0.235294118
Fvb1	5041903	5042002	0.211034483
Fvb1	5052303	5052402	-0.387242268
Fvb1	5081903	5082002	-0.295
Fvb1	5175903	5176002	0.235282575
Fvb1	5472903	5473002	-0.598202824
Fvb1	5586603	5586702	-0.317168339
Fvb1	5748303	5748402	-0.212121212
Fvb1	5798503	5798602	-0.309
Fvb1	5971403	5971502	-0.241202346
Fvb1	6036203	6036302	0.226399332
Fvb1	6132903	6133002	-0.206518124
Fvb1	6209403	6209502	-0.298630845
Fvb1	6228403	6228502	0.405245902
Fvb1	6298103	6298202	-0.24272786
Fvb1	6366803	6366902	-0.387957317
Fvb1	6450603	6450702	-0.273195876
Fvb1	6724403	6724502	-0.25462963
Fvb1	6821203	6821302	-0.384343434
Fvb1	7311803	7311902	-0.364253394
Fvb1	7343303	7343402	-0.326312802
Fvb1	7374203	7374302	-0.204724409
Fvb1	7448903	7449002	0.308051948
Fvb1	7502103	7502202	0.260182584
Fvb1	7629303	7629402	0.274951076
Fvb1	7716403	7716502	0.373291925
Fvb1	7733503	7733602	0.232806865
Fvb1	7818703	7818802	-0.255681818
Fvb1	7858403	7858502	0.441699605
Fvb1	8048003	8048102	-0.214586255
Fvb1	8058603	8058702	-0.233333333
Fvb1	8169203	8169302	-0.476973684
Fvb1	8169303	8169402	-0.305480683
Fvb1	8175903	8176002	0.270652174
Fvb1	8352503	8352602	0.301948052
Fvb1	8380703	8380802	-0.230273752
Fvb1	8563903	8564002	0.343706196
Fvb1	8757603	8757702	0.263239875
Fvb1	9007403	9007502	-0.293819656
Fvb1	9022203	9022302	-0.308608059
Fvb1	9027703	9027802	-0.214285714
Fvb1	9224703	9224802	-0.331932773
Fvb1	9224803	9224902	-0.234042553
Fvb1	9315903	9316002	-0.379310345
Fvb1	9646803	9646902	0.324473976
Fvb1	9649203	9649302	-0.268716578
Fvb1	9705503	9705602	-0.275624462
Fvb1	9834803	9834902	-0.515292553
Fvb1	9852703	9852802	0.273139746
Fvb1	9900803	9900902	-0.230667256
Fvb1	9901603	9901702	-0.239028213
Fvb1	10095003	10095102	-0.236961451
Fvb1	10268003	10268102	0.225581395
Fvb1	10286603	10286702	-0.209935633
Fvb1	10303403	10303502	-0.349288061
Fvb1	10345703	10345802	-0.354990584
Fvb1	10484603	10484702	0.320015668
Fvb1	10490703	10490802	0.294346979
Fvb1	10570103	10570202	0.202991453
Fvb1	10640503	10640602	-0.49148364
Fvb1	10663103	10663202	-0.317647059
Fvb1	10712903	10713002	-0.328793691
Fvb1	10728503	10728602	-0.51078516
Fvb1	10789303	10789402	-0.210526316
Fvb1	10789603	10789702	-0.208333333
Fvb1	10820203	10820302	-0.30952381
Fvb1	10951903	10952002	-0.328460039
Fvb1	10978003	10978102	-0.250887049
Fvb1	11015503	11015602	-0.25
Fvb1	11020003	11020102	-0.291047188
Fvb1	11190003	11190102	-0.516296296
Fvb1	11215903	11216002	-0.335043988
Fvb1	11225503	11225602	-0.267389438
Fvb1	11525103	11525202	0.30261269
Fvb1	11564003	11564102	-0.265231092
Fvb1	11623103	11623202	-0.207051282
Fvb1	11662903	11663002	-0.289799528
Fvb1	12112203	12112302	-0.214715589
Fvb1	12293403	12293502	-0.316025641
Fvb1	12307203	12307302	-0.202651515
Fvb1	12379603	12379702	0.37979798
Fvb1	12384603	12384702	-0.41607565
Fvb1	12424803	12424902	-0.285767235
Fvb1	12538303	12538402	-0.481935484
Fvb1	12566103	12566202	-0.416118421
Fvb1	12658303	12658402	-0.23953448
Fvb1	12694503	12694602	-0.213450292
Fvb1	12809703	12809802	0.22859375
Fvb1	12892303	12892402	0.202991453
Fvb1	13052303	13052402	0.250612445
Fvb1	13073103	13073202	-0.209176404
Fvb1	13083903	13084002	-0.438333333
Fvb1	13084103	13084202	-0.228773585
Fvb1	13191003	13191102	-0.2
Fvb1	13202803	13202902	-0.336714976
Fvb1	13365503	13365602	0.309983897
Fvb1	13365603	13365702	0.291291291
Fvb1	13484003	13484102	-0.342598578
Fvb1	13490703	13490802	-0.225100216
Fvb1	13748603	13748702	-0.253746254
Fvb1	14008303	14008402	0.207557503
Fvb1	14008403	14008502	-0.277777778
Fvb1	14106803	14106902	-0.222025621
Fvb1	14220003	14220102	-0.249229188
Fvb1	14225703	14225802	0.319109462
Fvb1	14548803	14548902	-0.255382018
Fvb1	14678703	14678802	0.311844864
Fvb1	14720303	14720402	0.309432352
Fvb1	14787803	14787902	-0.211111111
Fvb1	14962003	14962102	0.200690052
Fvb1	14992503	14992602	-0.257465278
Fvb1	15097203	15097302	0.208664773
Fvb1	15193803	15193902	-0.207854406
Fvb1	15259903	15260002	-0.210098177
Fvb1	15593303	15593402	-0.277429467
Fvb1	15629203	15629302	-0.23851965
Fvb1	16151003	16151102	-0.260424423
Fvb1	16232003	16232102	0.298148148
Fvb1	16286403	16286502	-0.413288288
Fvb1	16906503	16906602	-0.270138039
Fvb1	16906603	16906702	-0.349285714
Fvb1	16915503	16915602	0.285008818
Fvb1	16936003	16936102	0.234173669
Fvb1	16939403	16939502	0.299599038
Fvb1	17060303	17060402	0.201543304
Fvb1	17143103	17143202	0.402777778
Fvb1	17223703	17223802	-0.249012508
Fvb1	17422903	17423002	-0.250293772
Fvb1	17428703	17428802	-0.472527473
Fvb1	17477203	17477302	-0.256547619
Fvb1	17565503	17565602	0.225279171
Fvb1	17589803	17589902	-0.214285714
Fvb1	17623903	17624002	0.252747253
Fvb1	17733903	17734002	-0.2125
Fvb1	17774703	17774802	0.274414716
Fvb1	17819503	17819602	0.300696736
Fvb1	17944803	17944902	-0.275165177
Fvb1	18145703	18145802	-0.269837057
Fvb1	18218703	18218802	0.3
Fvb1	18272203	18272302	-0.237074031
Fvb1	18330803	18330902	-0.208090075
Fvb1	18531203	18531302	-0.207627119
Fvb1	18696103	18696202	-0.265384615
Fvb1	19169103	19169202	-0.200980392
Fvb1	19278503	19278602	-0.349945235
Fvb1	19299003	19299102	0.281410256
Fvb1	19321303	19321402	0.230788934
Fvb1	19352503	19352602	0.289789169
Fvb1	19387303	19387402	-0.203703704
Fvb1	19463803	19463902	0.275384615
Fvb1	19824103	19824202	0.285067873
Fvb1	19900403	19900502	-0.291048185
Fvb1	20057103	20057202	-0.239604292
Fvb1	20436203	20436302	-0.388536528
Fvb1	20436303	20436402	-0.300679206
Fvb1	20496003	20496102	-0.238095238
Fvb1	20825703	20825802	-0.221830986
Fvb1	20959603	20959702	0.242077465
Fvb1	21265503	21265602	0.211695906
Fvb1	21459803	21459902	-0.236263736
Fvb1	22056003	22056102	0.326639893
Fvb1	22557903	22558002	-0.435739761
Fvb1	22776203	22776302	-0.21
Fvb1	22920603	22920702	-0.272408964
Fvb1	23135803	23135902	-0.230769231
Fvb1	23149603	23149702	-0.212292938
Fvb1	23615903	23616002	-0.317802368
Fvb1	23716703	23716802	-0.349358974
Fvb1	23738403	23738502	-0.308249964
Fvb1	23931603	23931702	-0.329109063
Fvb1	23958803	23958902	-0.252866503
Fvb1	24067203	24067302	0.293910522
Fvb1	24078503	24078602	-0.272545326
Fvb2	18301	18400	-0.308873144
Fvb2	84701	84800	-0.504901961
Fvb2	196901	197000	-0.208843159
Fvb2	259701	259800	-0.202991453
Fvb2	375501	375600	-0.349902534
Fvb2	478201	478300	0.281683405
Fvb2	648601	648700	-0.277037037
Fvb2	799801	799900	-0.273846154
Fvb2	963301	963400	0.379366041
Fvb2	1263401	1263500	-0.25633232
Fvb2	1264001	1264100	0.322822823
Fvb2	1279401	1279500	0.377909058
Fvb2	1358401	1358500	-0.291666667
Fvb2	1384301	1384400	-0.25
Fvb2	1405901	1406000	0.354285714
Fvb2	1527901	1528000	-0.223751687
Fvb2	1528001	1528100	-0.25166113
Fvb2	1598801	1598900	-0.207070707
Fvb2	1600701	1600800	0.205411765
Fvb2	1686301	1686400	0.345714286
Fvb2	1692401	1692500	-0.320634921
Fvb2	1803601	1803700	-0.232686517
Fvb2	1926801	1926900	0.282051282
Fvb2	2097501	2097600	-0.220930233
Fvb2	2178701	2178800	0.249632028
Fvb2	2281601	2281700	0.243311743
Fvb2	2283501	2283600	-0.501074242
Fvb2	2417501	2417600	0.3342653
Fvb2	2855701	2855800	-0.415870378
Fvb2	3038001	3038100	0.235897436
Fvb2	3094501	3094600	-0.202004219
Fvb2	4142701	4142800	-0.307519641
Fvb2	4142801	4142900	-0.210847976
Fvb2	4443701	4443800	-0.27672956
Fvb2	4740401	4740500	-0.254604872
Fvb2	4864201	4864300	-0.211574953
Fvb2	4980101	4980200	0.225519098
Fvb2	5064401	5064500	-0.209716599
Fvb2	5234601	5234700	-0.235294118
Fvb2	5382001	5382100	-0.370892019
Fvb2	5430101	5430200	0.281800391
Fvb2	5463901	5464000	-0.387987013
Fvb2	5517701	5517800	0.25
Fvb2	5530101	5530200	-0.260869565
Fvb2	5562801	5562900	0.247724975
Fvb2	5720201	5720300	-0.21061008
Fvb2	6079701	6079800	-0.215067079
Fvb2	6109201	6109300	-0.451508621
Fvb2	6130801	6130900	-0.32545156
Fvb2	6132501	6132600	-0.219487179
Fvb2	6140801	6140900	0.240196078
Fvb2	6148201	6148300	-0.282089552
Fvb2	6268601	6268700	-0.212250712
Fvb2	6280901	6281000	-0.302941176
Fvb2	6296701	6296800	-0.331518451
Fvb2	6603701	6603800	-0.222222222
Fvb2	6760701	6760800	0.295180723
Fvb2	6768401	6768500	-0.26
Fvb2	7127001	7127100	-0.31671159
Fvb2	7134201	7134300	-0.321100917
Fvb2	7356301	7356400	-0.35565859
Fvb2	7356401	7356500	-0.2525
Fvb2	7361901	7362000	-0.250291489
Fvb2	7687701	7687800	0.285539216
Fvb2	7689301	7689400	-0.292187341
Fvb2	7705901	7706000	0.337719298
Fvb2	7897101	7897200	0.328888889
Fvb2	8279901	8280000	-0.22078252
Fvb2	8741501	8741600	0.213855422
Fvb2	8780401	8780500	0.23150062
Fvb2	9018401	9018500	-0.35496459
Fvb2	9036701	9036800	-0.249230769
Fvb2	9253501	9253600	0.219403366
Fvb2	9323201	9323300	0.225903614
Fvb2	9469901	9470000	-0.212418301
Fvb2	9614301	9614400	-0.217890772
Fvb2	9821101	9821200	0.271698113
Fvb2	10290501	10290600	0.413043478
Fvb2	10752401	10752500	-0.341463415
Fvb2	10820101	10820200	0.253246753
Fvb2	11090401	11090500	-0.405487805
Fvb2	11165601	11165700	0.327203551
Fvb2	11199501	11199600	0.269045323
Fvb2	11278801	11278900	-0.301659125
Fvb2	11352301	11352400	-0.264931598
Fvb2	11360701	11360800	-0.276109368
Fvb2	11378701	11378800	-0.314144737
Fvb2	11420901	11421000	-0.271778821
Fvb2	11427401	11427500	-0.262755102
Fvb2	11459601	11459700	-0.393424036
Fvb2	11489501	11489600	-0.34469697
Fvb2	11554401	11554500	-0.227993656
Fvb2	11556501	11556600	-0.290909091
Fvb2	11873001	11873100	-0.267272727
Fvb2	11964901	11965000	-0.201275736
Fvb2	12062801	12062900	-0.301052632
Fvb2	12066301	12066400	0.267105263
Fvb2	12093401	12093500	-0.278586279
Fvb2	12151101	12151200	-0.30517024
Fvb2	12340801	12340900	-0.224660397
Fvb2	12471001	12471100	-0.242894057
Fvb2	12519501	12519600	-0.236694678
Fvb2	12701701	12701800	-0.274891775
Fvb2	13120601	13120700	0.270981508
Fvb2	13141401	13141500	0.217391304
Fvb2	13245301	13245400	-0.25495338
Fvb2	13280801	13280900	-0.223505435
Fvb2	13486201	13486300	-0.358151396
Fvb2	13491301	13491400	-0.240245262
Fvb2	13547701	13547800	0.214941485
Fvb2	13653301	13653400	-0.228276878
Fvb2	13674101	13674200	-0.246941046
Fvb2	13709601	13709700	0.310743802
Fvb2	13897601	13897700	0.20952381
Fvb2	13978201	13978300	-0.2784027
Fvb2	14006401	14006500	-0.442028986
Fvb2	14036801	14036900	0.22826087
Fvb2	14092101	14092200	-0.27661406
Fvb2	14214101	14214200	-0.209121246
Fvb2	14567201	14567300	-0.224056604
Fvb2	14572201	14572300	-0.219526804
Fvb2	14603401	14603500	0.26744186
Fvb2	14623401	14623500	-0.229830421
Fvb2	14686301	14686400	-0.209868421
Fvb2	14700401	14700500	-0.32937166
Fvb2	14988401	14988500	-0.222222222
Fvb2	15098201	15098300	0.228235294
Fvb2	15251301	15251400	-0.342738343
Fvb2	15255801	15255900	-0.219421102
Fvb2	15339401	15339500	0.261363636
Fvb2	15349901	15350000	-0.252554745
Fvb2	15406801	15406900	-0.209508015
Fvb2	15542701	15542800	-0.26007326
Fvb2	15950901	15951000	-0.244551003
Fvb2	15974801	15974900	0.282017544
Fvb2	16029001	16029100	-0.256571158
Fvb2	16097701	16097800	0.376623377
Fvb2	16102801	16102900	0.361111111
Fvb2	16110301	16110400	-0.215667915
Fvb2	16164301	16164400	0.354871795
Fvb2	16270201	16270300	-0.29021151
Fvb2	16667901	16668000	-0.219512195
Fvb2	16768601	16768700	0.225311991
Fvb2	16974601	16974700	0.271607606
Fvb2	17052701	17052800	-0.23192436
Fvb2	17063801	17063900	-0.233599291
Fvb2	17094801	17094900	0.258467023
Fvb2	17176701	17176800	-0.255072464
Fvb2	17184201	17184300	-0.313840156
Fvb2	17191201	17191300	-0.404726182
Fvb2	17214401	17214500	-0.458874459
Fvb2	17271801	17271900	0.338405797
Fvb2	17316301	17316400	-0.53015873
Fvb2	17322001	17322100	0.393478261
Fvb2	17462201	17462300	-0.208333333
Fvb2	17632701	17632800	0.317073171
Fvb2	17644501	17644600	-0.303030303
Fvb2	17729601	17729700	0.225117371
Fvb2	17746801	17746900	-0.219801553
Fvb2	17792901	17793000	-0.209197652
Fvb2	17895901	17896000	-0.407727273
Fvb2	17913901	17914000	-0.278255881
Fvb2	18190101	18190200	0.233511586
Fvb2	18193801	18193900	0.242239526
Fvb2	18306601	18306700	0.216216216
Fvb2	18309701	18309800	-0.315068493
Fvb2	18367201	18367300	-0.275233538
Fvb2	18498901	18499000	0.325456498
Fvb2	18499101	18499200	0.305555556
Fvb2	18500401	18500500	0.266876475
Fvb2	18873501	18873600	0.280731364
Fvb2	19047401	19047500	0.238297872
Fvb2	19152901	19153000	0.222052587
Fvb2	19158901	19159000	0.223684211
Fvb2	19281201	19281300	-0.334668001
Fvb2	19378301	19378400	0.207010582
Fvb2	19438501	19438600	0.200828157
Fvb2	19818701	19818800	-0.268855219
Fvb2	19885501	19885600	-0.254707336
Fvb2	19897801	19897900	-0.287603306
Fvb2	19900801	19900900	0.257035003
Fvb2	20379801	20379900	0.268292683
Fvb2	20382701	20382800	-0.340909091
Fvb2	20682701	20682800	-0.441239316
Fvb2	20690401	20690500	-0.360544218
Fvb2	20709201	20709300	-0.256666667
Fvb2	20825901	20826000	-0.306060606
Fvb2	20898801	20898900	-0.329749104
Fvb2	21116501	21116600	0.260416667
Fvb2	21188201	21188300	-0.40018315
Fvb2	21189701	21189800	-0.34682861
Fvb2	21189901	21190000	-0.324675325
Fvb2	21532601	21532700	0.271531887
Fvb2	21615501	21615600	-0.326530612
Fvb2	21626701	21626800	-0.274950275
Fvb2	21837901	21838000	-0.2
Fvb2	21838401	21838500	0.202637826
Fvb2	22029201	22029300	0.408088235
Fvb2	22076301	22076400	0.244980695
Fvb2	22079401	22079500	-0.259597378
Fvb2	22086301	22086400	0.22674772
Fvb2	22096401	22096500	-0.263319672
Fvb2	22183401	22183500	0.257440476
Fvb2	22257101	22257200	0.213329902
Fvb2	22259701	22259800	-0.220201543
Fvb2	22321701	22321800	-0.235971758
Fvb2	22357301	22357400	-0.301674641
Fvb2	22368801	22368900	0.232429441
Fvb2	22490701	22490800	-0.237362637
Fvb2	22528501	22528600	-0.207539812
Fvb2	22700801	22700900	-0.253021757
Fvb2	22876301	22876400	0.201612903
Fvb2	22881201	22881300	-0.380701754
Fvb2	22892201	22892300	0.221230159
Fvb2	23054401	23054500	0.454365079
Fvb2	23133201	23133300	-0.310062893
Fvb2	23390201	23390300	0.433184473
Fvb2	23392701	23392800	0.392456677
Fvb2	23402701	23402800	-0.368534483
Fvb2	23487701	23487800	0.201656972
Fvb2	23651201	23651300	0.203789042
Fvb2	23874801	23874900	-0.215911301
Fvb2	23879001	23879100	-0.307070707
Fvb2	24016901	24017000	-0.373303167
Fvb2	24048401	24048500	-0.296092796
Fvb2	24173901	24174000	-0.415372362
Fvb2	24435301	24435400	0.271112086
Fvb2	24507101	24507200	0.240418502
Fvb2	24663301	24663400	0.37012987
Fvb2	24671501	24671600	0.324404762
Fvb2	24849301	24849400	-0.45
Fvb2	24942701	24942800	-0.435897436
Fvb2	25043001	25043100	0.225935829
Fvb2	25045801	25045900	0.419630156
Fvb2	25210901	25211000	-0.339920949
Fvb2	25366401	25366500	-0.252066116
Fvb2	25544201	25544300	-0.213034045
Fvb2	25572801	25572900	0.321705426
Fvb2	25601801	25601900	0.233495935
Fvb2	25611001	25611100	0.278752437
Fvb2	25667901	25668000	-0.358870968
Fvb2	25682701	25682800	0.27027027
Fvb2	25725201	25725300	0.242424242
Fvb2	25769801	25769900	0.211538462
Fvb2	25777601	25777700	0.212299465
Fvb2	25876701	25876800	-0.301587302
Fvb2	25922601	25922700	0.296224961
Fvb2	25948101	25948200	-0.203728814
Fvb2	25953901	25954000	-0.209732989
Fvb2	26050001	26050100	0.393120393
Fvb2	26326001	26326100	0.200463052
Fvb2	26535901	26536000	-0.263095238
Fvb2	26559001	26559100	-0.288093463
Fvb2	26796501	26796600	-0.311688312
Fvb2	26844501	26844600	-0.230952381
Fvb2	26947901	26948000	0.353383459
Fvb2	27225501	27225600	-0.283295063
Fvb2	27437601	27437700	-0.366258741
Fvb2	27562401	27562500	-0.288763066
Fvb2	27576801	27576900	0.235100485
Fvb2	27651901	27652000	0.255036855
Fvb2	27894801	27894900	-0.202959831
Fvb2	27918101	27918200	-0.417612442
Fvb2	27962701	27962800	0.332706767
Fvb2	28115101	28115200	-0.209977662
Fvb2	28131601	28131700	-0.255952381
Fvb2	28180901	28181000	-0.214385965
Fvb2	28217801	28217900	-0.205747126
Fvb2	28281801	28281900	-0.268091168
Fvb2	28318401	28318500	0.246693945
Fvb2	28400701	28400800	0.220615672
Fvb2	28479501	28479600	0.331578947
Fvb2	28641901	28642000	-0.242203742
Fvb2	28642201	28642300	0.238549429
Fvb2	28956001	28956100	-0.301923077
Fvb2	28975701	28975800	0.351612903
Fvb2	29019401	29019500	-0.233147558
Fvb2	29296701	29296800	-0.237753883
Fvb3	26203	26302	0.210391426
Fvb3	121203	121302	-0.214247741
Fvb3	152603	152702	0.260699438
Fvb3	152703	152802	0.484696318
Fvb3	159203	159302	0.237804878
Fvb3	230203	230302	-0.317204301
Fvb3	233503	233602	-0.219470046
Fvb3	287603	287702	-0.376074332
Fvb3	424803	424902	0.327179487
Fvb3	451303	451402	-0.228918576
Fvb3	453303	453402	0.214228255
Fvb3	453403	453502	0.284905414
Fvb3	548703	548802	0.266576951
Fvb3	566503	566602	-0.214245014
Fvb3	599803	599902	-0.220070423
Fvb3	663903	664002	0.263888889
Fvb3	779103	779202	0.246334311
Fvb3	779703	779802	-0.23125
Fvb3	974503	974602	0.343253968
Fvb3	1152603	1152702	0.390222985
Fvb3	1209003	1209102	-0.206917114
Fvb3	1257803	1257902	0.23943662
Fvb3	1454803	1454902	0.227272727
Fvb3	1860303	1860402	0.253697893
Fvb3	1864903	1865002	-0.209069767
Fvb3	1895503	1895602	-0.285714286
Fvb3	2012603	2012702	-0.25
Fvb3	2066503	2066602	-0.211594203
Fvb3	2102803	2102902	0.308651026
Fvb3	2138903	2139002	0.220491803
Fvb3	2148803	2148902	-0.273870783
Fvb3	2203003	2203102	-0.275958188
Fvb3	2264603	2264702	0.504273504
Fvb3	2272903	2273002	-0.339305711
Fvb3	2361603	2361702	0.246884735
Fvb3	2434503	2434602	-0.283159463
Fvb3	2434603	2434702	-0.441043523
Fvb3	2538703	2538802	0.370101986
Fvb3	2539903	2540002	-0.367732558
Fvb3	2581903	2582002	0.22972583
Fvb3	2602403	2602502	-0.244015668
Fvb3	2625003	2625102	0.211111111
Fvb3	2628903	2629002	0.246770026
Fvb3	2629103	2629202	0.267099567
Fvb3	2705303	2705402	-0.220689655
Fvb3	2795203	2795302	0.202631579
Fvb3	2834003	2834102	0.233664773
Fvb3	2884603	2884702	0.214231355
Fvb3	2935003	2935102	-0.234811958
Fvb3	2936103	2936202	0.240524295
Fvb3	3007503	3007602	-0.385620915
Fvb3	3410303	3410402	-0.258181818
Fvb3	3520303	3520402	-0.291572184
Fvb3	3520403	3520502	-0.359649123
Fvb3	3565903	3566002	-0.200722394
Fvb3	3650003	3650102	0.282263191
Fvb3	3650103	3650202	0.413407418
Fvb3	3652903	3653002	-0.2098126
Fvb3	3698303	3698402	-0.218899522
Fvb3	3703303	3703402	-0.287276786
Fvb3	3717903	3718002	-0.384848485
Fvb3	3793903	3794002	-0.232186732
Fvb3	3806403	3806502	-0.243902439
Fvb3	3831003	3831102	-0.445153061
Fvb3	3840603	3840702	-0.398312236
Fvb3	4005803	4005902	-0.317952098
Fvb3	4028303	4028402	-0.250337079
Fvb3	4115403	4115502	0.353070175
Fvb3	4200303	4200402	-0.324242424
Fvb3	4392903	4393002	-0.323671498
Fvb3	4463503	4463602	-0.208045977
Fvb3	4910003	4910102	0.285
Fvb3	4918603	4918702	-0.271612903
Fvb3	5045103	5045202	0.267529666
Fvb3	5235603	5235702	-0.280198566
Fvb3	5287203	5287302	0.263316151
Fvb3	5333003	5333102	-0.21167207
Fvb3	5478503	5478602	-0.273809524
Fvb3	5497503	5497602	0.226315789
Fvb3	5744003	5744102	-0.473389356
Fvb3	5890103	5890202	-0.268292683
Fvb3	6355103	6355202	0.211698554
Fvb3	6379303	6379402	-0.380136986
Fvb3	6645203	6645302	-0.256745291
Fvb3	6672003	6672102	-0.427586207
Fvb3	6724203	6724302	-0.332171893
Fvb3	7306603	7306702	-0.226973684
Fvb3	7323203	7323302	-0.204361055
Fvb3	7336103	7336202	-0.225731895
Fvb3	7347103	7347202	-0.231684982
Fvb3	7716303	7716402	-0.274557893
Fvb3	7797303	7797402	-0.295334686
Fvb3	7866603	7866702	-0.385416667
Fvb3	7889403	7889502	-0.239035088
Fvb3	7927403	7927502	-0.32743106
Fvb3	7930903	7931002	-0.393953708
Fvb3	7954803	7954902	-0.328421053
Fvb3	8088203	8088302	0.293292683
Fvb3	8124903	8125002	-0.314285714
Fvb3	8201403	8201502	0.225938313
Fvb3	8362503	8362602	-0.27236894
Fvb3	8362603	8362702	-0.502564103
Fvb3	8420503	8420602	0.324324324
Fvb3	8901903	8902002	0.2
Fvb3	9183103	9183202	0.373529412
Fvb3	9310203	9310302	0.311965812
Fvb3	9336503	9336602	-0.355875153
Fvb3	9519703	9519802	-0.382187938
Fvb3	9535503	9535602	-0.299870968
Fvb3	9680203	9680302	-0.308371736
Fvb3	9736903	9737002	0.209460581
Fvb3	9979503	9979602	0.241414141
Fvb3	10102403	10102502	-0.277777778
Fvb3	10201303	10201402	-0.306959707
Fvb3	10266903	10267002	-0.256521739
Fvb3	10582203	10582302	0.219531456
Fvb3	10601403	10601502	0.225473322
Fvb3	10820303	10820402	-0.240079365
Fvb3	10875503	10875602	-0.25801082
Fvb3	10919703	10919802	0.373843058
Fvb3	11076803	11076902	-0.227272727
Fvb3	11263503	11263602	0.228174603
Fvb3	11286603	11286702	0.329545455
Fvb3	11349903	11350002	-0.262219666
Fvb3	11387903	11388002	-0.265385495
Fvb3	11427303	11427402	-0.249082007
Fvb3	11469603	11469702	-0.268608414
Fvb3	11501103	11501202	0.232580038
Fvb3	11672503	11672602	-0.260869565
Fvb3	11709903	11710002	-0.232854864
Fvb3	11771703	11771802	-0.280665281
Fvb3	11824403	11824502	-0.254874537
Fvb3	11953303	11953402	-0.228196368
Fvb3	12134603	12134702	-0.204456015
Fvb3	12424903	12425002	-0.278507079
Fvb3	12467903	12468002	-0.202786378
Fvb3	12647303	12647402	-0.28486924
Fvb3	12690403	12690502	-0.284920635
Fvb3	12736303	12736402	-0.20582878
Fvb3	12790303	12790402	0.299284985
Fvb3	13065503	13065602	0.217105263
Fvb3	13070703	13070802	0.2125
Fvb3	13070803	13070902	0.230459926
Fvb3	13070903	13071002	0.263672815
Fvb3	13178803	13178902	-0.269230769
Fvb3	13286203	13286302	-0.209302326
Fvb3	13608203	13608302	-0.255167498
Fvb3	13814303	13814402	-0.312087281
Fvb3	13910603	13910702	0.283655744
Fvb3	13946503	13946602	-0.410714286
Fvb3	14152803	14152902	-0.321538462
Fvb3	14198403	14198502	0.235539812
Fvb3	14288003	14288102	0.306515957
Fvb3	14506403	14506502	-0.533799534
Fvb3	14689603	14689702	-0.281329923
Fvb3	14725003	14725102	-0.228225806
Fvb3	14772203	14772302	-0.398169336
Fvb3	14822703	14822802	-0.343093093
Fvb3	15119103	15119202	-0.353735632
Fvb3	15131603	15131702	-0.293255132
Fvb3	15157403	15157502	-0.378787879
Fvb3	15220403	15220502	0.219868367
Fvb3	15315003	15315102	0.265327696
Fvb3	15401403	15401502	-0.222222222
Fvb3	15465703	15465802	-0.200866536
Fvb3	15473403	15473502	0.323376623
Fvb3	15490403	15490502	-0.218787443
Fvb3	15493403	15493502	0.256302521
Fvb3	15540403	15540502	0.410989011
Fvb3	15656103	15656202	-0.261261261
Fvb3	15740203	15740302	-0.235386549
Fvb3	15779203	15779302	-0.210526316
Fvb3	16201203	16201302	-0.267808219
Fvb3	16356203	16356302	-0.362820513
Fvb3	16402803	16402902	0.211538462
Fvb3	16451403	16451502	0.322920323
Fvb3	16636703	16636802	-0.258305338
Fvb3	16646403	16646502	-0.228316327
Fvb3	16931103	16931202	0.243373494
Fvb3	16975403	16975502	0.237980769
Fvb3	17008303	17008402	-0.204761905
Fvb3	17029703	17029802	0.222222222
Fvb3	17096803	17096902	-0.352766798
Fvb3	17122003	17122102	-0.32295082
Fvb3	17122103	17122202	-0.276199034
Fvb3	17269403	17269502	0.321237586
Fvb3	17332603	17332702	-0.289285714
Fvb3	17546903	17547002	-0.217032967
Fvb3	17765303	17765402	-0.300137363
Fvb3	17767003	17767102	-0.259798634
Fvb3	17800703	17800802	-0.277920962
Fvb3	18045603	18045702	-0.272896991
Fvb3	18361003	18361102	-0.300534188
Fvb3	18615503	18615602	-0.281261459
Fvb3	18725903	18726002	0.218196457
Fvb3	18857903	18858002	0.308823529
Fvb3	19062403	19062502	-0.274793388
Fvb3	19113303	19113402	-0.251551644
Fvb3	19113403	19113502	-0.212079616
Fvb3	19305903	19306002	-0.238453276
Fvb3	19317703	19317802	-0.218535722
Fvb3	19724903	19725002	-0.259118541
Fvb3	19885103	19885202	-0.203883495
Fvb3	19919703	19919802	-0.298449612
Fvb3	20048303	20048402	0.282947567
Fvb3	20076503	20076602	0.281152378
Fvb3	20259003	20259102	0.20483871
Fvb3	20259903	20260002	-0.204441328
Fvb3	20263403	20263502	0.279395604
Fvb3	20361203	20361302	-0.228233382
Fvb3	20787403	20787502	0.406726124
Fvb3	20838203	20838302	-0.205816304
Fvb3	20991203	20991302	-0.221276596
Fvb3	21219503	21219602	0.393327212
Fvb3	21517003	21517102	-0.201038961
Fvb3	21517103	21517202	-0.215168154
Fvb3	21857603	21857702	0.201550388
Fvb3	21888803	21888902	-0.304381847
Fvb3	21970403	21970502	-0.222222222
Fvb3	22012603	22012702	0.266483516
Fvb3	22469503	22469602	-0.348484848
Fvb3	22653303	22653402	-0.233172057
Fvb3	22756503	22756602	-0.241640543
Fvb3	22867903	22868002	-0.275
Fvb3	22918703	22918802	-0.315351315
Fvb3	22978703	22978802	-0.221621117
Fvb3	23034003	23034102	-0.324884793
Fvb3	23171903	23172002	-0.210908477
Fvb3	23282803	23282902	-0.219258295
Fvb3	23395803	23395902	0.412280702
Fvb3	23502003	23502102	-0.224053123
Fvb3	23553203	23553302	-0.249031088
Fvb3	23848703	23848802	0.219285567
Fvb3	24652703	24652802	-0.228205128
Fvb3	24696603	24696702	0.317765568
Fvb3	25213103	25213202	-0.252539913
Fvb3	25250903	25251002	-0.210526316
Fvb3	25604103	25604202	-0.247301587
Fvb3	25706203	25706302	0.396666667
Fvb3	25706303	25706402	0.635906359
Fvb3	25706403	25706502	0.414793328
Fvb3	25777303	25777402	-0.223538306
Fvb3	25790303	25790402	0.253408917
Fvb3	25892703	25892802	-0.315934066
Fvb3	25899303	25899402	-0.21312616
Fvb3	26062003	26062102	-0.270669291
Fvb3	26533203	26533302	0.297741644
Fvb3	26801103	26801202	-0.239592969
Fvb3	26941403	26941502	0.222117893
Fvb3	26961803	26961902	-0.34
Fvb3	27089503	27089602	-0.288461538
Fvb3	27235903	27236002	0.208333333
Fvb3	27258603	27258702	-0.211612903
Fvb3	27359003	27359102	-0.280172414
Fvb3	27363303	27363402	-0.242352941
Fvb3	27718003	27718102	-0.231620039
Fvb3	28012103	28012202	-0.220895522
Fvb3	28083503	28083602	-0.206571506
Fvb3	28090703	28090802	-0.210181452
Fvb3	28181303	28181402	0.208430458
Fvb3	28208303	28208402	-0.220329025
Fvb3	28293403	28293502	0.322128852
Fvb3	28814103	28814202	0.330801688
Fvb3	28855003	28855102	-0.337815126
Fvb3	28876603	28876702	-0.203790035
Fvb3	28878703	28878802	-0.220588235
Fvb3	29131803	29131902	-0.52
Fvb3	29180503	29180602	-0.240677966
Fvb3	29228003	29228102	-0.263477416
Fvb3	29504603	29504702	-0.24198371
Fvb3	29792103	29792202	0.215296804
Fvb3	29874403	29874502	-0.286805556
Fvb3	29952603	29952702	-0.257440476
Fvb3	30061403	30061502	0.267908585
Fvb3	30146503	30146602	-0.205691057
Fvb3	30292203	30292302	0.23853211
Fvb3	30318803	30318902	-0.247982392
Fvb3	30343903	30344002	-0.274475524
Fvb3	30456303	30456402	-0.266227181
Fvb3	30465003	30465102	-0.402439024
Fvb3	30685703	30685802	-0.237251402
Fvb3	30930003	30930102	-0.209926471
Fvb3	31046303	31046402	0.230752212
Fvb3	31083203	31083302	-0.214882943
Fvb3	31234203	31234302	-0.217171717
Fvb3	31255903	31256002	0.31375
Fvb3	31264903	31265002	-0.223973727
Fvb3	31800303	31800402	0.263684704
Fvb3	31856203	31856302	-0.342555995
Fvb3	32149603	32149702	0.216596639
Fvb3	32364803	32364902	-0.30505279
Fvb3	32412803	32412902	-0.380136986
Fvb3	32444603	32444702	-0.204099822
Fvb3	32575303	32575402	-0.314156946
Fvb3	32588003	32588102	0.246218487
Fvb3	32652403	32652502	0.293333333
Fvb3	32768203	32768302	-0.327360829
Fvb3	32919103	32919202	-0.314814815
Fvb3	32993703	32993802	0.35
Fvb3	33030703	33030802	0.233106338
Fvb3	33092403	33092502	0.38
Fvb3	33121103	33121202	0.371266428
Fvb3	33121403	33121502	0.492592593
Fvb3	33178503	33178602	-0.450849202
Fvb3	33181403	33181502	-0.253401361
Fvb3	33228703	33228802	0.297085807
Fvb3	33343603	33343702	-0.279411765
Fvb3	33379303	33379402	-0.219634703
Fvb3	33615603	33615702	-0.440087146
Fvb3	33624203	33624302	-0.256701632
Fvb3	33727803	33727902	-0.280051151
Fvb3	33788303	33788402	-0.226120858
Fvb3	33793603	33793702	-0.270532099
Fvb3	33794103	33794202	0.214782609
Fvb3	33845103	33845202	0.290447761
Fvb3	33937603	33937702	-0.208348359
Fvb3	34034403	34034502	-0.266917293
Fvb3	34072403	34072502	-0.390687361
Fvb3	34104003	34104102	0.204758128
Fvb3	34117203	34117302	-0.248051948
Fvb3	34162203	34162302	-0.352272727
Fvb3	34179903	34180002	-0.292640693
Fvb3	34187203	34187302	0.318229557
Fvb3	34193203	34193302	-0.327635328
Fvb3	34214603	34214702	-0.25
Fvb3	34236703	34236802	0.270573945
Fvb3	34691503	34691602	-0.295934959
Fvb3	34702703	34702802	-0.270588235
Fvb3	34719803	34719902	-0.206062903
Fvb3	34770103	34770202	-0.219736842
Fvb3	34938703	34938802	0.230075188
Fvb3	35001603	35001702	-0.245821507
Fvb3	35058303	35058402	0.205807201
Fvb3	35076903	35077002	-0.341218925
Fvb3	35268003	35268102	0.213233518
Fvb3	35384503	35384602	0.252055197
Fvb3	35625903	35626002	-0.281412046
Fvb3	35664603	35664702	0.252003205
Fvb3	35711503	35711602	-0.216915995
Fvb3	35869203	35869302	0.248946629
Fvb3	36120403	36120502	-0.433908046
Fvb3	36130103	36130202	-0.355502008
Fvb3	36149503	36149602	-0.213084112
Fvb3	36342803	36342902	0.2105919
Fvb3	36351403	36351502	0.293756968
Fvb3	36618703	36618802	-0.217213496
Fvb3	36656903	36657002	-0.209492635
Fvb3	36734003	36734102	0.330065359
Fvb3	36933803	36933902	-0.245989305
Fvb3	37194403	37194502	-0.224140923
Fvb3	37238003	37238102	0.203120334
Fvb3	37262503	37262602	0.337606838
Fvb3	37356003	37356102	0.265512266
Fvb3	37478003	37478102	0.255317147
Fvb3	37507103	37507202	-0.218095238
Fvb3	37582003	37582102	-0.304249548
Fvb3	37600503	37600602	-0.380851064
Fvb3	37603003	37603102	0.25
Fvb3	37711603	37711702	0.203571429
Fvb3	37713803	37713902	-0.248478702
Fvb3	37936903	37937002	0.2
Fvb3	37937103	37937202	0.387908208
Fvb3	38032003	38032102	-0.266397125
Fvb3	38112303	38112402	-0.306451613
Fvb3	38244903	38245002	-0.232330643
Fvb4	367103	367202	-0.284210526
Fvb4	476403	476502	0.327083333
Fvb4	628303	628402	-0.215384615
Fvb4	636203	636302	-0.20969697
Fvb4	756303	756402	0.239010989
Fvb4	973003	973102	-0.248909091
Fvb4	1333603	1333702	0.354226804
Fvb4	1682003	1682102	-0.225183211
Fvb4	1983203	1983302	-0.22127023
Fvb4	2136503	2136602	0.315068493
Fvb4	2146103	2146202	0.354497354
Fvb4	2192003	2192102	-0.351507767
Fvb4	2293503	2293602	0.218541549
Fvb4	2393303	2393402	-0.208064516
Fvb4	2774803	2774902	0.334302976
Fvb4	2815203	2815302	0.340909091
Fvb4	3039203	3039302	-0.213127413
Fvb4	3082203	3082302	-0.382142857
Fvb4	3187003	3187102	0.226785714
Fvb4	3627603	3627702	-0.292755138
Fvb4	3641903	3642002	0.295497186
Fvb4	3649703	3649802	-0.210526316
Fvb4	3746703	3746802	0.334158416
Fvb4	3937403	3937502	0.386421551
Fvb4	4104703	4104802	-0.310457516
Fvb4	4528603	4528702	-0.323863636
Fvb4	4625203	4625302	-0.340659341
Fvb4	4709903	4710002	-0.3625
Fvb4	4721703	4721802	0.30620155
Fvb4	4851303	4851402	0.34
Fvb4	4883903	4884002	-0.289685737
Fvb4	5083803	5083902	0.30320197
Fvb4	5129703	5129802	-0.262508122
Fvb4	5236503	5236602	-0.207983193
Fvb4	5469303	5469402	-0.324353448
Fvb4	5611903	5612002	-0.367804878
Fvb4	5706803	5706902	0.230769231
Fvb4	5734203	5734302	0.240495392
Fvb4	5738803	5738902	-0.204878049
Fvb4	5906903	5907002	-0.210475078
Fvb4	5981203	5981302	-0.200459653
Fvb4	6000603	6000702	-0.204464739
Fvb4	6254703	6254802	-0.38961039
Fvb4	6258003	6258102	-0.319093287
Fvb4	6293003	6293102	-0.286115007
Fvb4	6543903	6544002	-0.304945055
Fvb4	6671703	6671802	-0.337349398
Fvb4	6680103	6680202	0.212121212
Fvb4	6685803	6685902	0.312047101
Fvb4	6820203	6820302	0.215686275
Fvb4	7001403	7001502	-0.340740741
Fvb4	7147403	7147502	0.283333333
Fvb4	7186303	7186402	-0.20137931
Fvb4	7741103	7741202	0.379537954
Fvb4	7896503	7896602	-0.20969697
Fvb4	8405203	8405302	-0.332374101
Fvb4	8423803	8423902	-0.230382775
Fvb4	8630203	8630302	-0.223058502
Fvb4	8640903	8641002	-0.203824627
Fvb4	9027703	9027802	0.222953409
Fvb4	9271903	9272002	0.221413502
Fvb4	9483203	9483302	-0.391080617
Fvb4	9500503	9500602	-0.305964912
Fvb4	9641403	9641502	-0.235934664
Fvb4	9943903	9944002	-0.348985507
Fvb4	10594703	10594802	0.268857356
Fvb4	10678003	10678102	-0.211161388
Fvb4	10803703	10803802	0.260816255
Fvb4	11011503	11011602	0.273203849
Fvb4	11076503	11076602	-0.305855856
Fvb4	11389803	11389902	0.332681018
Fvb4	11575103	11575202	-0.275601639
Fvb4	11670403	11670502	0.246198087
Fvb4	11762203	11762302	0.235714286
Fvb4	11818303	11818402	-0.210526316
Fvb4	12268903	12269002	-0.224468989
Fvb4	12512703	12512802	-0.202470294
Fvb4	12734503	12734602	-0.289325843
Fvb4	12772103	12772202	-0.201401773
Fvb4	12979003	12979102	0.243396226
Fvb4	13095003	13095102	-0.238302934
Fvb4	13168903	13169002	0.312354312
Fvb4	13388803	13388902	-0.254945055
Fvb4	13661303	13661402	-0.28
Fvb4	13744203	13744302	-0.284539474
Fvb4	13998103	13998202	-0.283783784
Fvb4	14190303	14190402	0.360294118
Fvb4	14199803	14199902	-0.255609756
Fvb4	14359403	14359502	0.252128211
Fvb4	14399803	14399902	0.203715776
Fvb4	14476103	14476202	-0.299084298
Fvb4	14657503	14657602	-0.287088312
Fvb4	14657603	14657702	-0.235604462
Fvb4	14687803	14687902	-0.212550607
Fvb4	15134703	15134802	-0.557575758
Fvb4	15214603	15214702	-0.312864186
Fvb4	15371403	15371502	-0.264705882
Fvb4	15492603	15492702	-0.237352737
Fvb4	15710803	15710902	0.258885942
Fvb4	15827303	15827402	-0.200589971
Fvb4	15858903	15859002	0.272727273
Fvb4	15903203	15903302	0.268656716
Fvb4	16020703	16020802	-0.283687943
Fvb4	16086903	16087002	0.270220588
Fvb4	16098403	16098502	-0.288571429
Fvb4	16286303	16286402	0.250956755
Fvb4	16422203	16422302	-0.214245014
Fvb4	16771203	16771302	-0.243697479
Fvb4	16803203	16803302	-0.304824561
Fvb4	16815303	16815402	0.327272727
Fvb4	16870003	16870102	-0.416666667
Fvb4	16905103	16905202	-0.321428571
Fvb4	16910203	16910302	-0.209162663
Fvb4	16919703	16919802	-0.324183007
Fvb4	16938803	16938902	-0.377142857
Fvb4	16940703	16940802	0.286147903
Fvb4	16997503	16997602	0.204588255
Fvb4	17011603	17011702	-0.227272727
Fvb4	17036703	17036802	-0.266726944
Fvb4	17036803	17036902	-0.343076923
Fvb4	17184803	17184902	0.319587629
Fvb4	17337703	17337802	-0.380782313
Fvb4	17502503	17502602	0.293517145
Fvb4	17545703	17545802	-0.201923077
Fvb4	17677703	17677802	-0.210488194
Fvb4	17697603	17697702	-0.375681405
Fvb4	17697703	17697802	-0.414893617
Fvb4	17732803	17732902	0.278431373
Fvb4	17860503	17860602	-0.214175485
Fvb4	18007103	18007202	-0.31834083
Fvb4	18044403	18044502	-0.230718523
Fvb4	18305503	18305602	-0.218428216
Fvb4	18305603	18305702	-0.295293283
Fvb4	18305703	18305802	-0.279299014
Fvb4	18406603	18406702	0.233913043
Fvb4	18631003	18631102	-0.387012987
Fvb4	18671403	18671502	-0.203125
Fvb4	18822503	18822602	0.304278075
Fvb4	18892503	18892602	-0.210526316
Fvb4	19405403	19405502	0.233125
Fvb4	19496903	19497002	-0.27505618
Fvb4	19638003	19638102	-0.207698608
Fvb4	19640303	19640402	-0.211428571
Fvb4	19653603	19653702	0.311131957
Fvb4	19797103	19797202	-0.283828383
Fvb4	20041703	20041802	-0.362838915
Fvb4	20328103	20328202	-0.214824391
Fvb4	20606703	20606802	-0.377257525
Fvb4	20615403	20615502	-0.233825944
Fvb4	20757503	20757602	-0.301587302
Fvb4	20965503	20965602	0.244129555
Fvb4	21069503	21069602	0.249009621
Fvb4	21267703	21267802	0.477987421
Fvb4	21571103	21571202	0.295774648
Fvb4	21639103	21639202	-0.232961222
Fvb4	21712303	21712402	-0.329410055
Fvb4	21817803	21817902	0.233082707
Fvb4	21896403	21896502	-0.281668311
Fvb4	21951703	21951802	-0.222222222
Fvb4	22088703	22088802	0.330680813
Fvb4	22119003	22119102	0.237510238
Fvb4	22126103	22126202	-0.294881398
Fvb4	22254903	22255002	0.263015551
Fvb4	22262303	22262402	-0.493589744
Fvb4	22346903	22347002	-0.217361111
Fvb4	22371903	22372002	-0.288235294
Fvb4	22438603	22438702	0.215135357
Fvb4	22497803	22497902	0.216304076
Fvb4	22677903	22678002	0.325156325
Fvb4	22692703	22692802	0.369090909
Fvb4	22796903	22797002	-0.242424242
Fvb4	22807903	22808002	-0.308815858
Fvb4	22810103	22810202	0.246157923
Fvb4	22832803	22832902	0.410377358
Fvb4	23039603	23039702	-0.246426529
Fvb4	23240203	23240302	-0.205128205
Fvb4	23261203	23261302	-0.231707317
Fvb4	23397903	23398002	-0.482667309
Fvb4	23409503	23409602	-0.347983871
Fvb4	23409603	23409702	-0.217040178
Fvb4	23853603	23853702	-0.238514174
Fvb4	23872303	23872402	-0.214917826
Fvb4	23883703	23883802	-0.233343444
Fvb4	23892403	23892502	-0.334670232
Fvb4	23892503	23892602	-0.457196845
Fvb4	24174003	24174102	0.272049689
Fvb4	24175103	24175202	0.340053763
Fvb4	24344303	24344402	-0.203697162
Fvb4	24523703	24523802	-0.417021277
Fvb4	24568903	24569002	0.268065268
Fvb4	24575603	24575702	0.374782609
Fvb4	24778703	24778802	-0.341880342
Fvb4	25316503	25316602	-0.223544974
Fvb4	25627503	25627602	0.341911765
Fvb4	25821603	25821702	-0.203895719
Fvb4	25990803	25990902	-0.21606307
Fvb4	26124603	26124702	0.294358974
Fvb4	26156703	26156802	0.203289083
Fvb4	26183803	26183902	0.282026144
Fvb4	26221103	26221202	0.217023173
Fvb4	26267203	26267302	-0.220368745
Fvb4	26287803	26287902	-0.254571312
Fvb4	26293703	26293802	0.209760274
Fvb4	26294503	26294602	-0.251879699
Fvb4	26296603	26296702	-0.262733447
Fvb4	26302203	26302302	-0.355555556
Fvb4	26388803	26388902	-0.341555977
Fvb4	26427003	26427102	0.258130081
Fvb4	26529403	26529502	-0.282720178
Fvb4	26652203	26652302	-0.213939394
Fvb4	26799203	26799302	0.29652391
Fvb4	27209003	27209102	-0.305232558
Fvb4	27403803	27403902	-0.266119221
Fvb4	27403903	27404002	-0.219509451
Fvb4	27507703	27507802	0.232894212
Fvb4	27813003	27813102	0.340583554
Fvb4	27930303	27930402	-0.331675708
Fvb4	27991103	27991202	-0.250870406
Fvb4	28075503	28075602	-0.344224924
Fvb4	28181203	28181302	0.335061827
Fvb4	28471603	28471702	-0.221316614
Fvb4	28683603	28683702	-0.225225225
Fvb4	28724503	28724602	0.450046253
Fvb4	28846603	28846702	-0.246153846
Fvb4	28974403	28974502	-0.2060459
Fvb4	29189903	29190002	0.322478992
Fvb4	29422903	29423002	-0.205811512
Fvb4	29534203	29534302	-0.342307692
Fvb4	29608103	29608202	0.263398693
Fvb4	29709703	29709802	-0.220143684
Fvb4	29811003	29811102	-0.322580645
Fvb4	30013603	30013702	0.270588235
Fvb4	30232203	30232302	-0.314414414
Fvb4	30233303	30233402	0.335686778
Fvb4	30329803	30329902	-0.399305556
Fvb4	30336303	30336402	-0.294871795
Fvb4	30423003	30423102	0.203640056
Fvb4	30467103	30467202	0.223577236
Fvb4	30637703	30637802	-0.233697508
Fvb4	30668403	30668502	0.265151515
Fvb4	30702303	30702402	-0.264808362
Fvb4	30744903	30745002	0.262894828
Fvb4	30761303	30761402	0.214285714
Fvb4	30921003	30921102	0.273568075
Fvb4	31015003	31015102	-0.205426357
Fvb4	31053603	31053702	-0.204761905
Fvb4	31130603	31130702	-0.209507883
Fvb4	31166003	31166102	-0.244937695
Fvb4	31229303	31229402	-0.328063241
Fvb4	31257903	31258002	0.217165899
Fvb4	31322803	31322902	0.389207807
Fvb4	31413003	31413102	-0.239732806
Fvb4	31441803	31441902	-0.300273598
Fvb4	31519603	31519702	0.336858805
Fvb4	31522703	31522802	-0.216720779
Fvb4	31655103	31655202	0.211901306
Fvb4	31823903	31824002	-0.287414966
Fvb4	31830703	31830802	0.241925065
Fvb4	31985403	31985502	-0.335664336
Fvb4	32040103	32040202	0.269117647
Fvb4	32234903	32235002	0.356521739
Fvb4	32283603	32283702	-0.336940837
Fvb4	32339703	32339802	0.245320197
Fvb4	32367603	32367702	-0.435739437
Fvb4	32452403	32452502	-0.234511435
Fvb4	32560103	32560202	0.333986928
Fvb4	32614503	32614602	-0.39757085
Fvb4	32619803	32619902	0.244615385
Fvb4	32924603	32924702	0.2
Fvb4	32988503	32988602	0.228896104
Fvb4	33076403	33076502	0.233611135
Fvb4	33157303	33157402	-0.250124938
Fvb4	33171903	33172002	0.200038767
Fvb4	33353703	33353802	-0.289173789
Fvb4	33382603	33382702	-0.301772764
Fvb4	33486803	33486902	0.21875
Fvb4	33554303	33554402	0.419924338
Fvb4	33620903	33621002	-0.272
Fvb5	42603	42702	-0.248598131
Fvb5	714903	715002	-0.23538961
Fvb5	759503	759602	0.23015873
Fvb5	790803	790902	0.353726363
Fvb5	971103	971202	-0.224162208
Fvb5	1094703	1094802	-0.219262295
Fvb5	1101503	1101602	0.239024982
Fvb5	1123903	1124002	-0.27003367
Fvb5	1129903	1130002	-0.448275862
Fvb5	1169503	1169602	-0.297787862
Fvb5	1583203	1583302	-0.213560432
Fvb5	1737403	1737502	-0.214953271
Fvb5	1843903	1844002	0.205555556
Fvb5	1888103	1888202	0.274250725
Fvb5	1956303	1956402	-0.213963964
Fvb5	1977703	1977802	-0.210844893
Fvb5	2231203	2231302	0.219047619
Fvb5	2264303	2264402	-0.286829268
Fvb5	2332903	2333002	-0.218694097
Fvb5	2653003	2653102	-0.352643678
Fvb5	2671503	2671602	0.226455479
Fvb5	2736803	2736902	-0.321428571
Fvb5	2789803	2789902	-0.32745098
Fvb5	2899303	2899402	0.290213178
Fvb5	3148903	3149002	-0.220670996
Fvb5	3241503	3241602	-0.220328283
Fvb5	3297603	3297702	0.305882353
Fvb5	3353803	3353902	-0.215181772
Fvb5	3354503	3354602	0.273417722
Fvb5	3500803	3500902	-0.299846626
Fvb5	3568403	3568502	-0.221558768
Fvb5	3770403	3770502	-0.301649647
Fvb5	3841003	3841102	-0.396
Fvb5	4159003	4159102	-0.212121212
Fvb5	4221003	4221102	-0.217738258
Fvb5	4327803	4327902	0.274356103
Fvb5	4527503	4527602	0.27173913
Fvb5	4612403	4612502	0.285823171
Fvb5	4621203	4621302	-0.319852941
Fvb5	4637703	4637802	0.290681306
Fvb5	4815503	4815602	0.209715923
Fvb5	4825103	4825202	0.279503106
Fvb5	4871303	4871402	0.204524887
Fvb5	4881303	4881402	0.241636142
Fvb5	4896103	4896202	-0.212987013
Fvb5	4949403	4949502	-0.2859375
Fvb5	4974503	4974602	0.317368421
Fvb5	5053903	5054002	-0.204365079
Fvb5	5101403	5101502	-0.330769231
Fvb5	5377403	5377502	-0.238372093
Fvb5	5508803	5508902	-0.270329191
Fvb5	5602703	5602802	0.273333333
Fvb5	5793803	5793902	-0.323496966
Fvb5	5807203	5807302	0.359504132
Fvb5	5897903	5898002	0.209126467
Fvb5	6032403	6032502	0.309294872
Fvb5	6081303	6081402	-0.291666667
Fvb5	6081403	6081502	-0.228928081
Fvb5	6081603	6081702	-0.224297573
Fvb5	6162503	6162602	-0.203124572
Fvb5	6220803	6220902	0.2566313
Fvb5	6253803	6253902	-0.25
Fvb5	6395203	6395302	0.297743056
Fvb5	6398603	6398702	-0.41
Fvb5	6480803	6480902	-0.28697479
Fvb5	6500803	6500902	0.201765448
Fvb5	6716103	6716202	-0.23989899
Fvb5	6748803	6748902	0.333
Fvb5	6754603	6754702	0.259652292
Fvb5	6813003	6813102	0.30064006
Fvb5	6818603	6818702	-0.321969697
Fvb5	6836303	6836402	-0.272222222
Fvb5	6911403	6911502	-0.207792208
Fvb5	6948003	6948102	-0.207175926
Fvb5	7047303	7047402	0.221504962
Fvb5	7144803	7144902	-0.330514074
Fvb5	7175403	7175502	-0.337662338
Fvb5	7258803	7258902	0.227454699
Fvb5	7354403	7354502	-0.400530504
Fvb5	7376203	7376302	-0.374329502
Fvb5	7543403	7543502	-0.315
Fvb5	7543503	7543602	-0.284785933
Fvb5	7548903	7549002	0.307692308
Fvb5	7559003	7559102	0.37173913
Fvb5	7605603	7605702	-0.226950355
Fvb5	7648903	7649002	0.321682068
Fvb5	7652903	7653002	-0.213430716
Fvb5	7682703	7682802	0.326530612
Fvb5	7787103	7787202	0.227463312
Fvb5	7796103	7796202	0.253872054
Fvb5	7818203	7818302	-0.208477237
Fvb5	7845203	7845302	0.368421053
Fvb5	7938503	7938602	0.442559046
Fvb5	7969803	7969902	-0.369090909
Fvb5	7983603	7983702	0.45952381
Fvb5	8089003	8089102	-0.283913401
Fvb5	8103303	8103402	-0.257142857
Fvb5	8250203	8250302	-0.226785714
Fvb5	8420503	8420602	-0.314363144
Fvb5	8426803	8426902	0.241226732
Fvb5	8456903	8457002	-0.282636934
Fvb5	8507403	8507502	-0.338942308
Fvb5	8572403	8572502	-0.415816327
Fvb5	8585203	8585302	-0.359946237
Fvb5	8692503	8692602	-0.23552806
Fvb5	8830203	8830302	0.267316017
Fvb5	8840403	8840502	0.288135593
Fvb5	8841103	8841202	-0.251708704
Fvb5	8873303	8873402	-0.242548435
Fvb5	8889503	8889602	-0.21748366
Fvb5	8891603	8891702	-0.244990893
Fvb5	8896103	8896202	-0.27583047
Fvb5	8988703	8988802	0.244047619
Fvb5	9068503	9068602	-0.337145969
Fvb5	9073203	9073302	-0.27991453
Fvb5	9120303	9120402	-0.217349629
Fvb5	9133003	9133102	-0.253540373
Fvb5	9139203	9139302	-0.2591857
Fvb5	9221603	9221702	-0.405660377
Fvb5	9246903	9247002	-0.236114067
Fvb5	9257003	9257102	0.231372549
Fvb5	9295703	9295802	0.221212121
Fvb5	9305303	9305402	-0.208155524
Fvb5	9314103	9314202	-0.455555556
Fvb5	9353403	9353502	-0.31826087
Fvb5	9465103	9465202	-0.356060606
Fvb5	9601603	9601702	-0.234816248
Fvb5	9618003	9618102	-0.216750032
Fvb5	9642703	9642802	-0.273504274
Fvb5	9819203	9819302	-0.260465116
Fvb5	9893903	9894002	-0.251984127
Fvb5	9969903	9970002	-0.23070761
Fvb5	10159203	10159302	0.247644928
Fvb5	10318603	10318702	0.324183007
Fvb5	10401003	10401102	-0.243178049
Fvb5	10430503	10430602	-0.231481481
Fvb5	11188803	11188902	-0.250874563
Fvb5	11266303	11266402	0.272309533
Fvb5	11307503	11307602	-0.236270335
Fvb5	11485603	11485702	-0.310119048
Fvb5	11513203	11513302	0.370689655
Fvb5	11521503	11521602	-0.420454545
Fvb5	11619303	11619402	0.364171123
Fvb5	11619803	11619902	0.298272358
Fvb5	11705903	11706002	-0.307894737
Fvb5	11752203	11752302	-0.347980042
Fvb5	11821403	11821502	0.222686567
Fvb5	11870003	11870102	0.396825397
Fvb5	12156603	12156702	0.237090042
Fvb5	12471503	12471602	0.246108664
Fvb5	12695003	12695102	-0.205396698
Fvb5	12813703	12813802	0.230564944
Fvb5	13015403	13015502	0.302727273
Fvb5	13021403	13021502	-0.319923372
Fvb5	13091603	13091702	0.278246553
Fvb5	13303003	13303102	-0.223290598
Fvb5	13473803	13473902	-0.225318018
Fvb5	13527303	13527402	-0.225885226
Fvb5	13537203	13537302	-0.429951691
Fvb5	13654303	13654402	-0.315403057
Fvb5	13665903	13666002	-0.210526316
Fvb5	13890303	13890402	-0.320556946
Fvb5	13919503	13919602	-0.271939528
Fvb5	14041403	14041502	0.245793269
Fvb5	14110503	14110602	0.288235294
Fvb5	14114903	14115002	-0.213358221
Fvb5	14115803	14115902	-0.248179041
Fvb5	14260103	14260202	-0.261111111
Fvb5	14295903	14296002	0.455555556
Fvb5	14437003	14437102	0.377429467
Fvb5	14494703	14494802	-0.209019461
Fvb5	14751103	14751202	-0.216496516
Fvb5	14912003	14912102	0.214742015
Fvb5	14976603	14976702	-0.3125
Fvb5	15046603	15046702	-0.270167127
Fvb5	15046703	15046802	-0.286111111
Fvb5	15195703	15195802	-0.20527307
Fvb5	15221703	15221802	0.207889126
Fvb5	15321503	15321602	-0.297115385
Fvb5	15365103	15365202	0.217687075
Fvb5	15773603	15773702	-0.313380282
Fvb5	15821003	15821102	0.271883289
Fvb5	15860403	15860502	0.221736159
Fvb5	15943203	15943302	-0.267857143
Fvb5	16073003	16073102	-0.28250591
Fvb5	16095403	16095502	0.210554466
Fvb5	16280103	16280202	0.219227478
Fvb5	16287903	16288002	0.222946545
Fvb5	16411503	16411602	-0.248973607
Fvb5	16411603	16411702	-0.27246604
Fvb5	16411703	16411802	-0.22157733
Fvb5	16441503	16441602	-0.523087852
Fvb5	16541903	16542002	0.208008658
Fvb5	16611703	16611802	0.219373219
Fvb5	16693203	16693302	-0.204040404
Fvb5	16708903	16709002	-0.322077922
Fvb5	16783003	16783102	0.214377407
Fvb5	16795103	16795202	0.360894156
Fvb5	16796303	16796402	0.220205479
Fvb5	16808403	16808502	0.270353982
Fvb5	16812403	16812502	0.246452577
Fvb5	16863303	16863402	-0.201257862
Fvb5	17449503	17449602	0.251058914
Fvb5	17517103	17517202	-0.216658376
Fvb5	17578503	17578602	0.279434851
Fvb5	17640203	17640302	-0.222222222
Fvb5	17665203	17665302	-0.320138889
Fvb5	17827903	17828002	-0.270152311
Fvb5	18016003	18016102	0.310204082
Fvb5	18016303	18016402	0.3114241
Fvb5	18105903	18106002	-0.308203991
Fvb5	18170403	18170502	-0.27008547
Fvb5	18175803	18175902	0.40296496
Fvb5	18203103	18203202	0.358888889
Fvb5	18340103	18340202	-0.265753425
Fvb5	18369503	18369602	-0.398444252
Fvb5	18389103	18389202	0.318635764
Fvb5	18572603	18572702	0.265862069
Fvb5	18605503	18605602	0.248930481
Fvb5	18735203	18735302	0.350961538
Fvb5	18736903	18737002	0.297727273
Fvb5	18795803	18795902	0.347147147
Fvb5	19125903	19126002	-0.368159204
Fvb5	19198603	19198702	0.305476673
Fvb5	19332303	19332402	-0.302083333
Fvb5	19341903	19342002	-0.231707317
Fvb5	19486603	19486702	-0.227783453
Fvb5	19500003	19500102	-0.403846154
Fvb5	19618603	19618702	-0.300058548
Fvb5	19910603	19910702	-0.216227928
Fvb5	20173903	20174002	0.235423889
Fvb5	20236303	20236402	-0.468475877
Fvb5	20538403	20538502	-0.20751634
Fvb5	20666303	20666402	0.232298137
Fvb5	20781103	20781202	0.221359101
Fvb5	20947603	20947702	-0.215384615
Fvb5	21244503	21244602	-0.256426202
Fvb5	21262303	21262402	0.338550725
Fvb5	21516303	21516402	-0.241201456
Fvb5	21731903	21732002	0.251388889
Fvb5	21819203	21819302	-0.237942808
Fvb5	21928503	21928602	0.265686671
Fvb5	21976903	21977002	0.239319965
Fvb5	21986003	21986102	-0.23879027
Fvb5	22070503	22070602	0.244553377
Fvb5	22086303	22086402	-0.243818681
Fvb5	22320803	22320902	-0.229881751
Fvb5	22528703	22528802	-0.274376417
Fvb5	22609703	22609802	-0.249425287
Fvb5	22650003	22650102	-0.280392157
Fvb5	22788303	22788402	-0.206377723
Fvb5	22942403	22942502	-0.239139785
Fvb5	23602503	23602602	0.260197221
Fvb5	23945403	23945502	0.236462991
Fvb5	24133503	24133602	0.364649012
Fvb5	24172403	24172502	-0.3875
Fvb5	24188703	24188802	0.349968613
Fvb5	24207803	24207902	-0.238135883
Fvb5	24280903	24281002	0.270714738
Fvb5	24343303	24343402	-0.311051693
Fvb5	24434203	24434302	-0.219248826
Fvb5	24473103	24473202	0.249721293
Fvb5	24530803	24530902	0.257051282
Fvb5	24542103	24542202	-0.454939759
Fvb5	24573403	24573502	-0.24
Fvb5	24623803	24623902	-0.314285714
Fvb5	24639903	24640002	-0.218101823
Fvb5	24665403	24665502	-0.202656173
Fvb5	24671203	24671302	0.24137931
Fvb5	24837003	24837102	-0.237037037
Fvb5	24991003	24991102	-0.447058824
Fvb5	25155803	25155902	0.249223417
Fvb5	25321103	25321202	-0.277146368
Fvb5	25354703	25354802	0.317105263
Fvb5	25409603	25409702	0.294539353
Fvb5	25409703	25409802	0.341396372
Fvb5	25483103	25483202	-0.262544803
Fvb5	25563403	25563502	0.259782609
Fvb5	25587803	25587902	-0.248005319
Fvb5	25676603	25676702	-0.280284591
Fvb5	25676703	25676802	-0.363090773
Fvb5	25676803	25676902	-0.259012539
Fvb5	25684103	25684202	-0.532212885
Fvb5	25689003	25689102	-0.350513617
Fvb5	25697903	25698002	0.27945432
Fvb5	25825803	25825902	0.269095698
Fvb5	25992203	25992302	0.212433257
Fvb5	26178903	26179002	-0.296503497
Fvb5	26383003	26383102	-0.23172988
Fvb5	26827203	26827302	0.238095238
Fvb5	27000503	27000602	-0.278225806
Fvb5	27137303	27137402	-0.238095238
Fvb5	27189603	27189702	-0.21340388
Fvb5	27204303	27204402	-0.237446809
Fvb5	27404303	27404402	-0.352226721
Fvb5	27524303	27524402	-0.260416667
Fvb5	27585403	27585502	-0.219373219
Fvb5	27747303	27747402	-0.287006579
Fvb5	27846303	27846402	-0.217641844
Fvb5	27882103	27882202	0.215654521
Fvb5	28042303	28042402	-0.381114551
Fvb5	28102003	28102102	0.311845286
Fvb5	28134903	28135002	-0.229280397
Fvb5	28153103	28153202	-0.27245283
Fvb5	28216303	28216402	-0.229203367
Fvb5	28311303	28311402	-0.239253064
Fvb5	28429903	28430002	-0.388888889
Fvb5	28751203	28751302	-0.222222222
Fvb5	28755303	28755402	0.222972973
Fvb5	28800003	28800102	0.344868035
Fvb5	28844903	28845002	-0.252033681
Fvb5	28890503	28890602	-0.293859649
Fvb5	29074403	29074502	0.276521739
Fvb5	29168403	29168502	0.317829457
Fvb5	29185403	29185502	0.283333333
Fvb5	29274503	29274602	-0.233944954
Fvb5	29351003	29351102	-0.209035213
Fvb6	151603	151702	0.254237288
Fvb6	212203	212302	-0.281578947
Fvb6	319103	319202	0.25974026
Fvb6	337903	338002	0.334248158
Fvb6	338503	338602	0.447431782
Fvb6	408403	408502	0.318681319
Fvb6	471503	471602	0.278846154
Fvb6	502003	502102	-0.236994949
Fvb6	736703	736802	-0.280357143
Fvb6	918203	918302	0.227567334
Fvb6	982403	982502	0.336911966
Fvb6	983203	983302	0.248412698
Fvb6	1103503	1103602	-0.408333333
Fvb6	1103603	1103702	-0.311188811
Fvb6	1108103	1108202	-0.265294118
Fvb6	1123903	1124002	0.326963025
Fvb6	1157403	1157502	-0.241840556
Fvb6	1228103	1228202	-0.288738739
Fvb6	1323103	1323202	-0.268762677
Fvb6	1384003	1384102	-0.307692308
Fvb6	1384303	1384402	-0.373511905
Fvb6	1458903	1459002	0.251513019
Fvb6	1567503	1567602	-0.230341762
Fvb6	1598203	1598302	0.242105263
Fvb6	1616603	1616702	-0.282051282
Fvb6	1708103	1708202	-0.297448166
Fvb6	1746903	1747002	-0.272457627
Fvb6	1823703	1823802	-0.244239631
Fvb6	1928403	1928502	-0.248196248
Fvb6	1977903	1978002	0.271072797
Fvb6	1984903	1985002	-0.203774486
Fvb6	2001803	2001902	-0.208689928
Fvb6	2011003	2011102	-0.258317025
Fvb6	2151703	2151802	-0.214225053
Fvb6	2218003	2218102	-0.253679654
Fvb6	2348903	2349002	0.392621871
Fvb6	2410603	2410702	0.213235294
Fvb6	2444003	2444102	0.217391304
Fvb6	2564703	2564802	0.287775996
Fvb6	2615903	2616002	0.305494505
Fvb6	2620403	2620502	-0.244107744
Fvb6	2628703	2628802	-0.259372349
Fvb6	2675403	2675502	0.258813161
Fvb6	2766303	2766402	-0.279009608
Fvb6	2943403	2943502	-0.281578947
Fvb6	2991503	2991602	0.32388664
Fvb6	3186103	3186202	0.210520297
Fvb6	3306003	3306102	-0.297752809
Fvb6	3344803	3344902	-0.229033157
Fvb6	3416803	3416902	-0.243330219
Fvb6	3520303	3520402	-0.358064516
Fvb6	3597403	3597502	0.237198068
Fvb6	3607503	3607602	-0.347011145
Fvb6	3628703	3628802	-0.220060332
Fvb6	3636003	3636102	0.202884587
Fvb6	4051403	4051502	-0.25
Fvb6	4180103	4180202	0.218253968
Fvb6	4213903	4214002	0.344716495
Fvb6	4318603	4318702	0.234367763
Fvb6	4457703	4457802	-0.278431373
Fvb6	4700903	4701002	-0.246515333
Fvb6	4725803	4725902	-0.268939394
Fvb6	4781003	4781102	0.293604651
Fvb6	4784303	4784402	0.263184584
Fvb6	4847203	4847302	-0.276936027
Fvb6	4921903	4922002	0.204109589
Fvb6	4932103	4932202	0.214471969
Fvb6	4951003	4951102	0.261251167
Fvb6	5046503	5046602	0.358169935
Fvb6	5116203	5116302	-0.300869565
Fvb6	5346703	5346802	-0.25
Fvb6	5407103	5407202	-0.376237624
Fvb6	5524203	5524302	-0.295321637
Fvb6	5598703	5598802	0.38600328
Fvb6	5599403	5599502	0.360714286
Fvb6	5611503	5611602	-0.212765957
Fvb6	5687003	5687102	0.239867354
Fvb6	5696003	5696102	0.235294118
Fvb6	5769203	5769302	0.543010753
Fvb6	5888903	5889002	-0.349137931
Fvb6	5897903	5898002	-0.349090909
Fvb6	5912203	5912302	-0.34222973
Fvb6	6005603	6005702	-0.349066214
Fvb6	6029003	6029102	-0.337732919
Fvb6	6230203	6230302	-0.32837109
Fvb6	6263003	6263102	-0.216666667
Fvb6	6364603	6364702	-0.262867647
Fvb6	6401703	6401802	0.435930736
Fvb6	6403203	6403302	0.476923077
Fvb6	6436203	6436302	0.319758335
Fvb6	6497003	6497102	-0.204591837
Fvb6	6635803	6635902	-0.307692308
Fvb6	6642803	6642902	0.251572327
Fvb6	6647603	6647702	-0.239495798
Fvb6	6748303	6748402	0.223225806
Fvb6	6908203	6908302	0.349542334
Fvb6	6922103	6922202	0.21106383
Fvb6	7105603	7105702	0.308190081
Fvb6	7394103	7394202	-0.287534247
Fvb6	7419203	7419302	0.295625943
Fvb6	7658703	7658802	-0.244738262
Fvb6	7665003	7665102	0.32
Fvb6	7822903	7823002	-0.228604119
Fvb6	7920303	7920402	0.383971292
Fvb6	7926803	7926902	-0.37009544
Fvb6	8112003	8112102	0.429541596
Fvb6	8275903	8276002	-0.218253968
Fvb6	8296803	8296902	0.256770567
Fvb6	8637303	8637402	-0.342948718
Fvb6	8644903	8645002	0.333333333
Fvb6	8711103	8711202	-0.2696567
Fvb6	8778403	8778502	-0.469827586
Fvb6	8920903	8921002	-0.345410628
Fvb6	9076503	9076602	-0.287878788
Fvb6	9090303	9090402	0.229591837
Fvb6	9185403	9185502	0.266571835
Fvb6	9412403	9412502	-0.37625
Fvb6	9600603	9600702	-0.2715311
Fvb6	9703803	9703902	-0.428301093
Fvb6	9721903	9722002	-0.216176471
Fvb6	9777403	9777502	-0.227984344
Fvb6	9823403	9823502	-0.234517766
Fvb6	9833103	9833202	-0.509578544
Fvb6	9877103	9877202	0.4
Fvb6	10132603	10132702	-0.220038603
Fvb6	10173603	10173702	-0.244283414
Fvb6	10208503	10208602	-0.213369963
Fvb6	10281103	10281202	-0.336538462
Fvb6	10369803	10369902	0.409379968
Fvb6	10424803	10424902	0.205458613
Fvb6	10583803	10583902	-0.238095238
Fvb6	10639303	10639402	-0.206096952
Fvb6	11146803	11146902	-0.357549858
Fvb6	11150803	11150902	-0.255059678
Fvb6	11332903	11333002	-0.217439703
Fvb6	11409503	11409602	-0.375342466
Fvb6	11409603	11409702	-0.335118538
Fvb6	11605503	11605602	-0.204044118
Fvb6	11668303	11668402	0.323095823
Fvb6	11677003	11677102	-0.283936652
Fvb6	11695403	11695502	-0.274390244
Fvb6	11702903	11703002	0.271345029
Fvb6	11840603	11840702	0.209929078
Fvb6	12013303	12013402	0.308443523
Fvb6	12026203	12026302	-0.329411765
Fvb6	12118103	12118202	0.250477679
Fvb6	12319503	12319602	-0.241558442
Fvb6	12330003	12330102	0.209302326
Fvb6	12350203	12350302	0.25501771
Fvb6	12358503	12358602	-0.343406593
Fvb6	12363003	12363102	-0.245448839
Fvb6	12598803	12598902	-0.246078431
Fvb6	12599503	12599602	0.225609756
Fvb6	12601703	12601802	0.294626594
Fvb6	12717003	12717102	0.235714286
Fvb6	12781103	12781202	-0.261678463
Fvb6	12961703	12961802	-0.302222222
Fvb6	13051403	13051502	-0.235151515
Fvb6	13135303	13135402	-0.216654385
Fvb6	13139003	13139102	0.208333333
Fvb6	13229803	13229902	-0.277777778
Fvb6	13320803	13320902	-0.288537549
Fvb6	13329503	13329602	-0.200223159
Fvb6	13338803	13338902	-0.287210757
Fvb6	13474703	13474802	0.4
Fvb6	13862303	13862402	-0.243734015
Fvb6	14104803	14104902	-0.407142857
Fvb6	14146403	14146502	-0.22515528
Fvb6	14253203	14253302	0.258039216
Fvb6	14365403	14365502	0.344622905
Fvb6	14630303	14630402	-0.35326087
Fvb6	14740003	14740102	0.375160051
Fvb6	14789303	14789402	-0.279797601
Fvb6	15065203	15065302	0.207366365
Fvb6	15245803	15245902	0.229824561
Fvb6	15529803	15529902	-0.304914371
Fvb6	15676103	15676202	0.469347396
Fvb6	15729703	15729802	-0.229096284
Fvb6	15964203	15964302	-0.376794258
Fvb6	15969103	15969202	-0.354567308
Fvb6	16236903	16237002	0.227287582
Fvb6	16247903	16248002	0.303760849
Fvb6	16248303	16248402	-0.303698435
Fvb6	16298103	16298202	-0.257703081
Fvb6	16355603	16355702	-0.267669173
Fvb6	16537903	16538002	-0.257004831
Fvb6	16783903	16784002	0.217297297
Fvb6	16784803	16784902	0.383512545
Fvb6	16927103	16927202	0.215801887
Fvb6	16937003	16937102	-0.239473684
Fvb6	17122303	17122402	-0.203703704
Fvb6	17142103	17142202	0.288888889
Fvb6	17165803	17165902	-0.275555556
Fvb6	17434703	17434802	-0.201787995
Fvb6	17456803	17456902	0.302745098
Fvb6	17567603	17567702	0.254787234
Fvb6	17600603	17600702	-0.262962963
Fvb6	17602403	17602502	-0.208142857
Fvb6	17651303	17651402	0.25
Fvb6	17741203	17741302	-0.251488095
Fvb6	17844503	17844602	-0.291666667
Fvb6	17863603	17863702	-0.25022686
Fvb6	17991703	17991802	-0.235507246
Fvb6	18074603	18074702	-0.204040404
Fvb6	18191603	18191702	0.366041366
Fvb6	18574603	18574702	-0.429064039
Fvb6	18581403	18581502	-0.342857143
Fvb6	18761003	18761102	-0.207296849
Fvb6	18789503	18789602	-0.247075505
Fvb6	18796503	18796602	-0.294005346
Fvb6	18962103	18962202	0.204675964
Fvb6	19053903	19054002	-0.203846154
Fvb6	19110503	19110602	0.277777778
Fvb6	19117603	19117702	0.243453355
Fvb6	19199003	19199102	-0.27972561
Fvb6	19222103	19222202	-0.447712418
Fvb6	19496903	19497002	-0.255822981
Fvb6	19764303	19764402	-0.210323575
Fvb6	19816803	19816902	-0.299647474
Fvb6	19893003	19893102	-0.285639413
Fvb6	19955403	19955502	-0.241804427
Fvb6	19970703	19970802	0.229166667
Fvb6	19994103	19994202	-0.362105263
Fvb6	20182603	20182702	0.235045917
Fvb6	20353203	20353302	0.255722326
Fvb6	20495003	20495102	-0.481927711
Fvb6	20498603	20498702	-0.325197002
Fvb6	20581403	20581502	-0.314285714
Fvb6	20776503	20776602	-0.314479638
Fvb6	20857603	20857702	-0.275678461
Fvb6	20955803	20955902	-0.343924192
Fvb6	20986903	20987002	-0.213235294
Fvb6	21231503	21231602	-0.305766526
Fvb6	21302203	21302302	-0.577142857
Fvb6	21488203	21488302	-0.25
Fvb6	21941303	21941402	-0.23676542
Fvb6	21961203	21961302	0.233981693
Fvb6	22267103	22267202	-0.325615973
Fvb6	22474803	22474902	-0.260869565
Fvb6	22604303	22604402	-0.276806802
Fvb6	22652303	22652402	0.224121375
Fvb6	22669003	22669102	-0.333333333
Fvb6	22896603	22896702	0.204129334
Fvb6	23001603	23001702	-0.305707075
Fvb6	23295603	23295702	0.278909613
Fvb6	23325003	23325102	0.528681743
Fvb6	23340103	23340202	0.376960784
Fvb6	23356203	23356302	-0.332285115
Fvb6	23412203	23412302	-0.320200125
Fvb6	23556803	23556902	-0.24
Fvb6	23582003	23582102	-0.241261722
Fvb6	23599003	23599102	-0.314879675
Fvb6	23642203	23642302	-0.221884498
Fvb6	23900103	23900202	-0.22161907
Fvb6	23958603	23958702	0.234504132
Fvb6	24072003	24072102	-0.272959184
Fvb6	24318903	24319002	0.244725738
Fvb6	24438303	24438402	-0.354166667
Fvb6	24584403	24584502	-0.292982456
Fvb6	24774503	24774602	0.20021333
Fvb6	24837103	24837202	-0.377407407
Fvb6	25011803	25011902	-0.243243243
Fvb6	25129003	25129102	0.256410256
Fvb6	25218403	25218502	-0.270377271
Fvb6	25237403	25237502	0.255749129
Fvb6	25256603	25256702	-0.423963134
Fvb6	25287703	25287802	-0.205823694
Fvb6	25293203	25293302	-0.202279202
Fvb6	25391303	25391402	0.280587833
Fvb6	25649603	25649702	-0.301075269
Fvb6	25827503	25827602	-0.416666667
Fvb6	25829703	25829802	-0.276785714
Fvb6	25911803	25911902	-0.224367089
Fvb6	26004203	26004302	-0.204980843
Fvb6	26010903	26011002	-0.3145917
Fvb6	26075303	26075402	-0.225225225
Fvb6	26174703	26174802	-0.314339981
Fvb6	26182503	26182602	0.257575758
Fvb6	26191703	26191802	-0.321324245
Fvb6	26213703	26213802	-0.241161616
Fvb6	26317603	26317702	-0.315754779
Fvb6	26411203	26411302	-0.313932981
Fvb6	26575103	26575202	-0.210526316
Fvb6	26725203	26725302	-0.291929382
Fvb6	26811603	26811702	0.299399199
Fvb6	26903703	26903802	-0.246938776
Fvb6	27000303	27000402	0.420168067
Fvb6	27108103	27108202	-0.259696122
Fvb6	27147403	27147502	0.263795344
Fvb6	27147503	27147602	0.258796532
Fvb6	27178703	27178802	-0.21413802
Fvb6	27178903	27179002	-0.292567897
Fvb6	27179103	27179202	-0.269678593
Fvb6	27278003	27278102	0.260182584
Fvb6	27347303	27347402	-0.256867233
Fvb6	27490003	27490102	-0.230497498
Fvb6	27701803	27701902	0.240310078
Fvb6	27755903	27756002	-0.243316544
Fvb6	27758103	27758202	0.266233766
Fvb6	27806403	27806502	0.239869861
Fvb6	27807203	27807302	0.353365385
Fvb6	27818703	27818802	-0.210442118
Fvb6	27861003	27861102	-0.23193965
Fvb6	28037703	28037802	-0.276364274
Fvb6	28089503	28089602	0.214285714
Fvb6	28177703	28177802	0.273529412
Fvb6	28222403	28222502	-0.24742268
Fvb6	28265403	28265502	0.371228448
Fvb6	28371603	28371702	-0.302484302
Fvb6	28432103	28432202	-0.234593186
Fvb6	28498503	28498602	-0.261382114
Fvb6	29027303	29027402	0.264285714
Fvb6	29121503	29121602	0.213903743
Fvb6	29121803	29121902	-0.310568295
Fvb6	29166803	29166902	-0.278050491
Fvb6	29531703	29531802	-0.25
Fvb6	29613403	29613502	-0.281686047
Fvb6	29683803	29683902	0.230617867
Fvb6	29688503	29688602	-0.5
Fvb6	29873703	29873802	-0.230528093
Fvb6	30205803	30205902	0.212474012
Fvb6	30242703	30242802	-0.231060606
Fvb6	30275403	30275502	-0.491525424
Fvb6	30320803	30320902	-0.262105263
Fvb6	30397203	30397302	0.233997155
Fvb6	30530103	30530202	-0.36
Fvb6	30599203	30599302	-0.215079365
Fvb6	30607503	30607602	-0.27755102
Fvb6	30618503	30618602	-0.259103641
Fvb6	30721303	30721402	-0.416666667
Fvb6	30914903	30915002	-0.289285714
Fvb6	31032103	31032202	-0.21075388
Fvb6	31156803	31156902	-0.322245322
Fvb6	31216803	31216902	-0.316430818
Fvb6	31303003	31303102	-0.211125338
Fvb6	31303503	31303602	-0.331202046
Fvb6	31314203	31314302	-0.342617153
Fvb6	31527803	31527902	0.385714286
Fvb6	31528703	31528802	-0.282591725
Fvb6	31589203	31589302	-0.266682113
Fvb6	31715803	31715902	0.311767333
Fvb6	31742003	31742102	0.278846154
Fvb6	31742203	31742302	0.218530978
Fvb6	32007303	32007402	0.267857143
Fvb6	32018803	32018902	0.362204724
Fvb6	32124003	32124102	-0.20396793
Fvb6	32139303	32139402	-0.388607167
Fvb6	32243003	32243102	-0.226370953
Fvb6	32364903	32365002	0.321821822
Fvb6	32582103	32582202	0.274107143
Fvb6	32887203	32887302	-0.26478376
Fvb6	32891403	32891502	0.267857143
Fvb6	32921903	32922002	-0.214455307
Fvb6	33024703	33024802	0.367063492
Fvb6	33098503	33098602	0.297744361
Fvb6	33151803	33151902	-0.323205965
Fvb6	33161503	33161602	-0.240701754
Fvb6	33209803	33209902	-0.29756871
Fvb6	33226103	33226202	0.38005191
Fvb6	33263703	33263802	0.406644518
Fvb6	33331003	33331102	-0.231501832
Fvb6	33337803	33337902	-0.265625
Fvb6	33414503	33414602	-0.23
Fvb6	33476203	33476302	0.278696742
Fvb6	33617803	33617902	0.322608323
Fvb6	33685903	33686002	0.251844844
Fvb6	33745303	33745402	0.283173348
Fvb6	33789803	33789902	-0.372461274
Fvb6	33903303	33903402	0.366500829
Fvb6	34061003	34061102	0.339593759
Fvb6	34139403	34139502	-0.359354839
Fvb6	34150703	34150802	-0.244579946
Fvb6	34279003	34279102	0.211870027
Fvb6	34368303	34368402	-0.391891892
Fvb6	34472003	34472102	0.203290247
Fvb6	34503603	34503702	-0.23015873
Fvb6	34505903	34506002	-0.441269841
Fvb6	34506003	34506102	-0.292929293
Fvb6	34537003	34537102	0.354954955
Fvb6	34573503	34573602	0.269850321
Fvb6	34603303	34603402	-0.200413223
Fvb6	34674303	34674402	-0.279888786
Fvb6	34776203	34776302	-0.255081301
Fvb6	34894203	34894302	0.340086207
Fvb6	34933203	34933302	-0.316875653
Fvb6	34993603	34993702	-0.385237614
Fvb6	34993703	34993802	-0.362803075
Fvb6	35011403	35011502	0.29533239
Fvb6	35054603	35054702	0.231372549
Fvb6	35235403	35235502	0.341091954
Fvb6	35269203	35269302	-0.239448052
Fvb6	35342103	35342202	-0.260162602
Fvb6	35372703	35372802	0.322222222
Fvb6	35413803	35413902	0.527412281
Fvb6	35424603	35424702	-0.285714286
Fvb6	35548303	35548402	0.207769424
Fvb6	35570803	35570902	0.434086629
Fvb6	35645103	35645202	-0.245401174
Fvb6	35681503	35681602	-0.238170764
Fvb6	35707703	35707802	0.338978766
Fvb6	35808503	35808602	-0.358790057
Fvb6	35884503	35884602	-0.235857878
Fvb6	35998103	35998202	-0.289981618
Fvb6	36003103	36003202	-0.366807611
Fvb6	36125003	36125102	-0.225843122
Fvb6	36450903	36451002	0.209150327
Fvb6	36505903	36506002	-0.303872054
Fvb6	36601703	36601802	0.279069767
Fvb6	36670703	36670802	0.293939394
Fvb6	36694003	36694102	0.203838745
Fvb6	36748503	36748602	-0.219726672
Fvb6	36920803	36920902	0.495762712
Fvb6	37077403	37077502	0.259748687
Fvb6	37134903	37135002	0.320754717
Fvb6	37205003	37205102	-0.213773314
Fvb6	37318003	37318102	-0.330357143
Fvb6	37336303	37336402	-0.294017094
Fvb6	37350603	37350702	-0.266055046
Fvb6	37360503	37360602	-0.203079179
Fvb6	37403303	37403402	0.276105651
Fvb6	37437703	37437802	-0.281996326
Fvb6	37491403	37491502	-0.206222829
Fvb6	37598303	37598402	-0.261363636
Fvb6	37604103	37604202	-0.384716733
Fvb6	37758603	37758702	0.332692308
Fvb6	37799003	37799102	-0.226666667
Fvb6	37935603	37935702	-0.292857143
Fvb6	38080803	38080902	0.247882682
Fvb6	38327003	38327102	-0.208584842
Fvb6	38376503	38376602	-0.231633407
Fvb6	38481903	38482002	0.220238095
Fvb6	38482003	38482102	0.22549149
Fvb6	38574103	38574202	-0.400221729
Fvb6	38589003	38589102	0.227931489
Fvb6	38619403	38619502	-0.431372549
Fvb6	38657803	38657902	-0.251894623
Fvb6	38814903	38815002	-0.316483516
Fvb6	38839103	38839202	0.308597285
Fvb6	38972803	38972902	0.257575758
Fvb6	38988503	38988602	-0.237566505
Fvb6	39180303	39180402	0.259896042
Fvb6	39359303	39359402	-0.283928571
Fvb6	39389203	39389302	-0.401084011
Fvb6	39389903	39390002	-0.266770186
Fvb6	39408503	39408602	0.230095365
Fvb7	753002	753101	-0.218321562
Fvb7	753202	753301	-0.286393345
Fvb7	807502	807601	-0.316912972
Fvb7	904802	904901	-0.384615385
Fvb7	1178402	1178501	0.208299866
Fvb7	1207302	1207401	-0.206292314
Fvb7	1316702	1316801	-0.237179487
Fvb7	1553402	1553501	-0.295231417
Fvb7	1553602	1553701	-0.233226297
Fvb7	1700602	1700701	-0.216117216
Fvb7	1716002	1716101	-0.231132075
Fvb7	1736902	1737001	-0.308333333
Fvb7	1768802	1768901	0.205617147
Fvb7	1791202	1791301	-0.281593407
Fvb7	1866702	1866801	-0.202820282
Fvb7	1893602	1893701	-0.211965812
Fvb7	2226402	2226501	-0.410092395
Fvb7	2278602	2278701	0.235294118
Fvb7	2350202	2350301	-0.225774717
Fvb7	2410202	2410301	-0.276515152
Fvb7	2738902	2739001	0.256676136
Fvb7	2798602	2798701	-0.330683625
Fvb7	2802902	2803001	-0.259649123
Fvb7	2931402	2931501	-0.22949864
Fvb7	2951102	2951201	-0.280137773
Fvb7	2951202	2951301	-0.407393146
Fvb7	3173102	3173201	0.246524307
Fvb7	3191702	3191801	-0.222222222
Fvb7	3397402	3397501	-0.298574644
Fvb7	3784902	3785001	-0.317307692
Fvb7	4248202	4248301	-0.329621849
Fvb7	4384502	4384601	-0.273565713
Fvb7	4435902	4436001	-0.51461039
Fvb7	4499202	4499301	-0.372655123
Fvb7	4669902	4670001	0.228921819
Fvb7	4923602	4923701	0.325814536
Fvb7	5017702	5017801	-0.299019608
Fvb7	5088902	5089001	-0.311554749
Fvb7	5404602	5404701	0.203225806
Fvb7	5441102	5441201	-0.324285714
Fvb7	5490202	5490301	-0.224389273
Fvb7	5514202	5514301	-0.279069767
Fvb7	5741802	5741901	0.369950596
Fvb7	5777902	5778001	-0.38277512
Fvb7	5792802	5792901	-0.277900858
Fvb7	5819302	5819401	-0.25
Fvb7	5839402	5839501	-0.315789474
Fvb7	5863702	5863801	-0.270833333
Fvb7	6043002	6043101	0.260963891
Fvb7	6375502	6375601	-0.364864865
Fvb7	6375602	6375701	-0.252866884
Fvb7	6375702	6375801	-0.3136289
Fvb7	6408502	6408601	-0.391472868
Fvb7	6431802	6431901	0.330745342
Fvb7	6603002	6603101	-0.305986696
Fvb7	6818402	6818501	0.264705882
Fvb7	6820302	6820401	-0.298408488
Fvb7	6972802	6972901	0.265584416
Fvb7	7167302	7167401	0.266682612
Fvb7	7232902	7233001	-0.213996835
Fvb7	7734602	7734701	0.253861004
Fvb7	7760702	7760801	0.375862069
Fvb7	7762902	7763001	0.276030748
Fvb7	7980702	7980801	-0.293706294
Fvb7	8129902	8130001	0.347883598
Fvb7	8253602	8253701	-0.23567447
Fvb7	8259402	8259501	-0.324271845
Fvb7	8306002	8306101	-0.29483066
Fvb7	8319702	8319801	-0.231132075
Fvb7	8432302	8432401	-0.213531353
Fvb7	8624002	8624101	-0.204881953
Fvb7	8665302	8665401	-0.277777778
Fvb7	9021602	9021701	-0.261863782
Fvb7	9208902	9209001	-0.278590426
Fvb7	9262802	9262901	-0.270066647
Fvb7	9374902	9375001	0.219924812
Fvb7	9591602	9591701	0.282925408
Fvb7	9614302	9614401	-0.395833333
Fvb7	9666602	9666701	0.208333333
Fvb7	9686902	9687001	-0.294633078
Fvb7	9934902	9935001	-0.229121278
Fvb7	10257502	10257601	-0.218543046
Fvb7	10313902	10314001	0.311032864
Fvb7	10513402	10513501	-0.291161796
Fvb7	10644202	10644301	-0.261320755
Fvb7	10909402	10909501	0.380581148
Fvb7	10913202	10913301	0.306878307
Fvb7	10946902	10947001	-0.212264151
Fvb7	11103702	11103801	-0.205555556
Fvb7	11286102	11286201	-0.228831012
Fvb7	11527702	11527801	-0.269634688
Fvb7	11532002	11532101	-0.375849057
Fvb7	11583702	11583801	-0.377364865
Fvb7	11667502	11667601	-0.3875
Fvb7	11719502	11719601	-0.368381989
Fvb7	11842702	11842801	-0.372807018
Fvb7	12099202	12099301	0.407692308
Fvb7	12151302	12151401	-0.310479376
Fvb7	12218102	12218201	-0.222502806
Fvb7	12645402	12645501	0.370786517
Fvb7	12789002	12789101	0.214033019
Fvb7	12807302	12807401	-0.206666667
Fvb7	12841602	12841701	-0.339364035
Fvb7	12869702	12869801	-0.292207792
Fvb7	12905602	12905701	-0.359600444
Fvb7	13048502	13048601	0.324603175
Fvb7	13103102	13103201	-0.369363395
Fvb7	13120402	13120501	0.393753827
Fvb7	13371602	13371701	0.230492197
Fvb7	13455902	13456001	-0.240581626
Fvb7	13595902	13596001	-0.255834524
Fvb7	13624402	13624501	-0.441758242
Fvb7	13744102	13744201	-0.207183673
Fvb7	13747802	13747901	0.314780458
Fvb7	13879502	13879601	0.233333333
Fvb7	13880702	13880801	-0.257777778
Fvb7	13887602	13887701	-0.236010903
Fvb7	13950102	13950201	-0.259259259
Fvb7	14052102	14052201	-0.385714286
Fvb7	14110502	14110601	-0.244623656
Fvb7	14117002	14117101	0.373770492
Fvb7	14514702	14514801	0.253164557
Fvb7	14653902	14654001	-0.295845998
Fvb7	14693202	14693301	0.258823529
Fvb7	14713902	14714001	-0.272287637
Fvb7	14981402	14981501	0.286912459
Fvb7	15006002	15006101	0.221371611
Fvb7	15019702	15019801	0.302654428
Fvb7	15093902	15094001	0.322954823
Fvb7	15204302	15204401	-0.288958352
Fvb7	15348902	15349001	-0.328595318
Fvb7	15444302	15444401	0.282051282
Fvb7	15448002	15448101	0.32855654
Fvb7	15634102	15634201	0.374648942
Fvb7	15634302	15634401	0.268421053
Fvb7	15639402	15639501	-0.305555556
Fvb7	15692902	15693001	-0.217460317
Fvb7	15806602	15806701	-0.326939471
Fvb7	16003302	16003401	0.34272131
Fvb7	16273102	16273201	-0.300653595
Fvb7	16309902	16310001	0.214140784
Fvb7	16334802	16334901	0.324074074
Fvb7	16339802	16339901	0.248677249
Fvb7	16436002	16436101	-0.368248773
Fvb7	16672402	16672501	0.263389582
Fvb7	16714402	16714501	0.353767561
Fvb7	16799502	16799601	0.371666667
Fvb7	16884302	16884401	-0.355226642
Fvb7	16947502	16947601	0.21978022
Fvb7	16955002	16955101	-0.200762639
Fvb7	16972302	16972401	0.248965517
Fvb7	17100802	17100901	-0.202009539
Fvb7	17128702	17128801	0.405057675
Fvb7	17402302	17402401	-0.208162568
Fvb7	17507802	17507901	-0.264705882
Fvb7	17644202	17644301	-0.243161094
Fvb7	17685502	17685601	-0.344313725
Fvb7	17715602	17715701	-0.216320948
Fvb7	17794902	17795001	-0.253329024
Fvb7	17854802	17854901	-0.286170213
Fvb7	17854902	17855001	-0.265384615
Fvb7	17884602	17884701	0.376388889
Fvb7	17984402	17984501	-0.315972222
Fvb7	17986402	17986501	0.233135575
Fvb7	17986702	17986801	0.343859649
Fvb7	18124302	18124401	-0.239549613
Fvb7	18242002	18242101	0.22962963
Fvb7	18388202	18388301	0.259960861
Fvb7	18430802	18430901	-0.318108974
Fvb7	18500502	18500601	-0.430833872
Fvb7	18527002	18527101	-0.475232198
Fvb7	18561802	18561901	-0.289010989
Fvb7	18650102	18650201	-0.250712251
Fvb7	18721802	18721901	-0.243887147
Fvb7	18834002	18834101	-0.244200244
Fvb7	18834202	18834301	-0.345537757
Fvb7	19129902	19130001	-0.225979192
Fvb7	19135202	19135301	-0.265979381
Fvb7	19168202	19168301	-0.215798907
Fvb7	19208002	19208101	-0.225352113
Fvb7	19271602	19271701	0.2025
Fvb7	19274002	19274101	-0.228731546
Fvb7	19291002	19291101	0.203096903
Fvb7	19374602	19374701	0.246503497
Fvb7	19418702	19418801	-0.206275628
Fvb7	19419402	19419501	-0.265
Fvb7	19502502	19502601	0.357759822
Fvb7	19750502	19750601	0.242077465
Fvb7	19791202	19791301	-0.236175711
Fvb7	19836702	19836801	0.245460317
Fvb7	20075102	20075201	0.263888889
Fvb7	20134002	20134101	-0.303084013
Fvb7	20206702	20206801	-0.254945055
Fvb7	20232402	20232501	-0.250532077
Fvb7	20468502	20468601	0.375241779
Fvb7	20485102	20485201	0.332222222
Fvb7	20523402	20523501	-0.220966084
Fvb7	20596202	20596301	-0.20721782
Fvb7	20701702	20701801	-0.267374517
Fvb7	20902702	20902801	-0.217924821
Fvb7	20903602	20903701	-0.311503812
Fvb7	21034102	21034201	0.235294118
Fvb7	21176502	21176601	0.241261957
Fvb7	21254202	21254301	-0.233739837
Fvb7	21314002	21314101	0.20995671
Fvb7	21508402	21508501	-0.208404803
Fvb7	21605002	21605101	-0.326898327
Fvb7	21691402	21691501	0.266625991
Fvb7	21860702	21860801	0.255615312
Fvb7	21876302	21876401	-0.302247728
Fvb7	21923602	21923701	0.252123552
Fvb7	21947602	21947701	0.207184325
Fvb7	21969202	21969301	-0.339803094
Fvb7	22059302	22059401	0.20657277
Fvb7	22112702	22112801	-0.459639126
Fvb7	22147202	22147301	-0.235469188
Fvb7	22152702	22152801	-0.260510511
Fvb7	22169302	22169401	-0.309944038
Fvb7	22817802	22817901	-0.212718316
Fvb7	23247702	23247801	0.225446429
Fvb7	23263502	23263601	-0.389344262
Fvb7	23363502	23363601	0.2
Fvb7	23650002	23650101	-0.32
Fvb7	23688602	23688701	-0.202084814
Fvb7	23860002	23860101	-0.265044814
Fvb7	23878702	23878801	-0.265636832
Fvb7	23942902	23943001	0.248197549
Fvb7	24024902	24025001	0.34029304
Fvb7	24094602	24094701	-0.347727273
