seqnames	start	end	methdiff
Fvb1	220103	220202	-0.292857143
Fvb1	1081403	1081502	0.321969697
Fvb1	1137203	1137302	0.272044818
Fvb1	1655403	1655502	-0.299596955
Fvb1	1795703	1795802	0.242916667
Fvb1	2026903	2027002	0.476982097
Fvb1	2166503	2166602	0.288961039
Fvb1	2691003	2691102	0.273395722
Fvb1	3074003	3074102	-0.254077094
Fvb1	3262903	3263002	0.281997589
Fvb1	3380603	3380702	0.298316498
Fvb1	3563703	3563802	-0.349431818
Fvb1	3817803	3817902	-0.217124529
Fvb1	3922003	3922102	-0.33900626
Fvb1	4787203	4787302	-0.223529412
Fvb1	4891603	4891702	0.344117647
Fvb1	5549203	5549302	-0.279417879
Fvb1	5840903	5841002	-0.221473159
Fvb1	6135603	6135702	0.233254717
Fvb1	6435903	6436002	-0.225373134
Fvb1	6462003	6462102	0.253561254
Fvb1	6474003	6474102	0.358823529
Fvb1	6800703	6800802	-0.245283019
Fvb1	6800803	6800902	-0.321428571
Fvb1	7138303	7138402	-0.241928721
Fvb1	7343303	7343402	0.244827586
Fvb1	7362403	7362502	0.20722135
Fvb1	7678403	7678502	0.25
Fvb1	8308603	8308702	-0.202831403
Fvb1	8352503	8352602	0.436392915
Fvb1	8384003	8384102	0.30360854
Fvb1	8509203	8509302	-0.239130435
Fvb1	9282103	9282202	0.206599713
Fvb1	9291803	9291902	0.205162738
Fvb1	9417203	9417302	0.204958272
Fvb1	9518103	9518202	0.251315789
Fvb1	9518203	9518302	0.352384759
Fvb1	9600003	9600102	-0.342532468
Fvb1	10155903	10156002	0.285714286
Fvb1	10564703	10564802	0.343333333
Fvb1	11242703	11242802	-0.229117877
Fvb1	11650403	11650502	-0.388528139
Fvb1	11783603	11783702	0.216346154
Fvb1	12000303	12000402	0.232999128
Fvb1	12285003	12285102	-0.472906404
Fvb1	12501603	12501702	0.217750258
Fvb1	12514203	12514302	-0.246346063
Fvb1	12998503	12998602	0.272222222
Fvb1	13064303	13064402	-0.221771467
Fvb1	13097803	13097902	0.218952554
Fvb1	13189203	13189302	0.231357049
Fvb1	13204403	13204502	-0.292121212
Fvb1	13770103	13770202	-0.256140351
Fvb1	14363803	14363902	-0.313668601
Fvb1	15407203	15407302	-0.245320856
Fvb1	15582503	15582602	-0.306267806
Fvb1	15666403	15666502	-0.239069767
Fvb1	15697003	15697102	0.218955513
Fvb1	16038203	16038302	0.237840931
Fvb1	16241603	16241702	0.310450038
Fvb1	16242403	16242502	0.31352598
Fvb1	16513503	16513602	0.345299145
Fvb1	16645303	16645402	0.210869565
Fvb1	18429203	18429302	0.22522742
Fvb1	19383303	19383402	0.202898551
Fvb1	19635903	19636002	-0.5
Fvb1	20255603	20255702	-0.217213115
Fvb1	20283603	20283702	0.312266791
Fvb1	20283703	20283802	0.223232323
Fvb1	20436503	20436602	0.257532281
Fvb1	20922403	20922502	-0.206896552
Fvb1	20928903	20929002	-0.342147436
Fvb1	20979603	20979702	0.39
Fvb1	21216103	21216202	-0.200644271
Fvb1	21562903	21563002	-0.409749671
Fvb1	21640203	21640302	0.215517241
Fvb1	21720803	21720902	-0.291341991
Fvb1	22060703	22060802	0.203703704
Fvb1	22187903	22188002	0.344444444
Fvb1	22966203	22966302	-0.259259259
Fvb1	23248303	23248402	-0.213517665
Fvb1	24078503	24078602	-0.33931523
Fvb2	487101	487200	-0.293859649
Fvb2	1093501	1093600	-0.205911543
Fvb2	1142301	1142400	-0.233342043
Fvb2	1188201	1188300	0.3
Fvb2	1193401	1193500	0.333095747
Fvb2	2016401	2016500	0.241758242
Fvb2	3542701	3542800	-0.321321321
Fvb2	3569701	3569800	0.287719298
Fvb2	3995001	3995100	-0.236842105
Fvb2	4072001	4072100	-0.23733386
Fvb2	4358901	4359000	-0.251535191
Fvb2	4359001	4359100	-0.407572947
Fvb2	4561001	4561100	0.207280899
Fvb2	4570501	4570600	0.261324042
Fvb2	4917201	4917300	0.225961538
Fvb2	5197101	5197200	-0.305690073
Fvb2	5215201	5215300	-0.331893985
Fvb2	5424001	5424100	0.284722222
Fvb2	6148201	6148300	-0.348746082
Fvb2	6768801	6768900	-0.258333333
Fvb2	6800401	6800500	-0.269183773
Fvb2	8020401	8020500	-0.231628805
Fvb2	8590001	8590100	-0.228571429
Fvb2	8942501	8942600	0.289047619
Fvb2	11282401	11282500	-0.275252525
Fvb2	11403601	11403700	0.20800242
Fvb2	11488101	11488200	0.389087809
Fvb2	12029101	12029200	0.222222222
Fvb2	12720301	12720400	-0.25609473
Fvb2	13130601	13130700	0.25142909
Fvb2	13150201	13150300	0.504056795
Fvb2	13802101	13802200	0.253526886
Fvb2	13888601	13888700	0.221819646
Fvb2	14275801	14275900	0.27719328
Fvb2	14630501	14630600	0.333333333
Fvb2	14688801	14688900	-0.240758145
Fvb2	14861701	14861800	0.272727273
Fvb2	15159701	15159800	-0.291375114
Fvb2	15295601	15295700	-0.345918367
Fvb2	15705901	15706000	0.364456786
Fvb2	15796301	15796400	0.215332853
Fvb2	15960701	15960800	-0.313238771
Fvb2	17060701	17060800	0.290582918
Fvb2	17102701	17102800	0.303571429
Fvb2	17143001	17143100	-0.202764977
Fvb2	17403601	17403700	-0.265205725
Fvb2	17451101	17451200	-0.231900452
Fvb2	17752101	17752200	-0.331068931
Fvb2	17918801	17918900	0.390625
Fvb2	18361701	18361800	-0.386913229
Fvb2	18521701	18521800	0.241176471
Fvb2	18581101	18581200	-0.271523179
Fvb2	19549801	19549900	-0.240740741
Fvb2	20215201	20215300	-0.303409091
Fvb2	20766101	20766200	0.236516661
Fvb2	20828401	20828500	0.288888889
Fvb2	21880301	21880400	-0.243393009
Fvb2	22178401	22178500	-0.264493408
Fvb2	23454201	23454300	-0.220588235
Fvb2	24298601	24298700	0.302667269
Fvb2	24369901	24370000	-0.228587635
Fvb2	24420101	24420200	-0.222222222
Fvb2	24703801	24703900	0.226744186
Fvb2	24861001	24861100	-0.240131579
Fvb2	25195901	25196000	0.274886701
Fvb2	25196001	25196100	0.313059034
Fvb2	25196101	25196200	0.279169526
Fvb2	25321401	25321500	-0.246717172
Fvb2	25440301	25440400	0.356470588
Fvb2	25549501	25549600	0.448304384
Fvb2	25596501	25596600	0.301298701
Fvb2	26549101	26549200	0.243721461
Fvb2	26961901	26962000	0.224411232
Fvb2	26967001	26967100	-0.32490566
Fvb2	26996201	26996300	-0.283302064
Fvb2	27093501	27093600	-0.244252874
Fvb2	27562401	27562500	-0.291356731
Fvb2	27796801	27796900	-0.223614458
Fvb2	27918101	27918200	0.222463768
Fvb2	28021401	28021500	0.249321267
Fvb2	28136201	28136300	-0.380952381
Fvb2	28868301	28868400	-0.253289474
Fvb2	28889901	28890000	0.377474984
Fvb2	28914801	28914900	-0.207602339
Fvb2	29278601	29278700	-0.274832322
Fvb3	213003	213102	0.226358579
Fvb3	405403	405502	-0.26481715
Fvb3	1131303	1131402	0.26119403
Fvb3	1168203	1168302	0.308092636
Fvb3	1695203	1695302	-0.359141184
Fvb3	2259703	2259802	-0.222222222
Fvb3	2830003	2830102	0.412955466
Fvb3	3086103	3086202	0.349038462
Fvb3	3251003	3251102	-0.40833989
Fvb3	3566603	3566702	-0.217255717
Fvb3	4289603	4289702	0.2
Fvb3	4393003	4393102	0.237429947
Fvb3	4709603	4709702	0.334312573
Fvb3	4940903	4941002	0.302926198
Fvb3	5446603	5446702	0.222222222
Fvb3	5449203	5449302	-0.352941176
Fvb3	5999103	5999202	-0.246956522
Fvb3	6933003	6933102	-0.251058531
Fvb3	7126903	7127002	-0.269076305
Fvb3	7128603	7128702	-0.215943711
Fvb3	7130303	7130402	-0.242803504
Fvb3	7140403	7140502	-0.271007752
Fvb3	7438103	7438202	-0.396358543
Fvb3	7839903	7840002	0.23630137
Fvb3	7943503	7943602	0.398954704
Fvb3	7984803	7984902	0.261093911
Fvb3	8231703	8231802	0.422275641
Fvb3	8268003	8268102	-0.286842105
Fvb3	8363803	8363902	0.391986063
Fvb3	10177103	10177202	-0.273281596
Fvb3	11085103	11085202	-0.21602728
Fvb3	11336903	11337002	-0.238237491
Fvb3	11364203	11364302	-0.293939394
Fvb3	11776803	11776902	-0.3375
Fvb3	12033403	12033502	0.214545455
Fvb3	12332603	12332702	0.223041475
Fvb3	13059603	13059702	-0.316549571
Fvb3	13177803	13177902	-0.329411765
Fvb3	13495603	13495702	0.265625
Fvb3	13628803	13628902	-0.280566281
Fvb3	14097003	14097102	-0.308333333
Fvb3	14113503	14113602	-0.271186441
Fvb3	15225303	15225402	0.222988506
Fvb3	15508703	15508802	0.488888889
Fvb3	15798703	15798802	-0.329401089
Fvb3	16180003	16180102	0.320020222
Fvb3	16433703	16433802	0.283496732
Fvb3	16775303	16775402	0.374201788
Fvb3	16808503	16808602	0.302352941
Fvb3	16931103	16931202	0.215517241
Fvb3	16944903	16945002	-0.226666667
Fvb3	17224403	17224502	0.248964803
Fvb3	17405003	17405102	-0.346256684
Fvb3	17560503	17560602	-0.275862069
Fvb3	17807503	17807602	-0.227263894
Fvb3	17844303	17844402	0.235562718
Fvb3	17844403	17844502	0.31987013
Fvb3	18308403	18308502	-0.205614035
Fvb3	18409703	18409802	-0.412837838
Fvb3	18646203	18646302	-0.4475
Fvb3	19051303	19051402	0.404705882
Fvb3	19977403	19977502	-0.412024757
Fvb3	20236503	20236602	0.202702703
Fvb3	21614603	21614702	0.228070175
Fvb3	21850703	21850802	-0.242141591
Fvb3	22384603	22384702	0.236397749
Fvb3	22442803	22442902	-0.245908347
Fvb3	23174103	23174202	-0.217479675
Fvb3	23564303	23564402	0.204562453
Fvb3	23617603	23617702	-0.206896552
Fvb3	24023603	24023702	-0.24137931
Fvb3	25168403	25168502	-0.251075731
Fvb3	27178203	27178302	-0.321510297
Fvb3	27666103	27666202	-0.225
Fvb3	28122103	28122202	0.223655914
Fvb3	28188603	28188702	-0.312631579
Fvb3	28251203	28251302	0.250223243
Fvb3	28310803	28310902	-0.219512195
Fvb3	28535003	28535102	0.275862069
Fvb3	28941903	28942002	0.212121212
Fvb3	29338803	29338902	0.238553114
Fvb3	29514203	29514302	0.228764479
Fvb3	29543803	29543902	0.349639134
Fvb3	29543903	29544002	0.236130536
Fvb3	29782903	29783002	0.227604903
Fvb3	29989103	29989202	0.276604069
Fvb3	30459103	30459202	-0.223447841
Fvb3	31023903	31024002	-0.240784314
Fvb3	31297503	31297602	0.239884393
Fvb3	31486703	31486802	-0.257834758
Fvb3	31610803	31610902	-0.204166667
Fvb3	31814403	31814502	0.214285714
Fvb3	31825103	31825202	-0.405982906
Fvb3	33278803	33278902	-0.222222222
Fvb3	33619003	33619102	0.339066339
Fvb3	33640603	33640702	-0.358560794
Fvb3	33687103	33687202	0.229406351
Fvb3	33721003	33721102	-0.227759563
Fvb3	33938003	33938102	-0.267692308
Fvb3	33956403	33956502	-0.228658537
Fvb3	33995103	33995202	0.281167109
Fvb3	34204903	34205002	0.503703704
Fvb3	34463603	34463702	0.364145658
Fvb3	34576803	34576902	-0.435897436
Fvb3	35394303	35394402	0.287279367
Fvb3	35744303	35744402	-0.223880597
Fvb3	36134603	36134702	0.23024055
Fvb3	36172503	36172602	-0.3
Fvb3	36825503	36825602	-0.298534799
Fvb4	461003	461102	0.286848073
Fvb4	553403	553502	0.312292359
Fvb4	619103	619202	0.222222222
Fvb4	1610703	1610802	-0.2414307
Fvb4	1612003	1612102	-0.394799054
Fvb4	1612103	1612202	-0.221751412
Fvb4	1657803	1657902	-0.220338983
Fvb4	2222803	2222902	0.255991285
Fvb4	2222903	2223002	0.268677059
Fvb4	2444103	2444202	0.3375
Fvb4	2553203	2553302	0.203171999
Fvb4	3414203	3414302	0.239878543
Fvb4	3723903	3724002	-0.221846062
Fvb4	4077103	4077202	-0.301229132
Fvb4	4138203	4138302	0.203354839
Fvb4	4591503	4591602	0.290853659
Fvb4	5039503	5039602	-0.333606557
Fvb4	5137503	5137602	0.213675214
Fvb4	6086303	6086402	0.207404255
Fvb4	6347703	6347802	0.21320922
Fvb4	7306203	7306302	0.292715903
Fvb4	8772903	8773002	-0.203659412
Fvb4	10469703	10469802	-0.362962963
Fvb4	11252703	11252802	0.254120879
Fvb4	11344303	11344402	-0.335081585
Fvb4	11381303	11381402	-0.241428571
Fvb4	11934803	11934902	0.210737179
Fvb4	13347203	13347302	-0.202630256
Fvb4	14189603	14189702	-0.208386821
Fvb4	14410903	14411002	0.218219462
Fvb4	15105303	15105402	0.227272727
Fvb4	15140703	15140802	0.303030303
Fvb4	16086103	16086202	-0.275
Fvb4	16428603	16428702	-0.399038462
Fvb4	17860603	17860702	-0.253787879
Fvb4	18041103	18041202	-0.41263799
Fvb4	18563103	18563202	0.407269338
Fvb4	18623103	18623202	0.211167138
Fvb4	18801603	18801702	-0.403174603
Fvb4	18817803	18817902	0.271915584
Fvb4	18817903	18818002	0.216134859
Fvb4	18842203	18842302	-0.264788017
Fvb4	19245603	19245702	0.210238095
Fvb4	19922203	19922302	0.234996738
Fvb4	20034903	20035002	-0.303030303
Fvb4	20759103	20759202	-0.234432234
Fvb4	21897603	21897702	0.270833333
Fvb4	22715903	22716002	0.238859386
Fvb4	23105503	23105602	-0.354887218
Fvb4	23285003	23285102	0.310344828
Fvb4	24523703	24523802	0.324738676
Fvb4	24526403	24526502	0.312701252
Fvb4	24770103	24770202	-0.322822231
Fvb4	25308703	25308802	0.234234234
Fvb4	25428203	25428302	0.209315287
Fvb4	25634803	25634902	0.266666667
Fvb4	26356203	26356302	0.254515599
Fvb4	26843803	26843902	0.212765957
Fvb4	26913103	26913202	0.282051282
Fvb4	26918703	26918802	-0.309050325
Fvb4	26940803	26940902	0.387096774
Fvb4	27215303	27215402	0.272586016
Fvb4	27953503	27953602	0.245472837
Fvb4	28075703	28075802	0.455197133
Fvb4	28633503	28633602	-0.220910973
Fvb4	28804703	28804802	-0.208333333
Fvb4	28806203	28806302	-0.270238713
Fvb4	28831803	28831902	0.376172991
Fvb4	28835803	28835902	-0.245355191
Fvb4	29238903	29239002	0.210213515
Fvb4	30036503	30036602	0.251803752
Fvb4	30264903	30265002	-0.28125
Fvb4	30386003	30386102	-0.211447811
Fvb4	30407603	30407702	0.343365253
Fvb4	30454603	30454702	-0.44
Fvb4	30638503	30638602	-0.315744681
Fvb4	30817903	30818002	-0.229708223
Fvb4	31184203	31184302	-0.259863946
Fvb4	31222403	31222502	0.274083546
Fvb4	32077903	32078002	0.357816182
Fvb4	32178503	32178602	-0.302098951
Fvb4	32537003	32537102	0.40474621
Fvb4	32582203	32582302	0.298076923
Fvb4	32679303	32679402	0.307518372
Fvb4	32978503	32978602	0.363636364
Fvb4	33012403	33012502	-0.236363636
Fvb4	33572903	33573002	0.33382592
Fvb4	33573003	33573102	0.317424242
Fvb5	129003	129102	0.319319319
Fvb5	166603	166702	0.281746032
Fvb5	357303	357402	0.285342334
Fvb5	913503	913602	0.239379085
Fvb5	921503	921602	0.279425309
Fvb5	1157403	1157502	-0.26371308
Fvb5	1474803	1474902	-0.213215426
Fvb5	1624303	1624402	-0.205873494
Fvb5	2148103	2148202	-0.276636714
Fvb5	2404303	2404402	0.457364341
Fvb5	2986803	2986902	-0.496106785
Fvb5	3063603	3063702	0.28021978
Fvb5	3106103	3106202	0.352737353
Fvb5	3322103	3322202	0.242548435
Fvb5	3434203	3434302	0.274303406
Fvb5	3464003	3464102	-0.246460746
Fvb5	3473403	3473502	0.203703704
Fvb5	3665603	3665702	-0.281286323
Fvb5	3958303	3958402	0.346428571
Fvb5	3959703	3959802	0.393608074
Fvb5	4665003	4665102	-0.222098765
Fvb5	4688503	4688602	0.349707602
Fvb5	4952103	4952202	-0.300653595
Fvb5	5581103	5581202	0.225806452
Fvb5	5634803	5634902	0.2
Fvb5	5754003	5754102	0.359307359
Fvb5	5763203	5763302	-0.272440393
Fvb5	5828303	5828402	0.243175719
Fvb5	6227203	6227302	0.328809219
Fvb5	6526103	6526202	-0.397849462
Fvb5	6902203	6902302	0.211342263
Fvb5	7147103	7147202	0.260504202
Fvb5	7259203	7259302	0.256756757
Fvb5	7375503	7375602	-0.282069454
Fvb5	7375703	7375802	-0.237245696
Fvb5	7610703	7610802	-0.247146402
Fvb5	7652803	7652902	0.212183544
Fvb5	7705703	7705802	-0.207575758
Fvb5	7766603	7766702	0.25862069
Fvb5	7861403	7861502	0.25862069
Fvb5	8461503	8461602	0.368354885
Fvb5	8731003	8731102	0.232961191
Fvb5	8841003	8841102	-0.32830552
Fvb5	8841303	8841402	-0.366420874
Fvb5	8879503	8879602	-0.262626263
Fvb5	8888603	8888702	0.213361633
Fvb5	8893803	8893902	0.215186803
Fvb5	9796703	9796802	0.228070175
Fvb5	9894103	9894202	-0.299003322
Fvb5	10801103	10801202	0.222661346
Fvb5	10914403	10914502	-0.200018572
Fvb5	11042103	11042202	0.21013715
Fvb5	12158903	12159002	-0.239285714
Fvb5	12293103	12293202	0.234398496
Fvb5	12754303	12754402	-0.220306513
Fvb5	12856803	12856902	-0.25
Fvb5	13275603	13275702	-0.291666667
Fvb5	13472503	13472602	0.229055258
Fvb5	13833703	13833802	-0.366477273
Fvb5	14029403	14029502	0.271991762
Fvb5	14038403	14038502	0.304347826
Fvb5	14556603	14556702	-0.282092555
Fvb5	14725903	14726002	-0.472619048
Fvb5	15095303	15095402	0.251506024
Fvb5	15205203	15205302	0.272053084
Fvb5	15316503	15316602	-0.333333333
Fvb5	15954603	15954702	0.235294118
Fvb5	16076703	16076802	0.256440281
Fvb5	16321603	16321702	-0.22
Fvb5	16473103	16473202	0.32523511
Fvb5	16489303	16489402	0.286111111
Fvb5	16619303	16619402	-0.360805861
Fvb5	17949403	17949502	-0.272727273
Fvb5	18105903	18106002	0.48124479
Fvb5	18207103	18207202	0.482828283
Fvb5	18806603	18806702	0.267745953
Fvb5	18869303	18869402	0.212250712
Fvb5	18975003	18975102	-0.344827586
Fvb5	19327403	19327502	-0.220175439
Fvb5	19921303	19921402	-0.214909726
Fvb5	20088003	20088102	0.218972968
Fvb5	20148303	20148402	0.28713969
Fvb5	20616903	20617002	-0.327030812
Fvb5	20979603	20979702	-0.25
Fvb5	21628203	21628302	0.257172557
Fvb5	22228903	22229002	0.377597109
Fvb5	22243903	22244002	0.375
Fvb5	23648603	23648702	-0.288014311
Fvb5	25227303	25227402	-0.22137931
Fvb5	25642503	25642602	0.245535714
Fvb5	25995803	25995902	0.271417546
Fvb5	26331203	26331302	0.231640357
Fvb5	26357303	26357402	0.335737705
Fvb5	26863703	26863802	-0.219580052
Fvb5	27075103	27075202	-0.34265233
Fvb5	27075903	27076002	-0.206594071
Fvb5	27251203	27251302	-0.272827417
Fvb5	27524303	27524402	-0.419786096
Fvb5	29014003	29014102	0.219847328
Fvb5	29125003	29125102	-0.258370311
Fvb5	29196503	29196602	-0.220664928
Fvb6	145103	145202	0.283064844
Fvb6	607303	607402	0.256517897
Fvb6	681003	681102	0.213225371
Fvb6	893303	893402	-0.205882353
Fvb6	1304803	1304902	0.245036869
Fvb6	2172703	2172802	0.319918699
Fvb6	2253603	2253702	0.236551216
Fvb6	3510403	3510502	-0.28321279
Fvb6	4084303	4084402	-0.266629941
Fvb6	4733403	4733502	-0.240323956
Fvb6	4918203	4918302	0.287297528
Fvb6	4975903	4976002	0.383847156
Fvb6	4976003	4976102	0.454849498
Fvb6	5411403	5411502	-0.440860215
Fvb6	5444303	5444402	-0.412903226
Fvb6	5682903	5683002	0.450693374
Fvb6	5818203	5818302	-0.203378922
Fvb6	6753003	6753102	0.405679513
Fvb6	7597803	7597902	0.25245098
Fvb6	8062703	8062802	0.320655738
Fvb6	8354703	8354802	-0.32
Fvb6	8510903	8511002	-0.23157739
Fvb6	8609303	8609402	-0.352727273
Fvb6	9421203	9421302	0.202375221
Fvb6	9878703	9878802	-0.286190918
Fvb6	9930103	9930202	-0.205078841
Fvb6	10117303	10117402	0.229986197
Fvb6	10334003	10334102	-0.257092199
Fvb6	10334103	10334202	-0.206015038
Fvb6	10334203	10334302	-0.235003092
Fvb6	10437203	10437302	-0.326797386
Fvb6	11611603	11611702	-0.200644271
Fvb6	12515703	12515802	0.285714286
Fvb6	12780203	12780302	-0.213848631
Fvb6	13333503	13333602	0.414336918
Fvb6	13451103	13451202	0.522727273
Fvb6	13717903	13718002	0.357142857
Fvb6	13760103	13760202	-0.213690215
Fvb6	14162003	14162102	-0.229979036
Fvb6	14735203	14735302	0.308333333
Fvb6	14829303	14829402	-0.3128125
Fvb6	15140603	15140702	0.259259259
Fvb6	15166203	15166302	-0.407894737
Fvb6	15228103	15228202	-0.261203585
Fvb6	15407803	15407902	-0.231311275
Fvb6	17396803	17396902	0.460268318
Fvb6	17629803	17629902	-0.244927536
Fvb6	17716503	17716602	0.262078652
Fvb6	18706303	18706402	-0.329710145
Fvb6	18880903	18881002	0.241520468
Fvb6	18975303	18975402	0.251559252
Fvb6	19207403	19207502	0.257861635
Fvb6	19902903	19903002	0.202596228
Fvb6	19972803	19972902	0.370186335
Fvb6	20542703	20542802	-0.312008211
Fvb6	20807903	20808002	-0.205882353
Fvb6	21023703	21023802	-0.268662232
Fvb6	21166603	21166702	-0.228269085
Fvb6	22001803	22001902	0.25376197
Fvb6	22110803	22110902	-0.333895853
Fvb6	22112903	22113002	-0.23543578
Fvb6	22264103	22264202	-0.285714286
Fvb6	22333303	22333402	-0.216261999
Fvb6	23187603	23187702	0.419191919
Fvb6	23290403	23290502	0.297720798
Fvb6	23712203	23712302	0.319444444
Fvb6	24606203	24606302	-0.295977011
Fvb6	24762803	24762902	0.276174168
Fvb6	25076803	25076902	0.230289855
Fvb6	25475203	25475302	-0.396825397
Fvb6	25614503	25614602	-0.210947503
Fvb6	26091503	26091602	0.243243243
Fvb6	26338503	26338602	0.393939394
Fvb6	27125703	27125802	-0.264197531
Fvb6	27178703	27178802	-0.243243243
Fvb6	27410003	27410102	-0.254011299
Fvb6	27699903	27700002	0.354700855
Fvb6	27700003	27700102	0.362318841
Fvb6	27910903	27911002	0.210485437
Fvb6	28476903	28477002	-0.242848448
Fvb6	28666803	28666902	0.266339869
Fvb6	29339503	29339602	-0.447104247
Fvb6	29538503	29538602	-0.4
Fvb6	29551703	29551802	-0.239708561
Fvb6	30157103	30157202	-0.222777223
Fvb6	31121803	31121902	-0.21964018
Fvb6	31485803	31485902	-0.301293103
Fvb6	31564603	31564702	0.289800995
Fvb6	32052303	32052402	-0.325174825
Fvb6	32181503	32181602	0.216842105
Fvb6	32843503	32843602	0.337662338
Fvb6	33548203	33548302	-0.375
Fvb6	33745503	33745602	0.224914842
Fvb6	33761103	33761202	-0.251282051
Fvb6	33913903	33914002	0.280500431
Fvb6	34060703	34060802	-0.405034325
Fvb6	34061103	34061202	-0.247148771
Fvb6	34217003	34217102	0.204225809
Fvb6	34359003	34359102	0.212747631
Fvb6	34855503	34855602	-0.327018943
Fvb6	34939503	34939602	0.242424242
Fvb6	35579803	35579902	0.216602317
Fvb6	37457703	37457802	-0.264880952
Fvb6	37747703	37747802	0.4
Fvb6	38180803	38180902	0.339387649
Fvb6	38208303	38208402	-0.209929078
Fvb6	38249603	38249702	-0.204059829
Fvb6	39056403	39056502	0.238136863
Fvb6	39345003	39345102	-0.296057525
Fvb6	39519503	39519602	-0.248677249
Fvb6	39551503	39551602	0.221768707
Fvb7	753202	753301	-0.233963007
Fvb7	1243302	1243401	-0.302182368
Fvb7	1336002	1336101	0.206026443
Fvb7	1760402	1760501	0.362573099
Fvb7	2370802	2370901	0.228327228
Fvb7	2744702	2744801	-0.361559549
Fvb7	3565902	3566001	0.230769231
Fvb7	5440202	5440301	0.296670247
Fvb7	6191402	6191501	0.287803001
Fvb7	7393002	7393101	-0.271240602
Fvb7	7490102	7490201	0.269660252
Fvb7	7591202	7591301	0.259259259
Fvb7	7718002	7718101	-0.45021645
Fvb7	7885202	7885301	-0.238973314
Fvb7	8320202	8320301	0.362952837
Fvb7	8528002	8528101	-0.23255814
Fvb7	8858002	8858101	0.305845916
Fvb7	9585802	9585901	0.207964602
Fvb7	9591302	9591401	0.322916667
Fvb7	9654002	9654101	-0.25
Fvb7	9935702	9935801	-0.260254989
Fvb7	10240802	10240901	0.351960784
Fvb7	10662702	10662801	0.419265419
Fvb7	10848902	10849001	0.51
Fvb7	10870502	10870601	-0.247090055
Fvb7	11295302	11295401	0.307116105
Fvb7	12003702	12003801	0.32008547
Fvb7	12079002	12079101	0.337236798
Fvb7	12201702	12201801	-0.252727273
Fvb7	12433102	12433201	0.253968254
Fvb7	12456402	12456501	0.233050847
Fvb7	12594802	12594901	-0.230631631
Fvb7	12869702	12869801	-0.263677499
Fvb7	13151102	13151201	0.299067164
Fvb7	13282902	13283001	0.223868495
Fvb7	13283502	13283601	-0.265803883
Fvb7	13685602	13685701	0.336097561
Fvb7	14115002	14115101	0.393157263
Fvb7	14285802	14285901	-0.288888889
Fvb7	14285902	14286001	-0.351639969
Fvb7	14983802	14983901	-0.201220176
Fvb7	15558502	15558601	-0.243906655
Fvb7	15800602	15800701	0.237722225
Fvb7	15833402	15833501	-0.281309478
Fvb7	15833502	15833601	-0.23364669
Fvb7	15833602	15833701	-0.320733992
Fvb7	15939102	15939201	0.277116551
Fvb7	16142802	16142901	0.219699812
Fvb7	16142902	16143001	0.231585617
Fvb7	16806602	16806701	0.294520548
Fvb7	17440502	17440601	0.233879781
Fvb7	19294202	19294301	0.363970588
Fvb7	20413402	20413501	-0.227272727
Fvb7	21033502	21033601	0.254807692
Fvb7	22032702	22032801	0.226984127
Fvb7	22231902	22232001	-0.24691358
Fvb7	22409502	22409601	0.277196913
Fvb7	22455602	22455701	-0.334299517
Fvb7	22508402	22508501	-0.22034632
Fvb7	22755102	22755201	0.305194805
Fvb7	22816802	22816901	-0.200316334
Fvb7	22816902	22817001	-0.254421915
Fvb7	23174902	23175001	0.258928571
Fvb7	23567402	23567501	-0.317027533
Fvb7	23642402	23642501	0.335600907
Fvb7	23650802	23650901	0.267713827
Fvb7	23837902	23838001	0.220448663
