seqnames	start	end	methdiff
Fvb1	157603	157702	-0.206433154
Fvb1	267903	268002	-0.279694815
Fvb1	272803	272902	-0.221186035
Fvb1	273403	273502	-0.297297297
Fvb1	274403	274502	-0.293646694
Fvb1	274503	274602	-0.352105122
Fvb1	275003	275102	-0.25373494
Fvb1	275203	275302	-0.283072546
Fvb1	748903	749002	-0.245073892
Fvb1	756003	756102	-0.293333333
Fvb1	761303	761402	-0.358271865
Fvb1	1135503	1135602	-0.368321641
Fvb1	1162903	1163002	-0.360772358
Fvb1	1436403	1436502	-0.30075188
Fvb1	1652003	1652102	-0.45074224
Fvb1	1655403	1655502	-0.302564103
Fvb1	1689503	1689602	-0.249231557
Fvb1	2617503	2617602	0.239090909
Fvb1	3068903	3069002	-0.238314845
Fvb1	3085703	3085802	0.333444333
Fvb1	3360303	3360402	-0.238036935
Fvb1	3598203	3598302	-0.258346749
Fvb1	3601703	3601802	-0.275706215
Fvb1	4128103	4128202	-0.215262831
Fvb1	4431703	4431802	0.224838232
Fvb1	4540103	4540202	-0.2373111
Fvb1	4829403	4829502	-0.42
Fvb1	4859703	4859802	-0.337037037
Fvb1	4977703	4977802	-0.210545723
Fvb1	5218203	5218302	-0.392454955
Fvb1	5219403	5219502	-0.432973806
Fvb1	5227103	5227202	-0.357752489
Fvb1	5253703	5253802	-0.222083413
Fvb1	5253903	5254002	-0.40960452
Fvb1	5262703	5262802	0.408333333
Fvb1	5273403	5273502	-0.281063123
Fvb1	5278203	5278302	-0.401360544
Fvb1	5278303	5278402	-0.379487179
Fvb1	5353803	5353902	-0.511538462
Fvb1	5376903	5377002	-0.285963383
Fvb1	5490203	5490302	0.297142857
Fvb1	5812303	5812402	-0.625
Fvb1	6036003	6036102	-0.30952381
Fvb1	7623903	7624002	-0.202423531
Fvb1	7624003	7624102	-0.245502646
Fvb1	8007503	8007602	0.286821705
Fvb1	8313503	8313602	0.250590002
Fvb1	8500503	8500602	-0.215401786
Fvb1	9097403	9097502	-0.228743961
Fvb1	9183503	9183602	-0.340291751
Fvb1	9183603	9183702	-0.564516129
Fvb1	9357203	9357302	0.32076488
Fvb1	9518103	9518202	0.292207792
Fvb1	10038303	10038402	0.25
Fvb1	10110403	10110502	-0.284719536
Fvb1	10385803	10385902	-0.282888408
Fvb1	10549403	10549502	0.318681319
Fvb1	10564703	10564802	0.252921348
Fvb1	10733803	10733902	0.319444444
Fvb1	10766203	10766302	-0.446428571
Fvb1	11042203	11042302	0.204027356
Fvb1	11247203	11247302	0.255453906
Fvb1	11447303	11447402	-0.272378517
Fvb1	11663403	11663502	0.271644244
Fvb1	12190003	12190102	-0.208775313
Fvb1	12190103	12190202	-0.248931624
Fvb1	12242003	12242102	0.301342941
Fvb1	12244803	12244902	-0.313789954
Fvb1	12264403	12264502	-0.297745358
Fvb1	12284803	12284902	0.222772277
Fvb1	12312803	12312902	0.270467836
Fvb1	12707703	12707802	0.327788779
Fvb1	12786603	12786702	-0.239586919
Fvb1	13097803	13097902	0.231703831
Fvb1	13121103	13121202	-0.233244233
Fvb1	13242203	13242302	-0.222080803
Fvb1	13420303	13420402	0.407232704
Fvb1	13572603	13572702	0.236453202
Fvb1	13785003	13785102	-0.388888889
Fvb1	13795303	13795402	0.203097082
Fvb1	13831103	13831202	-0.229325375
Fvb1	13942003	13942102	0.303287381
Fvb1	14214803	14214902	-0.295900835
Fvb1	14251003	14251102	0.289329268
Fvb1	14262703	14262802	0.247228381
Fvb1	14422403	14422502	0.225570776
Fvb1	14779203	14779302	-0.303615304
Fvb1	14836203	14836302	-0.294773519
Fvb1	15071503	15071602	-0.268243785
Fvb1	15407303	15407402	-0.269607843
Fvb1	15487003	15487102	0.291692435
Fvb1	16011703	16011802	-0.31547619
Fvb1	16665003	16665102	0.325581395
Fvb1	16746403	16746502	-0.381243063
Fvb1	17322403	17322502	0.214472309
Fvb1	17542303	17542402	-0.25638397
Fvb1	17590603	17590702	0.254982255
Fvb1	17716703	17716802	-0.256132075
Fvb1	17797703	17797802	-0.346547315
Fvb1	17914903	17915002	-0.268269684
Fvb1	18413803	18413902	0.26600065
Fvb1	18429303	18429402	0.394871795
Fvb1	18588403	18588502	-0.301587302
Fvb1	18686203	18686302	0.235072282
Fvb1	18703603	18703702	-0.273359231
Fvb1	18885503	18885602	-0.207117153
Fvb1	18997703	18997802	-0.507122507
Fvb1	19542403	19542502	-0.268301479
Fvb1	19676903	19677002	0.323308271
Fvb1	19710403	19710502	0.203049125
Fvb1	19771303	19771402	0.301785714
Fvb1	19801003	19801102	0.323899371
Fvb1	20110103	20110202	0.42002442
Fvb1	20163203	20163302	-0.28157683
Fvb1	20257703	20257802	-0.405555556
Fvb1	20310103	20310202	-0.21856349
Fvb1	20317303	20317402	0.477272727
Fvb1	20419303	20419402	-0.349121467
Fvb1	20582903	20583002	0.260673235
Fvb1	20602503	20602602	0.364478114
Fvb1	20843003	20843102	-0.281671159
Fvb1	20908403	20908502	-0.435897436
Fvb1	21004403	21004502	0.39
Fvb1	21021403	21021502	-0.307485433
Fvb1	21150603	21150702	-0.266701571
Fvb1	21150703	21150802	-0.288155922
Fvb1	21224403	21224502	-0.261324042
Fvb1	21393903	21394002	-0.218660969
Fvb1	21534903	21535002	-0.215686275
Fvb1	21561003	21561102	-0.301005747
Fvb1	21609803	21609902	0.220341837
Fvb1	21652003	21652102	0.223104932
Fvb1	21660403	21660502	0.40839927
Fvb1	21701003	21701102	-0.241366776
Fvb1	21706603	21706702	-0.30952381
Fvb1	21746203	21746302	-0.278115502
Fvb1	21753503	21753602	-0.245833333
Fvb1	21779303	21779402	0.314293915
Fvb1	21796103	21796202	-0.369664634
Fvb1	21893003	21893102	-0.299241256
Fvb1	21933603	21933702	0.402859546
Fvb1	21952003	21952102	-0.242678725
Fvb1	22170603	22170702	-0.245430401
Fvb1	22260103	22260202	-0.284183296
Fvb1	22283903	22284002	0.407020873
Fvb1	22332203	22332302	0.205998682
Fvb1	22622403	22622502	-0.243724372
Fvb1	22683603	22683702	-0.455712452
Fvb1	22771403	22771502	0.20630861
Fvb1	22831303	22831402	0.487179487
Fvb1	22966203	22966302	-0.349099099
Fvb1	22966603	22966702	0.248315364
Fvb1	23046903	23047002	-0.277930888
Fvb1	23112003	23112102	-0.365546218
Fvb1	23158503	23158602	0.270015699
Fvb1	23218503	23218602	0.293189369
Fvb1	23237303	23237402	-0.361742424
Fvb1	23294103	23294202	0.302585604
Fvb1	23335103	23335202	-0.220661824
Fvb1	23438303	23438402	-0.218864469
Fvb1	23489803	23489902	-0.283196405
Fvb1	23872103	23872202	-0.271117542
Fvb1	24077303	24077402	-0.209045624
Fvb1	24078503	24078602	-0.325411195
Fvb1	24080003	24080102	-0.218823529
Fvb1	24090003	24090102	-0.297883432
Fvb1	24093403	24093502	0.448051948
Fvb1	24142903	24143002	0.327816492
Fvb2	119001	119100	0.289111389
Fvb2	275601	275700	0.399020808
Fvb2	354501	354600	-0.290697674
Fvb2	671901	672000	-0.396057348
Fvb2	737401	737500	-0.204483188
Fvb2	1158001	1158100	-0.326315789
Fvb2	1553701	1553800	0.262719172
Fvb2	1861901	1862000	0.491111111
Fvb2	1892401	1892500	0.252380952
Fvb2	1893301	1893400	-0.252708559
Fvb2	1978501	1978600	-0.22310559
Fvb2	2072201	2072300	-0.415201361
Fvb2	2253401	2253500	0.343429637
Fvb2	2301601	2301700	-0.261103319
Fvb2	3153401	3153500	-0.392857143
Fvb2	3202301	3202400	0.343490879
Fvb2	3810501	3810600	0.245536155
Fvb2	3837001	3837100	-0.212420607
Fvb2	3874901	3875000	-0.340178571
Fvb2	3887801	3887900	0.204545455
Fvb2	3896601	3896700	0.254715108
Fvb2	4073701	4073800	-0.344318182
Fvb2	4175001	4175100	-0.213536987
Fvb2	4634501	4634600	-0.326929674
Fvb2	4883801	4883900	0.200801282
Fvb2	4894601	4894700	-0.358281358
Fvb2	5039201	5039300	0.406586022
Fvb2	5838301	5838400	-0.306197965
Fvb2	5926901	5927000	0.321510297
Fvb2	6168801	6168900	-0.385849984
Fvb2	6288601	6288700	-0.466509434
Fvb2	6378801	6378900	0.3
Fvb2	6500701	6500800	0.303030303
Fvb2	6569001	6569100	0.393168605
Fvb2	6628401	6628500	0.205128205
Fvb2	6763301	6763400	-0.249373434
Fvb2	6768901	6769000	-0.339515295
Fvb2	6812901	6813000	0.263080324
Fvb2	6942301	6942400	-0.227315336
Fvb2	7002301	7002400	-0.214285714
Fvb2	7013401	7013500	-0.223985891
Fvb2	7172901	7173000	-0.487272727
Fvb2	7217201	7217300	-0.225826838
Fvb2	7379701	7379800	0.212727273
Fvb2	7504001	7504100	0.252436647
Fvb2	7774101	7774200	-0.21258195
Fvb2	7839801	7839900	0.533613445
Fvb2	8015901	8016000	0.472222222
Fvb2	8044301	8044400	-0.282222222
Fvb2	8064201	8064300	-0.23943662
Fvb2	8339401	8339500	-0.380952381
Fvb2	8382301	8382400	0.285163033
Fvb2	8465301	8465400	-0.366666667
Fvb2	8514401	8514500	-0.360204082
Fvb2	8935201	8935300	0.319838057
Fvb2	9379101	9379200	-0.317255997
Fvb2	9379201	9379300	-0.248716261
Fvb2	9488201	9488300	0.283065954
Fvb2	9630201	9630300	0.311355311
Fvb2	10106001	10106100	-0.301948052
Fvb2	10275701	10275800	-0.293333333
Fvb2	10286801	10286900	0.263093717
Fvb2	10327501	10327600	-0.34790334
Fvb2	10481501	10481600	-0.25478972
Fvb2	10504101	10504200	0.295537104
Fvb2	10510201	10510300	-0.211344538
Fvb2	10521001	10521100	-0.305252061
Fvb2	10533001	10533100	-0.208524027
Fvb2	10547301	10547400	0.5
Fvb2	10550301	10550400	-0.218294657
Fvb2	10587701	10587800	0.210151627
Fvb2	10591701	10591800	-0.212865497
Fvb2	10600301	10600400	0.20475043
Fvb2	10691501	10691600	-0.326530612
Fvb2	10719401	10719500	0.25037037
Fvb2	10727301	10727400	0.229226785
Fvb2	10768301	10768400	0.34390513
Fvb2	10768701	10768800	0.35630965
Fvb2	11012901	11013000	-0.219353567
Fvb2	11031701	11031800	-0.309197652
Fvb2	11047001	11047100	-0.277228916
Fvb2	11074301	11074400	-0.244506779
Fvb2	11090001	11090100	-0.240507036
Fvb2	11293701	11293800	0.224701808
Fvb2	11300901	11301000	-0.302019315
Fvb2	11488001	11488100	0.426502852
Fvb2	11893101	11893200	-0.289285714
Fvb2	12619501	12619600	0.274348217
Fvb2	12672901	12673000	-0.357534247
Fvb2	12765401	12765500	-0.415882968
Fvb2	13029801	13029900	-0.245866088
Fvb2	13029901	13030000	-0.295257374
Fvb2	13260201	13260300	0.394871795
Fvb2	13266901	13267000	-0.237987013
Fvb2	13503201	13503300	-0.314769976
Fvb2	13866201	13866300	-0.2815625
Fvb2	14427201	14427300	-0.202555268
Fvb2	14965601	14965700	0.201449376
Fvb2	15310901	15311000	0.366176471
Fvb2	15496801	15496900	0.305084746
Fvb2	15577101	15577200	-0.270978651
Fvb2	15613001	15613100	0.416083916
Fvb2	16032501	16032600	-0.242316105
Fvb2	16569501	16569600	0.292272538
Fvb2	16625801	16625900	0.437710438
Fvb2	16916901	16917000	0.226977248
Fvb2	17060701	17060800	0.305363985
Fvb2	17272201	17272300	-0.268707483
Fvb2	17354901	17355000	0.261728395
Fvb2	17403601	17403700	-0.214537006
Fvb2	17466101	17466200	0.30535378
Fvb2	17788301	17788400	0.287731256
Fvb2	18203101	18203200	-0.226615544
Fvb2	18203201	18203300	-0.268053442
Fvb2	18288301	18288400	-0.21916704
Fvb2	18293901	18294000	-0.333333333
Fvb2	18581101	18581200	-0.225180199
Fvb2	18598201	18598300	0.25185846
Fvb2	18599401	18599500	0.374807988
Fvb2	19024901	19025000	-0.213779129
Fvb2	19249201	19249300	0.458333333
Fvb2	19812601	19812700	0.386792453
Fvb2	20000401	20000500	0.261140154
Fvb2	20339001	20339100	0.45272525
Fvb2	20793201	20793300	0.22815534
Fvb2	20794901	20795000	-0.242926614
Fvb2	21240901	21241000	-0.272108844
Fvb2	21331301	21331400	0.338744589
Fvb2	21337501	21337600	0.573435504
Fvb2	22440901	22441000	0.312921004
Fvb2	22722901	22723000	-0.210189452
Fvb2	22901501	22901600	0.433333333
Fvb2	23462101	23462200	-0.439393939
Fvb2	23465401	23465500	0.347252747
Fvb2	23537001	23537100	-0.27270996
Fvb2	23573801	23573900	-0.281094527
Fvb2	24034101	24034200	-0.202240566
Fvb2	24229701	24229800	-0.214385614
Fvb2	24462501	24462600	-0.305992509
Fvb2	24477201	24477300	-0.383597884
Fvb2	24478501	24478600	-0.228151076
Fvb2	24479201	24479300	-0.365079365
Fvb2	24565701	24565800	-0.311051693
Fvb2	24811901	24812000	-0.382957393
Fvb2	26192501	26192600	-0.227175081
Fvb2	26217801	26217900	-0.243034056
Fvb2	26254201	26254300	-0.464285714
Fvb2	26720201	26720300	0.367857143
Fvb2	27033601	27033700	-0.249640805
Fvb2	27034001	27034100	-0.337885154
Fvb2	27203701	27203800	-0.21952381
Fvb2	27232901	27233000	-0.221158567
Fvb2	27236601	27236700	-0.273809524
Fvb2	27242401	27242500	-0.357675112
Fvb2	27247201	27247300	-0.387470449
Fvb2	27289701	27289800	-0.224422442
Fvb2	27594001	27594100	0.240863787
Fvb2	28281801	28281900	-0.325581395
Fvb2	28531301	28531400	-0.219230769
Fvb2	28542801	28542900	-0.250199968
Fvb2	28543601	28543700	-0.298149951
Fvb2	28546101	28546200	-0.252657005
Fvb2	28547301	28547400	-0.35188216
Fvb2	28548701	28548800	-0.203896104
Fvb2	28563001	28563100	-0.259809035
Fvb2	28565301	28565400	-0.319047619
Fvb2	28830701	28830800	-0.419875776
Fvb2	28839901	28840000	-0.379084967
Fvb2	28859201	28859300	-0.304166667
Fvb2	28914801	28914900	-0.331341912
Fvb2	29000701	29000800	-0.341533181
Fvb3	344403	344502	-0.39373814
Fvb3	361903	362002	-0.235257956
Fvb3	496303	496402	-0.407602339
Fvb3	643503	643602	-0.315686275
Fvb3	648903	649002	-0.266700405
Fvb3	649003	649102	-0.300280112
Fvb3	657303	657402	-0.237010746
Fvb3	660203	660302	-0.229035975
Fvb3	817103	817202	-0.431034483
Fvb3	1004903	1005002	-0.279418446
Fvb3	1006503	1006602	0.309807992
Fvb3	1312403	1312502	0.347368421
Fvb3	1613603	1613702	0.421052632
Fvb3	1633603	1633702	-0.417960089
Fvb3	1665803	1665902	-0.212242695
Fvb3	1788703	1788802	-0.297643098
Fvb3	1788903	1789002	-0.257122507
Fvb3	1803403	1803502	0.309617918
Fvb3	1877603	1877702	-0.310661269
Fvb3	1906603	1906702	-0.231004902
Fvb3	3081203	3081302	0.331468531
Fvb3	3893703	3893802	-0.20966421
Fvb3	3894903	3895002	-0.24869867
Fvb3	3901303	3901402	-0.384389671
Fvb3	3905903	3906002	-0.222332506
Fvb3	4262703	4262802	-0.289309268
Fvb3	4393003	4393102	0.233141447
Fvb3	4716703	4716802	0.55
Fvb3	4725803	4725902	-0.229541945
Fvb3	5005803	5005902	0.265625
Fvb3	5029303	5029402	-0.203508772
Fvb3	5235203	5235302	-0.37453563
Fvb3	5395903	5396002	-0.371212121
Fvb3	5717403	5717502	-0.625386997
Fvb3	5726203	5726302	0.291245791
Fvb3	6786803	6786902	-0.292760181
Fvb3	7297703	7297802	-0.259761123
Fvb3	7346103	7346202	0.222045995
Fvb3	7639103	7639202	-0.217306492
Fvb3	7720203	7720302	0.218387247
Fvb3	7897203	7897302	-0.303813559
Fvb3	8265803	8265902	-0.258552632
Fvb3	8268103	8268202	-0.404533844
Fvb3	8922503	8922602	-0.322648084
Fvb3	9224503	9224602	-0.426906302
Fvb3	9727903	9728002	0.216758176
Fvb3	10259903	10260002	0.423076923
Fvb3	10264103	10264202	-0.42703533
Fvb3	10264203	10264302	-0.315882353
Fvb3	10380103	10380202	-0.21536864
Fvb3	10727203	10727302	0.287337479
Fvb3	10839403	10839502	-0.346464646
Fvb3	10989203	10989302	-0.331893166
Fvb3	10989303	10989402	-0.309080727
Fvb3	11045603	11045702	-0.319934641
Fvb3	11085503	11085602	0.301724138
Fvb3	11185003	11185102	-0.310634648
Fvb3	11296703	11296802	-0.26668206
Fvb3	11491003	11491102	-0.297713098
Fvb3	11736403	11736502	-0.365533444
Fvb3	12443203	12443302	-0.347826087
Fvb3	12555703	12555802	0.384469697
Fvb3	12566203	12566302	-0.239643745
Fvb3	12749303	12749402	-0.242965905
Fvb3	13144303	13144402	-0.210214318
Fvb3	13144403	13144502	-0.28604119
Fvb3	13370203	13370302	-0.256565657
Fvb3	13370303	13370402	-0.329330463
Fvb3	13535303	13535402	-0.262064844
Fvb3	13613103	13613202	-0.231481481
Fvb3	14087703	14087802	-0.29505106
Fvb3	14115003	14115102	0.247744119
Fvb3	14137003	14137102	-0.234023402
Fvb3	14853603	14853702	0.228016749
Fvb3	14928403	14928502	0.274122807
Fvb3	14967903	14968002	0.222523745
Fvb3	15081103	15081202	0.203322785
Fvb3	15093003	15093102	-0.245276096
Fvb3	15571003	15571102	-0.294221283
Fvb3	15631903	15632002	0.310512654
Fvb3	15656303	15656402	0.327936747
Fvb3	16101403	16101502	-0.286089814
Fvb3	17475003	17475102	-0.454193548
Fvb3	17747303	17747402	-0.431235431
Fvb3	17789403	17789502	-0.318346509
Fvb3	17844303	17844402	0.323113965
Fvb3	17844403	17844502	0.23968254
Fvb3	17887803	17887902	-0.437217706
Fvb3	17944703	17944802	-0.25212766
Fvb3	18008803	18008902	-0.263514509
Fvb3	18258003	18258102	0.280268119
Fvb3	18528003	18528102	0.277860052
Fvb3	18855703	18855802	-0.269171384
Fvb3	18951703	18951802	-0.233957219
Fvb3	19368103	19368202	-0.32972028
Fvb3	19373503	19373602	-0.256071907
Fvb3	19705103	19705202	-0.361471861
Fvb3	19775203	19775302	-0.404991492
Fvb3	19870103	19870202	-0.282395567
Fvb3	20370803	20370902	-0.279919375
Fvb3	20418403	20418502	0.307936508
Fvb3	20421903	20422002	0.337209302
Fvb3	20426603	20426702	-0.324346405
Fvb3	20451203	20451302	-0.377027904
Fvb3	20463503	20463602	-0.361556064
Fvb3	20542003	20542102	0.255697823
Fvb3	20626303	20626402	-0.326797386
Fvb3	20659303	20659402	0.346491228
Fvb3	20856003	20856102	0.243779528
Fvb3	20884103	20884202	0.426904177
Fvb3	20905403	20905502	-0.209375
Fvb3	21056803	21056902	-0.236916836
Fvb3	21490303	21490402	0.204474862
Fvb3	21498303	21498402	-0.43597561
Fvb3	21834703	21834802	-0.306184012
Fvb3	21879003	21879102	0.259125104
Fvb3	22139303	22139402	-0.289225422
Fvb3	22449703	22449802	-0.47173913
Fvb3	22633803	22633902	-0.314357322
Fvb3	22675203	22675302	0.461111111
Fvb3	23026403	23026502	-0.382692308
Fvb3	23043103	23043202	0.30952381
Fvb3	23089003	23089102	-0.288051209
Fvb3	23123403	23123502	-0.442857143
Fvb3	23174103	23174202	-0.264672037
Fvb3	23233603	23233702	0.584670232
Fvb3	23350303	23350402	0.343636364
Fvb3	23453003	23453102	0.291470126
Fvb3	23502003	23502102	0.264323911
Fvb3	23813703	23813802	-0.26099629
Fvb3	23840403	23840502	-0.379582184
Fvb3	24156303	24156402	0.200337055
Fvb3	24305903	24306002	0.379934211
Fvb3	24429203	24429302	-0.316269285
Fvb3	24516803	24516902	0.233056957
Fvb3	24591503	24591602	-0.247541932
Fvb3	24680703	24680802	0.367334906
Fvb3	24823703	24823802	-0.33172043
Fvb3	24835903	24836002	0.32962963
Fvb3	25325103	25325202	-0.231592109
Fvb3	25345703	25345802	-0.264761905
Fvb3	25448103	25448202	-0.275862069
Fvb3	25506103	25506202	-0.23245283
Fvb3	25665603	25665702	-0.28567277
Fvb3	25693303	25693402	-0.227547771
Fvb3	25707703	25707802	0.382595649
Fvb3	25776703	25776802	0.282313997
Fvb3	25936203	25936302	-0.295746566
Fvb3	26130403	26130502	-0.23492953
Fvb3	26176103	26176202	0.218131188
Fvb3	26476003	26476102	-0.244047619
Fvb3	26486003	26486102	-0.270478285
Fvb3	26643303	26643402	-0.264890282
Fvb3	26763803	26763902	-0.245492372
Fvb3	26798503	26798602	-0.262978723
Fvb3	26857303	26857402	-0.247474747
Fvb3	26919103	26919202	0.322089947
Fvb3	26981503	26981602	0.25
Fvb3	27198103	27198202	0.320728291
Fvb3	27241703	27241802	-0.253762953
Fvb3	27244803	27244902	0.285517241
Fvb3	27317003	27317102	-0.258064516
Fvb3	27563903	27564002	-0.319858713
Fvb3	27652303	27652402	-0.251596023
Fvb3	27706903	27707002	0.265961945
Fvb3	27718803	27718902	0.464285714
Fvb3	27733403	27733502	-0.416326531
Fvb3	27797803	27797902	-0.225113122
Fvb3	28310003	28310102	0.251748252
Fvb3	28610903	28611002	-0.281655844
Fvb3	28659903	28660002	-0.340557276
Fvb3	28905103	28905202	0.242015504
Fvb3	28917703	28917802	0.270735524
Fvb3	29012703	29012802	-0.20738839
Fvb3	29017603	29017702	-0.304504007
Fvb3	29105703	29105802	0.21411316
Fvb3	29112903	29113002	0.314624351
Fvb3	29168803	29168902	0.232142857
Fvb3	29189503	29189602	0.484090909
Fvb3	29538603	29538702	-0.273735274
Fvb3	29539203	29539302	-0.236622484
Fvb3	29565803	29565902	-0.301560758
Fvb3	30122403	30122502	-0.314344262
Fvb3	30319903	30320002	-0.414500684
Fvb3	30558703	30558802	0.226136364
Fvb3	30669103	30669202	-0.261823036
Fvb3	30823803	30823902	0.407142857
Fvb3	30952003	30952102	-0.25831202
Fvb3	31731903	31732002	0.231652661
Fvb3	32495803	32495902	-0.241919192
Fvb3	33002003	33002102	0.236703682
Fvb3	33071903	33072002	-0.24779319
Fvb3	33285103	33285202	-0.297423888
Fvb3	33349103	33349202	-0.257253385
Fvb3	33641503	33641602	-0.390163934
Fvb3	33808203	33808302	0.230594145
Fvb3	33936503	33936602	0.323899371
Fvb3	34265403	34265502	-0.248741419
Fvb3	34330903	34331002	-0.273982829
Fvb3	34844903	34845002	0.354548377
Fvb3	35332603	35332702	0.216112532
Fvb3	35336203	35336302	-0.273846154
Fvb3	35353403	35353502	0.256944444
Fvb3	35473103	35473202	-0.213023048
Fvb3	35610703	35610802	0.486486486
Fvb3	36101603	36101702	0.346674877
Fvb3	36425603	36425702	-0.234865162
Fvb3	36497503	36497602	0.271556351
Fvb3	36709803	36709902	0.298557692
Fvb3	36850303	36850402	0.386287625
Fvb3	36991503	36991602	0.222690551
Fvb3	37792603	37792702	0.390909091
Fvb3	38145703	38145802	-0.291432019
Fvb3	38284603	38284702	0.243243243
Fvb3	38310403	38310502	-0.308886184
Fvb4	74303	74402	0.585434174
Fvb4	92203	92302	0.253731343
Fvb4	137603	137702	-0.279352227
Fvb4	517403	517502	0.298684211
Fvb4	604403	604502	0.293617021
Fvb4	637503	637602	-0.249243799
Fvb4	822003	822102	0.339285714
Fvb4	1127003	1127102	0.335833333
Fvb4	1390003	1390102	0.219995869
Fvb4	1499503	1499602	-0.281568627
Fvb4	1549903	1550002	-0.437674419
Fvb4	1735503	1735602	0.361052632
Fvb4	1783603	1783702	0.288634789
Fvb4	1848403	1848502	-0.31163522
Fvb4	2272503	2272602	-0.245283019
Fvb4	2518403	2518502	0.385416667
Fvb4	2702403	2702502	-0.222222222
Fvb4	2732103	2732202	-0.310427807
Fvb4	2861003	2861102	0.20423156
Fvb4	3660903	3661002	-0.349927149
Fvb4	3803403	3803502	-0.256876563
Fvb4	3842103	3842202	0.352941176
Fvb4	4007603	4007702	-0.50872859
Fvb4	4030503	4030602	0.237742504
Fvb4	4058403	4058502	0.248196248
Fvb4	4141003	4141102	0.340548341
Fvb4	4196603	4196702	-0.287907416
Fvb4	4378403	4378502	-0.202173433
Fvb4	4378503	4378602	-0.361111111
Fvb4	4725403	4725502	-0.491666667
Fvb4	4864003	4864102	-0.498759305
Fvb4	5529703	5529802	-0.341269841
Fvb4	5809803	5809902	0.245170148
Fvb4	5882103	5882202	-0.314285714
Fvb4	5974903	5975002	0.26952381
Fvb4	6022503	6022602	0.422569028
Fvb4	6028603	6028702	-0.281960784
Fvb4	6193703	6193802	-0.26068038
Fvb4	6207403	6207502	0.204570896
Fvb4	6339903	6340002	-0.348746612
Fvb4	6373003	6373102	0.330912026
Fvb4	6430703	6430802	0.475935829
Fvb4	6550903	6551002	0.268095238
Fvb4	6581803	6581902	-0.30952381
Fvb4	6620103	6620202	-0.222615648
Fvb4	6620203	6620302	-0.312479311
Fvb4	6837803	6837902	-0.318108974
Fvb4	6961803	6961902	-0.252795031
Fvb4	6992603	6992702	0.359382099
Fvb4	7020703	7020802	-0.37222758
Fvb4	7099003	7099102	-0.20143961
Fvb4	7121203	7121302	0.301260504
Fvb4	7217703	7217802	-0.250316803
Fvb4	7258803	7258902	0.2725
Fvb4	7334703	7334802	-0.307221542
Fvb4	7402903	7403002	0.262910798
Fvb4	7632003	7632102	-0.260316563
Fvb4	7775103	7775202	-0.246201042
Fvb4	7914503	7914602	-0.256155055
Fvb4	7939203	7939302	-0.26342951
Fvb4	8101703	8101802	-0.357624831
Fvb4	8141503	8141602	-0.240740741
Fvb4	8338603	8338702	-0.293499249
Fvb4	8527903	8528002	-0.202796235
Fvb4	8528103	8528202	-0.308321308
Fvb4	8616803	8616902	-0.232302867
Fvb4	8796603	8796702	-0.2289381
Fvb4	8848503	8848602	0.5625
Fvb4	9049103	9049202	-0.243859649
Fvb4	9097603	9097702	0.280462185
Fvb4	9105003	9105102	-0.265236266
Fvb4	9170903	9171002	-0.266008772
Fvb4	9197503	9197602	-0.227491806
Fvb4	9213303	9213402	0.292812777
Fvb4	9230003	9230102	-0.256038647
Fvb4	9382403	9382502	-0.247357294
Fvb4	9402703	9402802	0.295163585
Fvb4	9490703	9490802	-0.301587302
Fvb4	9545203	9545302	-0.288454897
Fvb4	9672103	9672202	-0.214035088
Fvb4	9774803	9774902	0.298857769
Fvb4	9791403	9791502	-0.298211223
Fvb4	9855203	9855302	-0.229977876
Fvb4	9861203	9861302	-0.264014467
Fvb4	9962703	9962802	-0.227666399
Fvb4	9978303	9978402	-0.217719298
Fvb4	10020703	10020802	-0.300251071
Fvb4	10044903	10045002	-0.263621795
Fvb4	10103803	10103902	-0.229453441
Fvb4	10105603	10105702	-0.215095409
Fvb4	10127803	10127902	-0.241742886
Fvb4	10160903	10161002	-0.461675579
Fvb4	10197503	10197602	0.2514994
Fvb4	10222203	10222302	-0.21402357
Fvb4	10251003	10251102	-0.352143245
Fvb4	10278403	10278502	-0.225772435
Fvb4	10382003	10382102	-0.426944972
Fvb4	10494503	10494602	-0.223646072
Fvb4	10638603	10638702	0.293466224
Fvb4	10721103	10721202	-0.344914864
Fvb4	10792103	10792202	-0.286339674
Fvb4	10897303	10897402	-0.36875
Fvb4	10914003	10914102	-0.300691244
Fvb4	10930803	10930902	-0.278021978
Fvb4	10953303	10953402	-0.259702286
Fvb4	11006003	11006102	0.333823529
Fvb4	11076603	11076702	-0.343399482
Fvb4	11200203	11200302	0.391834571
Fvb4	11565403	11565502	0.309462916
Fvb4	11566603	11566702	-0.329078014
Fvb4	11683603	11683702	0.237691002
Fvb4	11928003	11928102	0.353932584
Fvb4	11946103	11946202	-0.387631976
Fvb4	12246403	12246502	0.287511871
Fvb4	12251303	12251402	0.223611111
Fvb4	12270503	12270602	-0.211964136
Fvb4	12284503	12284602	0.203672131
Fvb4	12359203	12359302	-0.237267081
Fvb4	12552803	12552902	0.518796992
Fvb4	12591803	12591902	0.305860806
Fvb4	12596003	12596102	-0.235996618
Fvb4	12636403	12636502	-0.206504904
Fvb4	12744203	12744302	-0.50997151
Fvb4	12812603	12812702	0.209121246
Fvb4	12935403	12935502	-0.238556701
Fvb4	12991203	12991302	-0.370748299
Fvb4	13002003	13002102	0.222926295
Fvb4	13018103	13018202	-0.279444444
Fvb4	13037103	13037202	-0.238095238
Fvb4	13097903	13098002	0.275568647
Fvb4	13112903	13113002	-0.236874237
Fvb4	13114303	13114402	0.506521739
Fvb4	13170403	13170502	-0.361111111
Fvb4	13187303	13187402	-0.266009852
Fvb4	13217903	13218002	-0.290495315
Fvb4	13218203	13218302	-0.26243932
Fvb4	13232103	13232202	-0.40311174
Fvb4	13328003	13328102	0.276992481
Fvb4	13333803	13333902	-0.240909091
Fvb4	13461003	13461102	-0.262949956
Fvb4	13584103	13584202	-0.205090608
Fvb4	13632003	13632102	-0.482062184
Fvb4	13636803	13636902	-0.231010672
Fvb4	13644303	13644402	-0.267796237
Fvb4	13666203	13666302	0.352941176
Fvb4	13673203	13673302	-0.22940776
Fvb4	13676103	13676202	0.293528505
Fvb4	13680703	13680802	-0.213601533
Fvb4	13719603	13719702	-0.300245098
Fvb4	13792203	13792302	0.318181818
Fvb4	13996503	13996602	0.250192604
Fvb4	14016003	14016102	0.392063492
Fvb4	14053303	14053402	-0.308117155
Fvb4	14069203	14069302	0.326797386
Fvb4	14285203	14285302	-0.311355311
Fvb4	14289003	14289102	-0.323397436
Fvb4	14661203	14661302	0.338299419
Fvb4	14667803	14667902	-0.250320102
Fvb4	14693803	14693902	-0.240062112
Fvb4	14697503	14697602	-0.249275362
Fvb4	14703103	14703202	0.241942031
Fvb4	14717703	14717802	-0.244279176
Fvb4	14718003	14718102	-0.241291419
Fvb4	14795903	14796002	-0.315075428
Fvb4	14886503	14886602	0.298996656
Fvb4	14888103	14888202	0.247916667
Fvb4	14997503	14997602	-0.376299376
Fvb4	15139403	15139502	-0.251202749
Fvb4	15179303	15179402	-0.263793103
Fvb4	15191303	15191402	0.274170274
Fvb4	15228603	15228702	-0.374901652
Fvb4	15284803	15284902	-0.27359491
Fvb4	15762703	15762802	-0.279365079
Fvb4	15882603	15882702	-0.282632147
Fvb4	15945903	15946002	-0.366666667
Fvb4	15985303	15985402	-0.239163916
Fvb4	16269003	16269102	0.248484848
Fvb4	16553403	16553502	0.633867277
Fvb4	16886703	16886802	-0.382653061
Fvb4	16956003	16956102	-0.205492424
Fvb4	17262403	17262502	-0.302714932
Fvb4	17360603	17360702	-0.309437387
Fvb4	17459103	17459202	-0.299746416
Fvb4	17606903	17607002	0.316433566
Fvb4	17898803	17898902	-0.204252577
Fvb4	18018103	18018202	-0.333886698
Fvb4	18024203	18024302	-0.300595238
Fvb4	18200303	18200402	-0.27
Fvb4	18341403	18341502	0.5
Fvb4	18342103	18342202	-0.202628968
Fvb4	18368103	18368202	0.44649095
Fvb4	18462403	18462502	0.462382445
Fvb4	18602903	18603002	0.32
Fvb4	18801603	18801702	-0.204301075
Fvb4	18842203	18842302	-0.273611111
Fvb4	19024603	19024702	-0.255769231
Fvb4	19157103	19157202	-0.216752104
Fvb4	19170803	19170902	0.266666667
Fvb4	19184703	19184802	-0.258284847
Fvb4	19420703	19420802	-0.254695262
Fvb4	19442403	19442502	-0.227086743
Fvb4	19608503	19608602	0.326190476
Fvb4	19681003	19681102	-0.256187581
Fvb4	19990603	19990702	-0.344528302
Fvb4	20150803	20150902	0.382142857
Fvb4	20216303	20216402	0.49223417
Fvb4	20228003	20228102	0.217893218
Fvb4	20572803	20572902	-0.357039187
Fvb4	20808803	20808902	-0.217106774
Fvb4	20945103	20945202	-0.275141382
Fvb4	21026103	21026202	-0.237573099
Fvb4	21111903	21112002	0.22176814
Fvb4	21238603	21238702	-0.349171752
Fvb4	21266603	21266702	-0.267751137
Fvb4	21266703	21266802	-0.201104497
Fvb4	21405503	21405602	0.480943739
Fvb4	21561403	21561502	0.346794872
Fvb4	21618703	21618802	0.363636364
Fvb4	21638803	21638902	0.324786325
Fvb4	21686603	21686702	-0.256077606
Fvb4	21731203	21731302	-0.477941176
Fvb4	21787403	21787502	0.231195757
Fvb4	22152003	22152102	0.273284314
Fvb4	22152103	22152202	0.272108844
Fvb4	22248103	22248202	0.311827957
Fvb4	22722703	22722802	-0.388741135
Fvb4	22739103	22739202	-0.285853659
Fvb4	22805203	22805302	0.606481481
Fvb4	22823803	22823902	0.237567988
Fvb4	22868303	22868402	0.238010957
Fvb4	23381303	23381402	0.210506496
Fvb4	23465603	23465702	0.279947345
Fvb4	23592503	23592602	0.356060606
Fvb4	23763003	23763102	-0.478670635
Fvb4	23785403	23785502	-0.44516129
Fvb4	23832203	23832302	0.346837242
Fvb4	24394103	24394202	0.305405405
Fvb4	24398303	24398402	-0.308673469
Fvb4	24741303	24741402	0.295331851
Fvb4	25247203	25247302	-0.249242424
Fvb4	26195603	26195702	0.25
Fvb4	26632603	26632702	-0.238095238
Fvb4	26935203	26935302	0.311111111
Fvb4	26982303	26982402	0.320710223
Fvb4	27755903	27756002	0.294606795
Fvb4	27837403	27837502	-0.223422342
Fvb4	28046603	28046702	-0.3877126
Fvb4	28206403	28206502	0.354800239
Fvb4	28273903	28274002	0.312804608
Fvb4	28803903	28804002	0.392301392
Fvb4	28806203	28806302	-0.227591036
Fvb4	28976003	28976102	0.240295458
Fvb4	29710403	29710502	-0.281917418
Fvb4	29711203	29711302	0.234032634
Fvb4	30143903	30144002	-0.218414322
Fvb4	30157303	30157402	-0.291621912
Fvb4	30158903	30159002	-0.293567868
Fvb4	30169403	30169502	-0.34038055
Fvb4	30407703	30407802	0.352950558
Fvb4	30688803	30688902	0.295546559
Fvb4	31055303	31055402	-0.342105263
Fvb4	31234003	31234102	-0.276190476
Fvb4	31272403	31272502	-0.206818182
Fvb4	31525403	31525502	0.242970822
Fvb4	32172203	32172302	0.377811094
Fvb4	32309903	32310002	-0.260504202
Fvb4	32688303	32688402	-0.326774904
Fvb4	32715903	32716002	-0.375429975
Fvb4	32877303	32877402	-0.316558442
Fvb4	32884103	32884202	-0.26022409
Fvb4	33439003	33439102	-0.321535181
Fvb4	33756703	33756802	-0.283715013
Fvb4	33762503	33762602	-0.368697804
Fvb4	33767203	33767302	-0.378571429
Fvb4	33767903	33768002	-0.253582284
Fvb4	33902403	33902502	0.210445469
Fvb5	9503	9602	-0.320833333
Fvb5	422503	422602	0.342249065
Fvb5	613503	613602	-0.28125
Fvb5	614403	614502	-0.210713357
Fvb5	622603	622702	-0.284175084
Fvb5	622803	622902	-0.336829367
Fvb5	623403	623502	-0.326935732
Fvb5	623603	623702	-0.298076923
Fvb5	624403	624502	-0.205660377
Fvb5	624603	624702	-0.4
Fvb5	627003	627102	-0.345679012
Fvb5	627103	627202	-0.27538904
Fvb5	627203	627302	-0.253482972
Fvb5	629003	629102	-0.354245283
Fvb5	629103	629202	-0.33981982
Fvb5	1060903	1061002	0.447368421
Fvb5	1211103	1211202	-0.246212121
Fvb5	1213503	1213602	-0.280455408
Fvb5	1215703	1215802	-0.309722222
Fvb5	1218603	1218702	-0.303827573
Fvb5	1219503	1219602	-0.201728149
Fvb5	1220903	1221002	-0.291942797
Fvb5	1832003	1832102	0.207811195
Fvb5	2420803	2420902	-0.270224719
Fvb5	2805403	2805502	-0.30153425
Fvb5	2808903	2809002	-0.219108039
Fvb5	2813903	2814002	0.250879839
Fvb5	2816703	2816802	-0.339575531
Fvb5	2823003	2823102	-0.268292683
Fvb5	2824403	2824502	-0.288651316
Fvb5	3078803	3078902	-0.326155462
Fvb5	3253603	3253702	-0.377840909
Fvb5	3505603	3505702	0.470909091
Fvb5	3782803	3782902	0.285714286
Fvb5	4026803	4026902	-0.30293501
Fvb5	4056603	4056702	-0.33931742
Fvb5	4072403	4072502	-0.442917548
Fvb5	4087503	4087602	-0.519736842
Fvb5	4333903	4334002	-0.454918033
Fvb5	4459003	4459102	-0.211743654
Fvb5	4459203	4459302	-0.226913052
Fvb5	4461803	4461902	-0.229584964
Fvb5	4468203	4468302	-0.248044817
Fvb5	4473703	4473802	-0.400337224
Fvb5	4479603	4479702	-0.245778612
Fvb5	4481303	4481402	-0.231884058
Fvb5	4481403	4481502	-0.468531469
Fvb5	4730003	4730102	-0.265901981
Fvb5	5102903	5103002	-0.352216749
Fvb5	5147003	5147102	0.294505495
Fvb5	6146503	6146602	-0.338661339
Fvb5	6162503	6162602	-0.210456697
Fvb5	6910303	6910402	0.202905213
Fvb5	7464903	7465002	0.464285714
Fvb5	7629503	7629602	0.286835443
Fvb5	8055303	8055402	-0.283475783
Fvb5	8183203	8183302	0.344537815
Fvb5	8662803	8662902	-0.260606061
Fvb5	8699103	8699202	0.275946276
Fvb5	8893903	8894002	0.206042988
Fvb5	8896903	8897002	-0.315133187
Fvb5	9118803	9118902	0.204678363
Fvb5	9161403	9161502	-0.26645768
Fvb5	9182303	9182402	-0.262087444
Fvb5	9194803	9194902	-0.22969697
Fvb5	10263203	10263302	0.232069672
Fvb5	10299303	10299402	0.217611336
Fvb5	10505203	10505302	-0.216132507
Fvb5	10898703	10898802	-0.311688312
Fvb5	10953703	10953802	-0.448412698
Fvb5	11162303	11162402	-0.28125
Fvb5	11168703	11168802	-0.275816993
Fvb5	11172203	11172302	-0.378454333
Fvb5	11228603	11228702	0.515217391
Fvb5	11600303	11600402	0.326839827
Fvb5	11605203	11605302	-0.474418605
Fvb5	11786903	11787002	-0.22411596
Fvb5	11946403	11946502	0.33490566
Fvb5	12526003	12526102	0.215955056
Fvb5	12570203	12570302	-0.230921053
Fvb5	13199803	13199902	-0.280425056
Fvb5	13767903	13768002	0.304761905
Fvb5	13833703	13833802	-0.342857143
Fvb5	14500803	14500902	-0.275190327
Fvb5	14513503	14513602	0.470779221
Fvb5	14727503	14727602	-0.227142857
Fvb5	14930703	14930802	-0.283771107
Fvb5	14938603	14938702	-0.225400774
Fvb5	15059003	15059102	-0.270238095
Fvb5	15242903	15243002	-0.237096774
Fvb5	15316403	15316502	-0.420995671
Fvb5	15324303	15324402	-0.205380214
Fvb5	15536403	15536502	0.253676471
Fvb5	15567603	15567702	-0.372912801
Fvb5	15844503	15844602	0.227699531
Fvb5	15928303	15928402	-0.276426799
Fvb5	15998503	15998602	0.254814815
Fvb5	16124203	16124302	0.24789916
Fvb5	16124603	16124702	0.330714286
Fvb5	16172303	16172402	-0.327853881
Fvb5	16492303	16492402	-0.24058169
Fvb5	16637203	16637302	0.321469575
Fvb5	16843203	16843302	0.281419891
Fvb5	17260203	17260302	-0.38
Fvb5	17428003	17428102	0.236719134
Fvb5	17583303	17583402	-0.43372093
Fvb5	17653703	17653802	-0.295407637
Fvb5	17674603	17674702	0.344947735
Fvb5	17682603	17682702	-0.345945946
Fvb5	17750703	17750802	0.203533026
Fvb5	17857203	17857302	-0.325
Fvb5	18196203	18196302	0.422764228
Fvb5	18205303	18205402	-0.258714969
Fvb5	18229603	18229702	-0.330532213
Fvb5	18470903	18471002	0.219785575
Fvb5	18884403	18884502	0.311445341
Fvb5	18941303	18941402	0.317073171
Fvb5	18996403	18996502	-0.293421053
Fvb5	19095503	19095602	-0.292429792
Fvb5	19164003	19164102	0.259677006
Fvb5	19234003	19234102	-0.227833895
Fvb5	19302803	19302902	0.419287212
Fvb5	19303003	19303102	0.288821227
Fvb5	19305103	19305202	0.41025641
Fvb5	19306303	19306402	0.420677362
Fvb5	19342303	19342402	0.422614274
Fvb5	19363103	19363202	-0.220394737
Fvb5	19450603	19450702	0.254990926
Fvb5	19516003	19516102	0.353639963
Fvb5	19516203	19516302	-0.417750141
Fvb5	19521703	19521802	-0.228802861
Fvb5	19562603	19562702	-0.341269841
Fvb5	19594703	19594802	0.254572138
Fvb5	19604103	19604202	0.254878049
Fvb5	19606503	19606602	0.335815339
Fvb5	19610503	19610602	-0.305418719
Fvb5	19637603	19637702	0.262695458
Fvb5	19655703	19655802	0.338040223
Fvb5	19657303	19657402	0.317948718
Fvb5	19659003	19659102	-0.317752101
Fvb5	19673003	19673102	0.252418861
Fvb5	19675903	19676002	-0.245098039
Fvb5	19704703	19704802	-0.251410153
Fvb5	19705503	19705602	-0.367398649
Fvb5	19728803	19728902	-0.277777778
Fvb5	19921303	19921402	-0.216229755
Fvb5	20349703	20349802	0.221604938
Fvb5	20350703	20350802	0.32218845
Fvb5	20432503	20432602	0.396634615
Fvb5	20714003	20714102	-0.274693946
Fvb5	20799703	20799802	-0.315924219
Fvb5	20900003	20900102	-0.27672956
Fvb5	20901703	20901802	-0.318773946
Fvb5	21425403	21425502	0.21323265
Fvb5	21431503	21431602	0.218438144
Fvb5	21512803	21512902	-0.357142857
Fvb5	21679303	21679402	0.439701897
Fvb5	21857203	21857302	-0.209300728
Fvb5	21881903	21882002	0.347368421
Fvb5	22329403	22329502	-0.288095238
Fvb5	22391603	22391702	-0.241479544
Fvb5	22391703	22391802	-0.339218159
Fvb5	22393403	22393502	-0.43030303
Fvb5	22465203	22465302	-0.234117234
Fvb5	22465303	22465402	-0.358906883
Fvb5	22559403	22559502	-0.235775862
Fvb5	22627603	22627702	-0.210447372
Fvb5	22652803	22652902	-0.239592969
Fvb5	22654103	22654202	-0.415
Fvb5	22943703	22943802	0.290164664
Fvb5	23030303	23030402	0.305598515
Fvb5	23204003	23204102	0.29566855
Fvb5	23950703	23950802	-0.2943074
Fvb5	24023503	24023602	0.374951076
Fvb5	24238003	24238102	0.282682513
Fvb5	24420803	24420902	0.201811702
Fvb5	24604503	24604602	-0.290537084
Fvb5	25434803	25434902	0.265793011
Fvb5	25653803	25653902	-0.481818182
Fvb5	25703403	25703502	0.22473179
Fvb5	25776303	25776402	0.358630952
Fvb5	26066403	26066502	0.309484649
Fvb5	26077303	26077402	0.312573906
Fvb5	26525503	26525602	-0.20662768
Fvb5	26668003	26668102	0.232402792
Fvb5	26894503	26894602	0.308851224
Fvb5	26987903	26988002	0.266550523
Fvb5	27172003	27172102	0.383838384
Fvb5	27176903	27177002	-0.256578947
Fvb5	27247403	27247502	0.265625
Fvb5	27284003	27284102	0.330769231
Fvb5	27316703	27316802	-0.367741935
Fvb5	27368003	27368102	-0.264864335
Fvb5	27504303	27504402	-0.25433744
Fvb5	27539703	27539802	-0.207325269
Fvb5	27563503	27563602	-0.24729973
Fvb5	27588203	27588302	0.384962406
Fvb5	27614303	27614402	-0.210185962
Fvb5	27616903	27617002	0.436813187
Fvb5	27684503	27684602	0.221478755
Fvb5	27806203	27806302	0.262416957
Fvb5	27997903	27998002	0.276237276
Fvb5	28365803	28365902	-0.368913175
Fvb5	28530103	28530202	0.288215361
Fvb5	28564603	28564702	-0.233233979
Fvb5	28617503	28617602	0.238569881
Fvb5	28824203	28824302	-0.333660131
Fvb5	28851603	28851702	-0.263218391
Fvb5	29285203	29285302	-0.315870098
Fvb5	29412003	29412102	0.293585526
Fvb6	196403	196502	-0.296029963
Fvb6	197203	197302	0.330974843
Fvb6	242403	242502	-0.231491137
Fvb6	248803	248902	-0.370629371
Fvb6	427103	427202	-0.410557185
Fvb6	429803	429902	-0.24918897
Fvb6	430103	430202	-0.589514066
Fvb6	435903	436002	-0.25529505
Fvb6	1060803	1060902	-0.211392019
Fvb6	1063003	1063102	-0.299157303
Fvb6	1064003	1064102	-0.271971679
Fvb6	1064303	1064402	-0.289824561
Fvb6	1071903	1072002	-0.252953039
Fvb6	1073903	1074002	-0.209234189
Fvb6	1569903	1570002	0.201898529
Fvb6	1570803	1570902	-0.216421287
Fvb6	1984803	1984902	-0.282836516
Fvb6	2893203	2893302	-0.273603723
Fvb6	3155803	3155902	-0.473135965
Fvb6	3157303	3157402	-0.205010893
Fvb6	3158703	3158802	-0.262844612
Fvb6	3381503	3381602	0.319407973
Fvb6	4037103	4037202	0.277925532
Fvb6	4066603	4066702	-0.209126984
Fvb6	4069203	4069302	-0.316630356
Fvb6	4084203	4084302	-0.414794007
Fvb6	4394503	4394602	-0.238252086
Fvb6	4396703	4396802	-0.241839043
Fvb6	4605903	4606002	0.358225108
Fvb6	4910403	4910502	0.240816327
Fvb6	5246103	5246202	0.295634921
Fvb6	5346803	5346902	0.294871795
Fvb6	5541203	5541302	-0.217928672
Fvb6	5613903	5614002	-0.336320956
Fvb6	5795803	5795902	-0.425775978
Fvb6	5990303	5990402	-0.231807952
Fvb6	6040203	6040302	-0.279105307
Fvb6	6220403	6220502	-0.298868636
Fvb6	6223203	6223302	-0.277259684
Fvb6	6586003	6586102	0.215731637
Fvb6	6586703	6586802	-0.227253401
Fvb6	6872303	6872402	-0.265951103
Fvb6	7303103	7303202	-0.226043864
Fvb6	7498403	7498502	0.234117647
Fvb6	7614503	7614602	-0.215909091
Fvb6	7717103	7717202	0.347619048
Fvb6	7760803	7760902	0.290322581
Fvb6	7946903	7947002	-0.210961421
Fvb6	8388803	8388902	-0.268115942
Fvb6	8460803	8460902	-0.240869565
Fvb6	8510903	8511002	-0.280257937
Fvb6	8903603	8903702	0.234654975
Fvb6	9373903	9374002	-0.360433604
Fvb6	9724903	9725002	0.258301499
Fvb6	9904903	9905002	-0.37804878
Fvb6	9925603	9925702	-0.28125
Fvb6	9960303	9960402	-0.357248887
Fvb6	10050203	10050302	0.23489011
Fvb6	10623803	10623902	-0.216837527
Fvb6	10916103	10916202	0.362967701
Fvb6	11095203	11095302	-0.319293478
Fvb6	11121403	11121502	0.253820034
Fvb6	11173303	11173402	-0.249123892
Fvb6	11173403	11173502	-0.218238563
Fvb6	11554603	11554702	-0.243228602
Fvb6	11616103	11616202	-0.324382385
Fvb6	11858103	11858202	0.393557423
Fvb6	12110003	12110102	0.456031977
Fvb6	12114503	12114602	0.523809524
Fvb6	12123103	12123202	0.20881396
Fvb6	12224503	12224602	-0.328304598
Fvb6	12509903	12510002	-0.223018469
Fvb6	12515603	12515702	0.444565217
Fvb6	12785803	12785902	-0.261038331
Fvb6	12834803	12834902	0.205113636
Fvb6	13372003	13372102	-0.421744325
Fvb6	13372103	13372202	-0.500861079
Fvb6	13585603	13585702	0.314835165
Fvb6	13764703	13764802	0.391455972
Fvb6	13778803	13778902	0.435897436
Fvb6	13825703	13825802	0.484848485
Fvb6	13848503	13848602	0.439849624
Fvb6	13944203	13944302	-0.409822866
Fvb6	14205503	14205602	-0.303519062
Fvb6	14408903	14409002	-0.241220699
Fvb6	14452503	14452602	-0.248717949
Fvb6	14563903	14564002	-0.4
Fvb6	14678803	14678902	-0.246801706
Fvb6	14751303	14751402	0.400717703
Fvb6	14963503	14963602	-0.227573904
Fvb6	15042403	15042502	-0.247511786
Fvb6	15450203	15450302	0.256852343
Fvb6	15522203	15522302	-0.313873195
Fvb6	15990803	15990902	-0.592105263
Fvb6	16021303	16021402	-0.374024526
Fvb6	16347303	16347402	0.336398467
Fvb6	16599703	16599802	0.269230769
Fvb6	16646003	16646102	-0.25
Fvb6	16654403	16654502	-0.214238953
Fvb6	16751303	16751402	0.273809524
Fvb6	16779903	16780002	0.251027397
Fvb6	16885803	16885902	-0.311674917
Fvb6	16899903	16900002	-0.273197929
Fvb6	17002703	17002802	-0.279624893
Fvb6	17039203	17039302	0.37454982
Fvb6	17142203	17142302	-0.392026578
Fvb6	17146203	17146302	0.315922921
Fvb6	17304703	17304802	-0.231790088
Fvb6	17337403	17337502	-0.223333333
Fvb6	17356503	17356602	0.271689498
Fvb6	17448103	17448202	-0.46154884
Fvb6	17599503	17599602	-0.241818182
Fvb6	17626303	17626402	-0.275135135
Fvb6	17629703	17629802	-0.254966887
Fvb6	18089003	18089102	0.316091954
Fvb6	18352903	18353002	-0.327688651
Fvb6	18375803	18375902	0.361588862
Fvb6	18438503	18438602	-0.21584861
Fvb6	18459903	18460002	-0.202727693
Fvb6	18557903	18558002	0.414285714
Fvb6	18562203	18562302	-0.283420463
Fvb6	18616303	18616402	-0.203331846
Fvb6	18660503	18660602	0.4017991
Fvb6	18724203	18724302	0.248550725
Fvb6	18906703	18906802	0.242424242
Fvb6	18916503	18916602	0.264705882
Fvb6	18918003	18918102	-0.211618835
Fvb6	19016003	19016102	0.258012821
Fvb6	19232703	19232802	0.200720165
Fvb6	19278203	19278302	0.327731092
Fvb6	19339703	19339802	-0.261994609
Fvb6	19464503	19464602	0.285825243
Fvb6	19474403	19474502	0.347426471
Fvb6	19477003	19477102	0.302911777
Fvb6	19511403	19511502	0.525
Fvb6	19512703	19512802	-0.265909728
Fvb6	19512803	19512902	-0.212807882
Fvb6	19650103	19650202	0.298412698
Fvb6	19675403	19675502	0.318627451
Fvb6	19684203	19684302	0.268653269
Fvb6	19734403	19734502	0.304286053
Fvb6	19736203	19736302	0.313425926
Fvb6	19742103	19742202	-0.293939394
Fvb6	19765203	19765302	-0.303896104
Fvb6	19783303	19783402	-0.265252684
Fvb6	19789403	19789502	0.29795801
Fvb6	19800403	19800502	-0.320512821
Fvb6	19810803	19810902	-0.25
Fvb6	19842803	19842902	0.246463932
Fvb6	19843103	19843202	0.22962963
Fvb6	19846903	19847002	0.304646752
Fvb6	19848803	19848902	0.230220845
Fvb6	19866103	19866202	-0.367077063
Fvb6	19964303	19964402	-0.363137255
Fvb6	20144603	20144702	0.286060187
Fvb6	20241903	20242002	0.205591266
Fvb6	20313503	20313602	-0.263339611
Fvb6	20328603	20328702	0.266485998
Fvb6	20474903	20475002	0.264971562
Fvb6	20501803	20501902	-0.335157319
Fvb6	20612503	20612602	-0.384408602
Fvb6	20805003	20805102	-0.353754941
Fvb6	20837003	20837102	-0.336134454
Fvb6	21656203	21656302	0.222859357
Fvb6	21826003	21826102	-0.403556772
Fvb6	22093803	22093902	-0.28034188
Fvb6	22209603	22209702	0.229005562
Fvb6	22269303	22269402	-0.355797101
Fvb6	22436503	22436602	0.298245614
Fvb6	23596503	23596602	-0.494505495
Fvb6	23826403	23826502	0.280858676
Fvb6	23838303	23838402	-0.335757576
Fvb6	23863703	23863802	-0.343970315
Fvb6	23867603	23867702	-0.326829268
Fvb6	24459403	24459502	0.253256705
Fvb6	24647203	24647302	0.264057971
Fvb6	25244403	25244502	-0.276475155
Fvb6	25244503	25244602	-0.224464768
Fvb6	25528703	25528802	0.269230769
Fvb6	25568003	25568102	-0.310590095
Fvb6	25594303	25594402	-0.203544724
Fvb6	25614603	25614702	-0.208579968
Fvb6	25661903	25662002	0.258751903
Fvb6	25729703	25729802	-0.409642857
Fvb6	26006003	26006102	-0.317852437
Fvb6	26442803	26442902	-0.211478177
Fvb6	26671803	26671902	-0.204022989
Fvb6	26784903	26785002	-0.331873315
Fvb6	26788503	26788602	0.411764706
Fvb6	26992103	26992202	-0.262957631
Fvb6	27041003	27041102	0.295019157
Fvb6	27125703	27125802	-0.205381998
Fvb6	27174003	27174102	-0.306722689
Fvb6	27687103	27687202	-0.368083671
Fvb6	28188403	28188502	0.413255361
Fvb6	28343603	28343702	0.27672956
Fvb6	28815303	28815402	-0.210212202
Fvb6	28962203	28962302	-0.225093985
Fvb6	29947503	29947602	-0.279479578
Fvb6	29959003	29959102	-0.218862584
Fvb6	29980303	29980402	-0.279100529
Fvb6	30101103	30101202	-0.2375
Fvb6	30103603	30103702	-0.326530612
Fvb6	30132003	30132102	-0.221291502
Fvb6	30144003	30144102	-0.250648228
Fvb6	30174103	30174202	0.366946779
Fvb6	30486603	30486702	-0.365217391
Fvb6	30498603	30498702	-0.255398111
Fvb6	30551303	30551402	0.314943097
Fvb6	30683303	30683402	-0.239094308
Fvb6	30741503	30741602	-0.259700176
Fvb6	31068003	31068102	0.386363636
Fvb6	31342903	31343002	-0.429824561
Fvb6	31384903	31385002	-0.243664717
Fvb6	31444503	31444602	-0.281144781
Fvb6	31485803	31485902	-0.287978481
Fvb6	31575303	31575402	0.321146245
Fvb6	31598703	31598802	0.203020724
Fvb6	31865803	31865902	-0.320512821
Fvb6	31897003	31897102	0.236176012
Fvb6	31942203	31942302	0.269312847
Fvb6	32210603	32210702	0.330588235
Fvb6	32291203	32291302	-0.318181818
Fvb6	32535703	32535802	-0.47804878
Fvb6	32841603	32841702	0.257571548
Fvb6	33443203	33443302	0.294444444
Fvb6	33494403	33494502	-0.260204082
Fvb6	33670903	33671002	0.206896552
Fvb6	33820403	33820502	-0.327637131
Fvb6	33968003	33968102	-0.34047619
Fvb6	34363203	34363302	0.309230769
Fvb6	34435803	34435902	-0.306277743
Fvb6	34891503	34891602	0.384067797
Fvb6	34939403	34939502	-0.287356322
Fvb6	35077403	35077502	-0.354285714
Fvb6	35121303	35121402	-0.3
Fvb6	35249203	35249302	0.395652174
Fvb6	35644703	35644802	0.275641026
Fvb6	35826603	35826702	-0.261085856
Fvb6	35826703	35826802	-0.276346604
Fvb6	35828203	35828302	-0.43576779
Fvb6	35828303	35828402	-0.482082368
Fvb6	35828403	35828502	-0.228265452
Fvb6	35832203	35832302	-0.264531159
Fvb6	35851403	35851502	-0.238999137
Fvb6	36076403	36076502	0.305555556
Fvb6	37415303	37415402	-0.230036942
Fvb6	37415403	37415502	-0.395833333
Fvb6	37945703	37945802	-0.295
Fvb6	38241803	38241902	-0.433919455
Fvb6	38790203	38790302	0.226900585
Fvb6	38875003	38875102	0.209895052
Fvb6	39147003	39147102	-0.235765539
Fvb6	39160303	39160402	-0.261992243
Fvb6	39243003	39243102	-0.251317829
Fvb6	39414303	39414402	0.304761905
Fvb6	39573703	39573802	-0.380441264
Fvb6	39575903	39576002	-0.282608696
Fvb6	39578203	39578302	-0.300178253
Fvb6	39578303	39578402	-0.362091503
Fvb6	39578503	39578602	-0.276455026
Fvb6	39580203	39580302	-0.270450524
Fvb6	39586703	39586802	-0.266913064
Fvb6	39603703	39603802	-0.335365854
Fvb6	39604603	39604702	-0.411111111
Fvb6	39610203	39610302	0.225355191
Fvb6	39672203	39672302	0.303730273
Fvb6	39704503	39704602	-0.334517887
Fvb6	39704903	39705002	0.259328358
Fvb6	39706603	39706702	0.210711403
Fvb6	39749003	39749102	0.247058824
Fvb7	659002	659101	-0.245238095
Fvb7	822702	822801	0.201470588
Fvb7	953702	953801	0.258097166
Fvb7	1110302	1110401	-0.213940649
Fvb7	1111002	1111101	-0.326021934
Fvb7	1137502	1137601	0.318306011
Fvb7	1217602	1217701	-0.21841052
Fvb7	1952302	1952401	-0.375331565
Fvb7	2143602	2143701	-0.36875
Fvb7	2609302	2609401	-0.290322581
Fvb7	2746402	2746501	0.354621849
Fvb7	2768502	2768601	-0.251358696
Fvb7	2792102	2792201	-0.3428248
Fvb7	2873502	2873601	-0.297535211
Fvb7	2918502	2918601	-0.28412943
Fvb7	3050602	3050701	0.306976744
Fvb7	3093402	3093501	0.275277234
Fvb7	3468102	3468201	0.224674813
Fvb7	3469502	3469601	-0.269086322
Fvb7	3911402	3911501	-0.217479675
Fvb7	3911502	3911601	-0.262383634
Fvb7	4018602	4018701	-0.293071307
Fvb7	4018802	4018901	-0.30263552
Fvb7	4163802	4163901	0.253968254
Fvb7	4560902	4561001	-0.389375
Fvb7	5034302	5034401	0.362068966
Fvb7	5160002	5160101	0.293333333
Fvb7	5396202	5396301	0.213347796
Fvb7	5551602	5551701	-0.25313059
Fvb7	5711402	5711501	-0.35245478
Fvb7	5971802	5971901	-0.273232323
Fvb7	6191402	6191501	0.341750842
Fvb7	6829502	6829601	-0.208971887
Fvb7	6922102	6922201	0.297222222
Fvb7	7109102	7109201	0.34469697
Fvb7	7222102	7222201	0.234056122
Fvb7	7233202	7233301	-0.234419288
Fvb7	7529102	7529201	-0.3375
Fvb7	8026302	8026401	0.383333333
Fvb7	8153002	8153101	-0.267195767
Fvb7	8285002	8285101	-0.204825597
Fvb7	8373302	8373401	0.408080808
Fvb7	9209102	9209201	0.288043478
Fvb7	9648402	9648501	0.52
Fvb7	10020202	10020301	0.26033966
Fvb7	10026102	10026201	-0.217132867
Fvb7	10249202	10249301	-0.455172414
Fvb7	10383502	10383601	0.378787879
Fvb7	10789502	10789601	-0.279153605
Fvb7	10820202	10820301	0.271129141
Fvb7	10822302	10822401	0.25210728
Fvb7	11250302	11250401	0.203742204
Fvb7	11565002	11565101	0.211111111
Fvb7	11757502	11757601	-0.270749396
Fvb7	11996802	11996901	0.299346405
Fvb7	12243402	12243501	0.294117647
Fvb7	12391702	12391801	0.23821944
Fvb7	12535702	12535801	-0.375460575
Fvb7	12594802	12594901	-0.336086051
Fvb7	12594902	12595001	-0.226404801
Fvb7	12613202	12613301	-0.225903614
Fvb7	12623802	12623901	-0.274541691
Fvb7	12674802	12674901	-0.230950342
Fvb7	12840602	12840701	0.259665145
Fvb7	12991902	12992001	-0.310629515
Fvb7	13258302	13258401	0.213707165
Fvb7	13287002	13287101	0.217335474
Fvb7	13323202	13323301	-0.329957283
Fvb7	13413302	13413401	0.302702703
Fvb7	13475102	13475201	-0.221521522
Fvb7	13739002	13739101	-0.275833333
Fvb7	13739802	13739901	-0.235932203
Fvb7	14265902	14266001	0.389473684
Fvb7	14276302	14276401	0.560606061
Fvb7	14285902	14286001	-0.275043808
Fvb7	14413202	14413301	-0.211764706
Fvb7	15503302	15503401	0.250649351
Fvb7	15511502	15511601	-0.272616633
Fvb7	15544902	15545001	-0.248826291
Fvb7	15779402	15779501	-0.399159664
Fvb7	15833602	15833701	-0.217019952
Fvb7	15916702	15916801	-0.246388443
Fvb7	16009502	16009601	-0.531969309
Fvb7	16327402	16327501	-0.320983811
Fvb7	16350602	16350701	0.212300874
Fvb7	16550102	16550201	-0.339751819
Fvb7	16907002	16907101	0.425203252
Fvb7	17026302	17026401	-0.212241653
Fvb7	17778902	17779001	0.202429757
Fvb7	17885302	17885401	-0.448076923
Fvb7	17966502	17966601	-0.224489796
Fvb7	18017302	18017401	-0.358333333
Fvb7	18104602	18104701	-0.219671063
Fvb7	18347202	18347301	-0.462338594
Fvb7	18953902	18954001	-0.228839261
Fvb7	19478902	19479001	-0.279111645
Fvb7	19530502	19530601	-0.404543694
Fvb7	19530602	19530701	-0.204446957
Fvb7	19532402	19532501	-0.228120516
Fvb7	19533902	19534001	-0.336617406
Fvb7	19534102	19534201	-0.328910937
Fvb7	19541202	19541301	-0.233121126
Fvb7	19558502	19558601	0.342857143
Fvb7	19720702	19720801	-0.433333333
Fvb7	20160002	20160101	0.257997598
Fvb7	20196202	20196301	0.25424275
Fvb7	20242102	20242201	-0.285714286
Fvb7	20254502	20254601	0.210861805
Fvb7	21818802	21818901	-0.216775599
Fvb7	21958602	21958701	0.329124821
Fvb7	22203202	22203301	-0.258594595
Fvb7	22207102	22207201	-0.368838439
Fvb7	22211402	22211501	-0.444444444
Fvb7	22295402	22295501	0.292054795
Fvb7	22519002	22519101	-0.267647059
Fvb7	22871802	22871901	0.398134864
Fvb7	22956702	22956801	-0.348795718
Fvb7	23205702	23205801	-0.216907216
Fvb7	23299102	23299201	0.40015015
Fvb7	24104902	24105001	-0.266741384
