seqnames	start	end	methdiff
Fvb1	766003	766102	0.28968254
Fvb1	5561703	5561802	0.321428571
Fvb1	9974803	9974902	-0.45232816
Fvb1	13062003	13062102	-0.478632479
Fvb1	14852903	14853002	-0.413942944
Fvb1	15560903	15561002	-0.5
Fvb1	18079603	18079702	0.353629977
Fvb1	19093703	19093802	-0.407144733
Fvb1	19388703	19388802	-0.320634921
Fvb1	19980403	19980502	0.56
Fvb1	20443203	20443302	0.319461713
Fvb1	21155503	21155602	0.384188034
Fvb1	21697803	21697902	0.358321377
Fvb1	22170203	22170302	-0.290461391
Fvb1	22760103	22760202	-0.224466463
Fvb1	23089103	23089202	-0.269435216
Fvb1	23219303	23219402	-0.200838834
Fvb1	23509103	23509202	-0.3
Fvb2	93601	93700	0.252173913
Fvb2	246201	246300	0.265991826
Fvb2	275101	275200	0.41966967
Fvb2	503901	504000	0.29982906
Fvb2	504001	504100	0.265917603
Fvb2	1024101	1024200	0.294117647
Fvb2	1595401	1595500	-0.256883186
Fvb2	1606301	1606400	0.298719772
Fvb2	1926901	1927000	-0.269982749
Fvb2	2108701	2108800	-0.21469269
Fvb2	2171301	2171400	-0.448863636
Fvb2	2288101	2288200	-0.300854701
Fvb2	2530201	2530300	-0.223389356
Fvb2	3881401	3881500	-0.356060606
Fvb2	4403801	4403900	-0.409722222
Fvb2	5019801	5019900	0.389652015
Fvb2	5269601	5269700	-0.577142857
Fvb2	6035001	6035100	0.248809524
Fvb2	7818101	7818200	0.317544524
Fvb2	8130001	8130100	0.300438596
Fvb2	8744201	8744300	-0.27826087
Fvb2	8782001	8782100	0.327130852
Fvb2	9108501	9108600	0.261904762
Fvb2	9259901	9260000	0.21656051
Fvb2	9516301	9516400	0.315938511
Fvb2	10596401	10596500	-0.304761905
Fvb2	10719301	10719400	-0.355928282
Fvb2	10768101	10768200	0.409982175
Fvb2	11143301	11143400	-0.228771229
Fvb2	12284001	12284100	0.505387931
Fvb2	12409001	12409100	0.408163265
Fvb2	13030501	13030600	0.227232289
Fvb2	13049101	13049200	0.408441558
Fvb2	13368001	13368100	-0.434677419
Fvb2	13527701	13527800	0.461309524
Fvb2	14337501	14337600	0.277777778
Fvb2	14750301	14750400	-0.269125
Fvb2	15030401	15030500	-0.206757991
Fvb2	15597801	15597900	0.249379653
Fvb2	16515801	16515900	0.260655134
Fvb2	17146001	17146100	0.241610738
Fvb2	17965601	17965700	0.266666667
Fvb2	18649101	18649200	0.332638889
Fvb2	20540701	20540800	0.5
Fvb2	21842401	21842500	-0.209188776
Fvb2	23943001	23943100	-0.41833509
Fvb2	24479901	24480000	0.478632479
Fvb2	24878901	24879000	-0.221602434
Fvb2	25026501	25026600	0.43877551
Fvb2	25933201	25933300	0.480555556
Fvb2	27520001	27520100	0.333333333
Fvb2	29340101	29340200	0.313615502
Fvb3	363703	363802	-0.327106367
Fvb3	1078003	1078102	-0.442622951
Fvb3	2236003	2236102	-0.547368421
Fvb3	2584503	2584602	-0.204781421
Fvb3	2584603	2584702	-0.237604596
Fvb3	3755903	3756002	0.350241546
Fvb3	3987403	3987502	-0.289215686
Fvb3	4992403	4992502	0.215384615
Fvb3	7301903	7302002	0.3980322
Fvb3	8076703	8076802	0.495215311
Fvb3	8395903	8396002	-0.348575712
Fvb3	9739603	9739702	-0.230747126
Fvb3	10359103	10359202	-0.246753247
Fvb3	12504003	12504102	0.3
Fvb3	12777503	12777602	-0.233712121
Fvb3	12777603	12777702	-0.216183782
Fvb3	12838203	12838302	-0.432282004
Fvb3	12843003	12843102	-0.37704371
Fvb3	14047103	14047202	-0.218400876
Fvb3	14742903	14743002	-0.213372472
Fvb3	15447003	15447102	-0.217231435
Fvb3	15701303	15701402	-0.323806881
Fvb3	15789203	15789302	0.336363636
Fvb3	15846703	15846802	0.236872146
Fvb3	16832803	16832902	-0.451599672
Fvb3	16832903	16833002	-0.392105263
Fvb3	17582103	17582202	-0.315909091
Fvb3	18285103	18285202	-0.388571429
Fvb3	18533103	18533202	0.25862069
Fvb3	18960703	18960802	-0.282296651
Fvb3	19051203	19051302	-0.243697479
Fvb3	19585703	19585802	-0.52173913
Fvb3	19692903	19693002	-0.338357588
Fvb3	20441203	20441302	0.293741497
Fvb3	20456903	20457002	-0.39668175
Fvb3	21235903	21236002	-0.574074074
Fvb3	21238603	21238702	0.491111111
Fvb3	21690003	21690102	-0.348837209
Fvb3	21828103	21828202	-0.332163743
Fvb3	22743003	22743102	0.296171802
Fvb3	23272903	23273002	0.413892175
Fvb3	23343303	23343402	0.240648051
Fvb3	23519003	23519102	0.313852814
Fvb3	23676903	23677002	0.383573101
Fvb3	24057803	24057902	0.334430546
Fvb3	24057903	24058002	0.255392157
Fvb3	24245403	24245502	-0.324904215
Fvb3	24411003	24411102	-0.313862249
Fvb3	24453803	24453902	-0.362489487
Fvb3	24651503	24651602	-0.275019598
Fvb3	24878403	24878502	0.277777778
Fvb3	25199603	25199702	0.290409483
Fvb3	25959903	25960002	0.280284386
Fvb3	26020503	26020602	0.296666667
Fvb3	26802103	26802202	-0.210529801
Fvb3	27529403	27529502	0.315384615
Fvb3	28656103	28656202	0.365288221
Fvb3	29018503	29018602	-0.317073171
Fvb3	29660103	29660202	0.261386139
Fvb3	29775503	29775602	0.427606178
Fvb3	30090303	30090402	-0.212697101
Fvb3	30611403	30611502	0.336190476
Fvb3	30774403	30774502	0.257142857
Fvb3	31089903	31090002	-0.296251673
Fvb3	31492003	31492102	0.316765918
Fvb3	32241103	32241202	0.28630137
Fvb3	32293803	32293902	-0.264607425
Fvb3	32306903	32307002	0.286612758
Fvb3	32553303	32553402	-0.295690513
Fvb3	33152903	33153002	0.362002567
Fvb3	34144403	34144502	0.377912395
Fvb4	585303	585402	-0.300811714
Fvb4	2079603	2079702	-0.220496894
Fvb4	2153903	2154002	0.374548374
Fvb4	2496603	2496702	0.58490566
Fvb4	2679703	2679802	-0.255733945
Fvb4	4007103	4007202	-0.381325165
Fvb4	5013503	5013602	-0.216994293
Fvb4	5904303	5904402	0.27373581
Fvb4	6233403	6233502	0.230192077
Fvb4	6639003	6639102	-0.365519793
Fvb4	6794403	6794502	-0.50304878
Fvb4	6992603	6992702	-0.503225806
Fvb4	7458103	7458202	0.307155635
Fvb4	7567603	7567702	-0.297652582
Fvb4	7874803	7874902	0.338505747
Fvb4	8322403	8322502	-0.339303483
Fvb4	8501903	8502002	-0.558922559
Fvb4	10658503	10658602	-0.214285714
Fvb4	11056903	11057002	-0.271777003
Fvb4	11501403	11501502	0.240858506
Fvb4	12006103	12006202	-0.271153846
Fvb4	12015603	12015702	0.298185941
Fvb4	12425803	12425902	0.348473837
Fvb4	12476803	12476902	-0.325255102
Fvb4	13323203	13323302	-0.313480336
Fvb4	13562103	13562202	0.358974359
Fvb4	13651303	13651402	-0.321371611
Fvb4	13790403	13790502	-0.340585146
Fvb4	13800003	13800102	0.306930693
Fvb4	13911603	13911702	-0.271974886
Fvb4	14591803	14591902	0.544334975
Fvb4	14974303	14974402	0.52173913
Fvb4	15180303	15180402	0.223934258
Fvb4	16145403	16145502	0.382740448
Fvb4	16625903	16626002	-0.222962963
Fvb4	16970303	16970402	-0.444672131
Fvb4	17127903	17128002	0.348581213
Fvb4	17459103	17459202	-0.272660819
Fvb4	17553103	17553202	-0.223614847
Fvb4	17721603	17721702	-0.323607427
Fvb4	18079103	18079202	0.323529412
Fvb4	18866003	18866102	0.346873755
Fvb4	19622903	19623002	0.302848242
Fvb4	19880003	19880102	-0.274769035
Fvb4	20124003	20124102	-0.285714286
Fvb4	20227903	20228002	0.5
Fvb4	21820603	21820702	0.28226601
Fvb4	22682103	22682202	-0.390804598
Fvb4	22702303	22702402	0.214583333
Fvb4	24040203	24040302	-0.274164408
Fvb4	24258603	24258702	-0.292896175
Fvb4	25241403	25241502	-0.346363636
Fvb4	25679203	25679302	-0.423242468
Fvb4	26952803	26952902	0.235526316
Fvb4	27894903	27895002	-0.399612403
Fvb4	28638703	28638802	-0.405844156
Fvb5	3516203	3516302	-0.268398268
Fvb5	3769803	3769902	0.363204005
Fvb5	4439603	4439702	0.387649196
Fvb5	4552003	4552102	0.38529482
Fvb5	5121503	5121602	-0.526315789
Fvb5	5133103	5133202	0.46969697
Fvb5	6961703	6961802	0.401395349
Fvb5	8057303	8057402	0.385964912
Fvb5	9855503	9855602	-0.453510436
Fvb5	10294503	10294602	-0.380952381
Fvb5	10379303	10379402	0.318787879
Fvb5	13186803	13186902	0.354054054
Fvb5	13558603	13558702	-0.462435678
Fvb5	15246003	15246102	-0.326118326
Fvb5	16255403	16255502	0.419354839
Fvb5	16323703	16323802	-0.202898551
Fvb5	16359303	16359402	-0.262435678
Fvb5	17741203	17741302	0.30952381
Fvb5	18203003	18203102	-0.221663136
Fvb5	18503003	18503102	-0.225241546
Fvb5	19454103	19454202	-0.379572725
Fvb5	19563803	19563902	-0.404761905
Fvb5	19566703	19566802	-0.295889238
Fvb5	19568403	19568502	-0.230554262
Fvb5	21056003	21056102	-0.228504517
Fvb5	23567503	23567602	-0.455625437
Fvb5	24455103	24455202	-0.201916376
Fvb5	25373303	25373402	-0.300546448
Fvb5	26338703	26338802	-0.343537415
Fvb5	27392003	27392102	-0.272608126
Fvb5	28193003	28193102	0.296969697
Fvb6	1542303	1542402	0.501477833
Fvb6	1555403	1555502	-0.32
Fvb6	3175603	3175702	0.260869565
Fvb6	3389403	3389502	-0.377380952
Fvb6	3543503	3543602	-0.235834897
Fvb6	3666403	3666502	-0.220930233
Fvb6	3685603	3685702	0.278787879
Fvb6	4803603	4803702	-0.370719178
Fvb6	6379103	6379202	0.209646478
Fvb6	8125503	8125602	-0.515151515
Fvb6	10907703	10907802	0.275474124
Fvb6	11085703	11085802	0.321530111
Fvb6	11870303	11870402	-0.246905351
Fvb6	12248803	12248902	-0.529100529
Fvb6	13207303	13207402	-0.302255639
Fvb6	13770603	13770702	-0.354345165
Fvb6	15324503	15324602	0.286713287
Fvb6	15529103	15529202	-0.233243411
Fvb6	15539203	15539302	-0.323076923
Fvb6	15770403	15770502	-0.269855145
Fvb6	16185803	16185902	0.222326454
Fvb6	16233503	16233602	-0.238333333
Fvb6	16268503	16268602	-0.288484848
Fvb6	16481403	16481502	0.201355133
Fvb6	16564703	16564802	0.326765189
Fvb6	16788303	16788402	-0.245747697
Fvb6	17013703	17013802	0.324485126
Fvb6	17172003	17172102	-0.459051724
Fvb6	18211303	18211402	-0.396515152
Fvb6	18211403	18211502	-0.203721489
Fvb6	18510103	18510202	0.506666667
Fvb6	19420703	19420802	-0.349247535
Fvb6	19707403	19707502	0.236771983
Fvb6	19844903	19845002	-0.365765766
Fvb6	19851003	19851102	-0.284298049
Fvb6	21034003	21034102	-0.476190476
Fvb6	22057903	22058002	0.237824533
Fvb6	22817403	22817502	0.551971326
Fvb6	25454203	25454302	0.354920101
Fvb6	25836903	25837002	-0.483530962
Fvb6	26591703	26591802	0.281335523
Fvb6	28620603	28620702	-0.30979021
Fvb6	29100403	29100502	0.416871417
Fvb6	29531203	29531302	-0.373684211
Fvb6	30744303	30744402	0.433257919
Fvb6	30994903	30995002	0.379777455
Fvb6	31875103	31875202	0.320112179
Fvb6	35326303	35326402	-0.287647059
Fvb6	35369403	35369502	-0.433333333
Fvb6	35689603	35689702	0.43015873
Fvb6	38641403	38641502	0.347812098
Fvb6	39155303	39155402	-0.423076923
Fvb7	1959602	1959701	0.418604651
Fvb7	2517102	2517201	0.238672439
Fvb7	3345302	3345401	-0.402150538
Fvb7	3841502	3841601	0.356585366
Fvb7	5138602	5138701	0.270089286
Fvb7	5784702	5784801	-0.389893617
Fvb7	5961602	5961701	-0.369047619
Fvb7	5970002	5970101	-0.346979332
Fvb7	6154702	6154801	0.478333333
Fvb7	7138102	7138201	0.419384058
Fvb7	7958902	7959001	0.389581805
Fvb7	8355202	8355301	0.235294118
Fvb7	9274702	9274801	0.270721925
Fvb7	10557202	10557301	-0.275257108
Fvb7	10569302	10569401	0.277777778
Fvb7	10722002	10722101	0.555443548
Fvb7	10946102	10946201	0.432360743
Fvb7	10996402	10996501	0.357380161
Fvb7	11941402	11941501	-0.325136612
Fvb7	12713602	12713701	0.270626432
Fvb7	13949602	13949701	-0.289687924
Fvb7	15477202	15477301	0.515742129
Fvb7	15674602	15674701	0.569230769
Fvb7	16592402	16592501	-0.564270153
Fvb7	17191802	17191901	-0.263636364
Fvb7	19336102	19336201	-0.395833333
Fvb7	19363202	19363301	-0.376906318
Fvb7	19363302	19363401	-0.388888889
Fvb7	19536802	19536901	-0.307291667
Fvb7	19986102	19986201	-0.450231481
Fvb7	21799202	21799301	-0.376040703
