seqnames	start	end	methdiff
Fvb1	55803	55902	0.307692308
Fvb1	745303	745402	-0.374935799
Fvb1	746003	746102	-0.278581267
Fvb1	760403	760502	-0.337068161
Fvb1	1162003	1162102	0.235272989
Fvb1	1958903	1959002	0.344266891
Fvb1	2092803	2092902	0.21040724
Fvb1	2126303	2126402	0.251953424
Fvb1	2245603	2245702	0.325757576
Fvb1	2432103	2432202	0.277640845
Fvb1	2645803	2645902	0.257575758
Fvb1	3008203	3008302	0.401711277
Fvb1	3590803	3590902	-0.303703704
Fvb1	3870903	3871002	0.26659857
Fvb1	3871103	3871202	0.258629071
Fvb1	4494203	4494302	0.4002849
Fvb1	4495203	4495302	0.360215054
Fvb1	4501303	4501402	0.249822317
Fvb1	4504403	4504502	0.354545455
Fvb1	4504503	4504602	0.481065919
Fvb1	4685903	4686002	0.333333333
Fvb1	4697203	4697302	0.226391407
Fvb1	4975303	4975402	0.282352941
Fvb1	5215003	5215102	0.212232416
Fvb1	5246303	5246402	0.280446123
Fvb1	5273103	5273202	-0.300593765
Fvb1	5363903	5364002	0.303038524
Fvb1	5521803	5521902	-0.257440476
Fvb1	6311003	6311102	0.316666667
Fvb1	6316803	6316902	0.311943426
Fvb1	6383903	6384002	0.266875981
Fvb1	7273503	7273602	0.230473752
Fvb1	7367003	7367102	0.381168831
Fvb1	7433803	7433902	-0.405405405
Fvb1	7464103	7464202	0.214285714
Fvb1	7487803	7487902	0.282070803
Fvb1	7728803	7728902	0.265312701
Fvb1	7954403	7954502	-0.222222222
Fvb1	8140903	8141002	-0.335421888
Fvb1	8355903	8356002	0.260204082
Fvb1	8464503	8464602	0.245098039
Fvb1	8490803	8490902	0.316118936
Fvb1	8492703	8492802	-0.211111111
Fvb1	8580003	8580102	-0.419607843
Fvb1	8580103	8580202	-0.237802854
Fvb1	8781903	8782002	0.302695418
Fvb1	8883103	8883202	0.281094527
Fvb1	9134703	9134802	0.20316237
Fvb1	9389603	9389702	-0.368107984
Fvb1	9437803	9437902	0.262626263
Fvb1	9531203	9531302	0.318442623
Fvb1	9574303	9574402	0.419413919
Fvb1	9743503	9743602	0.252682589
Fvb1	9791603	9791702	0.329720854
Fvb1	10026503	10026602	0.230179028
Fvb1	10472803	10472902	-0.207729008
Fvb1	10475003	10475102	0.271608242
Fvb1	10622603	10622702	-0.243589744
Fvb1	10628903	10629002	0.270119863
Fvb1	10940703	10940802	-0.434848485
Fvb1	11204003	11204102	0.338383838
Fvb1	11359703	11359802	0.222575517
Fvb1	11396503	11396602	-0.225115359
Fvb1	11622403	11622502	-0.395605775
Fvb1	11622503	11622602	-0.268108595
Fvb1	11886003	11886102	0.288223813
Fvb1	12285003	12285102	0.222793296
Fvb1	12306903	12307002	0.229505842
Fvb1	12422503	12422602	0.271978022
Fvb1	12631603	12631702	0.255952381
Fvb1	12670703	12670802	0.262290341
Fvb1	12927903	12928002	-0.509661836
Fvb1	13239903	13240002	-0.212737727
Fvb1	13245603	13245702	0.327131783
Fvb1	13263703	13263802	0.33245614
Fvb1	13307303	13307402	0.525839793
Fvb1	13378703	13378802	0.248663102
Fvb1	13378803	13378902	0.41902687
Fvb1	13390503	13390602	-0.324237089
Fvb1	13411003	13411102	0.272695773
Fvb1	13434703	13434802	0.289621318
Fvb1	13437903	13438002	-0.347465887
Fvb1	13895903	13896002	0.355447606
Fvb1	13963503	13963602	0.253450656
Fvb1	13974203	13974302	0.356299213
Fvb1	13982003	13982102	0.369582348
Fvb1	14080803	14080902	0.330401319
Fvb1	14205703	14205802	-0.247877984
Fvb1	14377703	14377802	0.210909091
Fvb1	14482303	14482402	0.223577236
Fvb1	14740603	14740702	0.425
Fvb1	14741103	14741202	0.364522417
Fvb1	14836003	14836102	-0.305050505
Fvb1	14978403	14978502	0.374741201
Fvb1	15071403	15071502	0.244710532
Fvb1	15140403	15140502	0.275928442
Fvb1	15246803	15246902	0.20473339
Fvb1	15259903	15260002	0.286670918
Fvb1	15281603	15281702	0.209230769
Fvb1	15407203	15407302	-0.233284024
Fvb1	15424903	15425002	0.266580693
Fvb1	15509203	15509302	-0.269980507
Fvb1	15655103	15655202	-0.283267457
Fvb1	15662203	15662302	0.361360544
Fvb1	15860203	15860302	0.336956522
Fvb1	16180303	16180402	-0.266491228
Fvb1	16346303	16346402	0.209340659
Fvb1	16603503	16603602	0.2125
Fvb1	16633803	16633902	-0.305232558
Fvb1	16709003	16709102	0.253488372
Fvb1	16800403	16800502	-0.274891775
Fvb1	16982003	16982102	-0.266666667
Fvb1	17179803	17179902	0.240884498
Fvb1	17204703	17204802	0.285714286
Fvb1	17546103	17546202	0.22599057
Fvb1	17575403	17575502	0.387848035
Fvb1	17615103	17615202	-0.330049261
Fvb1	17818903	17819002	0.311645708
Fvb1	18010903	18011002	0.263208224
Fvb1	18374703	18374802	0.249950249
Fvb1	18408303	18408402	0.307692308
Fvb1	18489603	18489702	-0.329139685
Fvb1	18506803	18506902	0.217963387
Fvb1	18659403	18659502	-0.309401709
Fvb1	18679703	18679802	0.234711912
Fvb1	18771603	18771702	0.314587738
Fvb1	18774503	18774602	0.233333333
Fvb1	19012903	19013002	0.265432099
Fvb1	19221603	19221702	0.257297748
Fvb1	19286103	19286202	0.292901235
Fvb1	19344803	19344902	0.223361959
Fvb1	19500103	19500202	0.260529827
Fvb1	19536503	19536602	0.28492502
Fvb1	19605803	19605902	0.342490842
Fvb1	19608903	19609002	0.260311021
Fvb1	19644203	19644302	0.393464052
Fvb1	19708703	19708802	0.204047619
Fvb1	19712903	19713002	-0.438888889
Fvb1	19869603	19869702	0.274509804
Fvb1	20107603	20107702	-0.243358396
Fvb1	20187903	20188002	-0.280622941
Fvb1	20280003	20280102	0.338103757
Fvb1	20305303	20305402	0.238520408
Fvb1	20419903	20420002	0.256689918
Fvb1	20444003	20444102	0.474827769
Fvb1	20447703	20447802	0.270732116
Fvb1	20524803	20524902	0.346153846
Fvb1	20583703	20583802	-0.363396624
Fvb1	20609203	20609302	0.218931475
Fvb1	20630203	20630302	-0.293075684
Fvb1	20771503	20771602	0.252898551
Fvb1	20783703	20783802	0.261931948
Fvb1	20792903	20793002	0.316787149
Fvb1	20961203	20961302	0.327219369
Fvb1	20962503	20962602	0.433333333
Fvb1	21001403	21001502	0.258784622
Fvb1	21021503	21021602	-0.312987013
Fvb1	21040003	21040102	0.24263855
Fvb1	21125203	21125302	0.304553734
Fvb1	21127603	21127702	0.420906568
Fvb1	21223503	21223602	-0.297619048
Fvb1	21502803	21502902	0.378947368
Fvb1	21571303	21571402	-0.321583179
Fvb1	21620303	21620402	0.207166588
Fvb1	21646403	21646502	0.217133621
Fvb1	21667103	21667202	0.229779412
Fvb1	21798203	21798302	0.210714286
Fvb1	21798303	21798402	0.299264267
Fvb1	21922503	21922602	0.270658683
Fvb1	22127803	22127902	0.213102687
Fvb1	22152003	22152102	-0.239060618
Fvb1	22156803	22156902	-0.210123055
Fvb1	22348503	22348602	0.285714286
Fvb1	22397803	22397902	-0.320993915
Fvb1	22403003	22403102	0.234360003
Fvb1	22465103	22465202	0.284829721
Fvb1	22497303	22497402	0.24688057
Fvb1	22621703	22621802	-0.280518659
Fvb1	22668803	22668902	0.425287356
Fvb1	22673303	22673402	0.34
Fvb1	22748803	22748902	0.312618725
Fvb1	22787103	22787202	-0.205405652
Fvb1	22828403	22828502	0.269607843
Fvb1	22997303	22997402	0.248765432
Fvb1	22999903	23000002	-0.329009434
Fvb1	23004603	23004702	0.262295082
Fvb1	23011903	23012002	-0.283524904
Fvb1	23058403	23058502	-0.332652397
Fvb1	23096403	23096502	0.408045977
Fvb1	23151103	23151202	0.413461538
Fvb1	23160603	23160702	-0.328190743
Fvb1	23164303	23164402	-0.332121212
Fvb1	23205403	23205502	0.214158083
Fvb1	23218503	23218602	0.304273504
Fvb1	23235203	23235302	0.237023008
Fvb1	23306603	23306702	0.282379674
Fvb1	23323403	23323502	-0.355443403
Fvb1	23355203	23355302	0.35
Fvb1	23411303	23411402	0.321070234
Fvb1	23417503	23417602	0.302844874
Fvb1	23431003	23431102	0.270762025
Fvb1	23434003	23434102	0.245908347
Fvb1	23453703	23453802	0.289713938
Fvb1	23475003	23475102	0.263264845
Fvb1	23512903	23513002	-0.241161513
Fvb1	23520503	23520602	0.331182589
Fvb1	23546503	23546602	0.256480971
Fvb1	23635403	23635502	0.217352415
Fvb1	23652603	23652702	0.237380237
Fvb1	23667403	23667502	0.307733051
Fvb1	23670903	23671002	0.346638655
Fvb1	23806303	23806402	0.221966206
Fvb1	23933303	23933402	0.352322206
Fvb1	24142803	24142902	0.422608696
Fvb1	24145503	24145602	0.23223605
Fvb1	24157203	24157302	0.275918367
Fvb1	24185803	24185902	-0.29029304
Fvb1	24215303	24215402	0.270219729
Fvb2	297501	297600	0.214622642
Fvb2	321201	321300	0.456221198
Fvb2	371001	371100	0.254369935
Fvb2	446901	447000	0.247683872
Fvb2	450401	450500	0.287878788
Fvb2	450901	451000	0.221445221
Fvb2	458801	458900	0.20990991
Fvb2	474901	475000	-0.410216718
Fvb2	477001	477100	0.287713472
Fvb2	792301	792400	0.348349921
Fvb2	798601	798700	0.417369727
Fvb2	814901	815000	0.240011751
Fvb2	1077601	1077700	0.262857143
Fvb2	1143901	1144000	-0.208552632
Fvb2	1146701	1146800	0.425
Fvb2	1150201	1150300	0.277257525
Fvb2	1349401	1349500	-0.216149296
Fvb2	1351901	1352000	-0.237988304
Fvb2	1682001	1682100	0.25708061
Fvb2	1721201	1721300	0.32607582
Fvb2	1810601	1810700	0.215587045
Fvb2	1891201	1891300	-0.369565217
Fvb2	1903501	1903600	0.374470659
Fvb2	2041001	2041100	0.287940379
Fvb2	2128401	2128500	-0.314424075
Fvb2	2202201	2202300	0.229452055
Fvb2	2287801	2287900	0.462519936
Fvb2	2421701	2421800	0.245348837
Fvb2	2556501	2556600	0.206185567
Fvb2	3012701	3012800	0.265406162
Fvb2	3299101	3299200	0.25
Fvb2	3384801	3384900	0.298941799
Fvb2	3541101	3541200	0.423523598
Fvb2	3638101	3638200	-0.412371134
Fvb2	3643101	3643200	0.365204889
Fvb2	3667801	3667900	-0.269416411
Fvb2	3690801	3690900	0.612962963
Fvb2	4004201	4004300	-0.272328952
Fvb2	4269201	4269300	0.373623685
Fvb2	4612101	4612200	-0.426455026
Fvb2	4823101	4823200	-0.287664433
Fvb2	4842101	4842200	-0.260293591
Fvb2	4885601	4885700	-0.265884653
Fvb2	4902101	4902200	-0.229887291
Fvb2	4912201	4912300	0.3125
Fvb2	5063301	5063400	0.330519481
Fvb2	5063401	5063500	0.43015873
Fvb2	5118001	5118100	0.319828722
Fvb2	5326201	5326300	-0.332798717
Fvb2	5335401	5335500	0.294642857
Fvb2	5416701	5416800	0.25089064
Fvb2	5535201	5535300	-0.225277631
Fvb2	5587501	5587600	-0.266666667
Fvb2	5640101	5640200	-0.272606383
Fvb2	5659601	5659700	0.417419355
Fvb2	5935101	5935200	0.285472973
Fvb2	6013901	6014000	0.203054299
Fvb2	6037101	6037200	-0.29976985
Fvb2	6061301	6061400	0.271906052
Fvb2	6109101	6109200	-0.387058824
Fvb2	6132501	6132600	0.223361093
Fvb2	6174901	6175000	0.411347518
Fvb2	6266301	6266400	0.294871795
Fvb2	6288601	6288700	0.337690632
Fvb2	6337301	6337400	0.589673913
Fvb2	6354101	6354200	0.237988581
Fvb2	6354501	6354600	0.384055333
Fvb2	6513501	6513600	0.326704545
Fvb2	6973401	6973500	0.367567568
Fvb2	6984401	6984500	0.218950064
Fvb2	7017601	7017700	-0.343815514
Fvb2	7366301	7366400	0.225806452
Fvb2	7388301	7388400	0.395533499
Fvb2	7465301	7465400	0.262156957
Fvb2	7465501	7465600	0.270069112
Fvb2	7497701	7497800	0.259931114
Fvb2	7504801	7504900	0.246246246
Fvb2	7534501	7534600	-0.27537946
Fvb2	7534901	7535000	-0.336927224
Fvb2	7712001	7712100	0.244978029
Fvb2	7713101	7713200	-0.307316221
Fvb2	7800501	7800600	0.254969045
Fvb2	7803201	7803300	0.337142857
Fvb2	7870901	7871000	0.472222222
Fvb2	8047801	8047900	0.471306471
Fvb2	8073601	8073700	0.492307692
Fvb2	8117601	8117700	-0.377192982
Fvb2	8406501	8406600	0.240281224
Fvb2	8407501	8407600	0.222965351
Fvb2	8669701	8669800	0.236842105
Fvb2	8808501	8808600	0.417603874
Fvb2	8868701	8868800	0.262117347
Fvb2	9011301	9011400	0.335947712
Fvb2	9011401	9011500	0.269684617
Fvb2	9157501	9157600	0.479638009
Fvb2	9727801	9727900	-0.295757576
Fvb2	9786401	9786500	0.291208791
Fvb2	9832501	9832600	-0.35959975
Fvb2	9949101	9949200	0.235418744
Fvb2	10052301	10052400	-0.447368421
Fvb2	10151801	10151900	0.20574427
Fvb2	10154701	10154800	-0.394265233
Fvb2	10295001	10295100	0.322077922
Fvb2	10303301	10303400	0.366807611
Fvb2	10327401	10327500	0.244442674
Fvb2	10533201	10533300	0.214230769
Fvb2	10543801	10543900	-0.350039318
Fvb2	10548201	10548300	-0.269114878
Fvb2	10591501	10591600	0.203810947
Fvb2	10599901	10600000	-0.274095554
Fvb2	10600301	10600400	0.203659976
Fvb2	10601201	10601300	0.241043036
Fvb2	10603201	10603300	-0.328437133
Fvb2	10604201	10604300	0.209302326
Fvb2	10606601	10606700	0.207905138
Fvb2	10611001	10611100	0.259444444
Fvb2	10764801	10764900	0.225870515
Fvb2	10775301	10775400	-0.425
Fvb2	11031801	11031900	-0.268106312
Fvb2	11181801	11181900	0.226011994
Fvb2	11242701	11242800	0.225275202
Fvb2	11385601	11385700	-0.230371009
Fvb2	11500901	11501000	-0.276190476
Fvb2	11698501	11698600	-0.354739117
Fvb2	12377301	12377400	-0.339408867
Fvb2	12427501	12427600	0.466589862
Fvb2	12842101	12842200	0.318442623
Fvb2	12849401	12849500	0.24122807
Fvb2	13198601	13198700	0.290366581
Fvb2	13233601	13233700	0.291326531
Fvb2	13468301	13468400	-0.435849057
Fvb2	13494001	13494100	0.240516546
Fvb2	13847801	13847900	0.400689655
Fvb2	13889501	13889600	0.251629824
Fvb2	14071701	14071800	-0.371604938
Fvb2	14096101	14096200	0.273075583
Fvb2	14113901	14114000	0.260504202
Fvb2	14232301	14232400	0.319214478
Fvb2	14304701	14304800	-0.353571429
Fvb2	14342201	14342300	0.21201373
Fvb2	14357101	14357200	-0.211082791
Fvb2	14369201	14369300	0.304946237
Fvb2	14384701	14384800	0.278904665
Fvb2	14460101	14460200	0.220512821
Fvb2	14573401	14573500	-0.33604336
Fvb2	14605601	14605700	-0.295050588
Fvb2	14796501	14796600	0.216110369
Fvb2	14806801	14806900	-0.285263987
Fvb2	15006501	15006600	0.249151104
Fvb2	15315201	15315300	0.368269231
Fvb2	15543101	15543200	-0.447809879
Fvb2	15577101	15577200	0.213097713
Fvb2	15591701	15591800	0.363941769
Fvb2	15666501	15666600	0.374447174
Fvb2	15875001	15875100	0.264599856
Fvb2	16227801	16227900	0.337386018
Fvb2	16353501	16353600	-0.343442623
Fvb2	16555401	16555500	-0.287474747
Fvb2	16616301	16616400	-0.244444444
Fvb2	16711501	16711600	0.373040752
Fvb2	16811701	16811800	0.338355716
Fvb2	16819801	16819900	0.296741855
Fvb2	16882701	16882800	-0.348837209
Fvb2	16897601	16897700	0.236307231
Fvb2	17021901	17022000	0.260634921
Fvb2	17220501	17220600	0.248867314
Fvb2	17358401	17358500	0.211926823
Fvb2	17544001	17544100	0.404454023
Fvb2	17712501	17712600	0.202702703
Fvb2	17760001	17760100	0.425
Fvb2	18066901	18067000	0.374698795
Fvb2	18109201	18109300	0.267755102
Fvb2	18110901	18111000	0.3377542
Fvb2	18235201	18235300	-0.306792453
Fvb2	18356101	18356200	-0.304030374
Fvb2	18356201	18356300	-0.30069262
Fvb2	18530801	18530900	0.26712963
Fvb2	19151301	19151400	0.405844156
Fvb2	19169501	19169600	0.391812865
Fvb2	19201101	19201200	0.271428571
Fvb2	19473801	19473900	0.376842105
Fvb2	19519501	19519600	-0.214285714
Fvb2	19906301	19906400	0.462962963
Fvb2	19931801	19931900	0.486972147
Fvb2	20049601	20049700	0.222222222
Fvb2	20074201	20074300	0.444444444
Fvb2	20074301	20074400	0.552173913
Fvb2	20148001	20148100	0.309992372
Fvb2	20277801	20277900	0.204547206
Fvb2	20686801	20686900	-0.340770791
Fvb2	20839001	20839100	0.25285582
Fvb2	20886801	20886900	0.31169297
Fvb2	20895501	20895600	-0.23880597
Fvb2	20903301	20903400	0.324884793
Fvb2	20964901	20965000	0.217673631
Fvb2	21267301	21267400	-0.266826923
Fvb2	21460901	21461000	-0.425465839
Fvb2	21523201	21523300	0.297457627
Fvb2	21655801	21655900	-0.333333333
Fvb2	21727701	21727800	-0.290322581
Fvb2	22029101	22029200	-0.270093458
Fvb2	22042801	22042900	0.240769779
Fvb2	22057001	22057100	-0.242896743
Fvb2	22223001	22223100	0.296699175
Fvb2	22322801	22322900	0.418181818
Fvb2	22604801	22604900	0.27505529
Fvb2	23006301	23006400	0.233664185
Fvb2	23054601	23054700	-0.290655885
Fvb2	23054901	23055000	-0.33423913
Fvb2	23172101	23172200	0.249545455
Fvb2	23498601	23498700	0.245194805
Fvb2	23584801	23584900	0.247698181
Fvb2	23905501	23905600	0.251351351
Fvb2	23966701	23966800	-0.283469945
Fvb2	24076401	24076500	-0.225768008
Fvb2	24237001	24237100	0.218693467
Fvb2	24319201	24319300	0.285211268
Fvb2	24400001	24400100	0.226207556
Fvb2	24401001	24401100	0.292350908
Fvb2	24470101	24470200	0.30618415
Fvb2	24475901	24476000	0.208346658
Fvb2	24487201	24487300	-0.299033298
Fvb2	24936301	24936400	0.283488372
Fvb2	25273701	25273800	0.257800609
Fvb2	25444001	25444100	0.325413223
Fvb2	25955101	25955200	-0.222222222
Fvb2	26019801	26019900	0.355392157
Fvb2	26124001	26124100	0.314417823
Fvb2	26362801	26362900	0.221904509
Fvb2	26362901	26363000	0.257320413
Fvb2	26533201	26533300	0.447916667
Fvb2	26655401	26655500	0.338319088
Fvb2	27040101	27040200	-0.370959194
Fvb2	27107801	27107900	0.225142857
Fvb2	27247401	27247500	0.43452381
Fvb2	27247901	27248000	0.203528173
Fvb2	27375501	27375600	0.307692308
Fvb2	27668401	27668500	0.252816901
Fvb2	27844801	27844900	0.224733475
Fvb2	27880001	27880100	0.45021645
Fvb2	28328101	28328200	0.535947712
Fvb2	28520401	28520500	0.28453159
Fvb2	28553001	28553100	0.332404181
Fvb2	28553101	28553200	0.423648649
Fvb2	28765201	28765300	0.285136502
Fvb2	29235201	29235300	0.248239437
Fvb2	29241901	29242000	0.298778528
Fvb2	29242001	29242100	0.249122807
Fvb3	216803	216902	0.296640141
Fvb3	363503	363602	0.383838384
Fvb3	642403	642502	0.394996708
Fvb3	824403	824502	0.245419355
Fvb3	839303	839402	-0.287142208
Fvb3	1046803	1046902	0.251491366
Fvb3	1798503	1798602	0.278532609
Fvb3	1820803	1820902	0.218540212
Fvb3	1973203	1973302	0.415830116
Fvb3	2021203	2021302	0.295
Fvb3	2021303	2021402	0.209717608
Fvb3	2191903	2192002	-0.494832041
Fvb3	2397803	2397902	0.227564103
Fvb3	2602703	2602802	0.33035343
Fvb3	2602803	2602902	0.203388747
Fvb3	2781803	2781902	-0.270308123
Fvb3	3052703	3052802	0.320512821
Fvb3	3058003	3058102	0.206681952
Fvb3	3625503	3625602	-0.310204082
Fvb3	3833003	3833102	0.256171735
Fvb3	3902203	3902302	0.324242424
Fvb3	3999703	3999802	0.272434018
Fvb3	4009803	4009902	0.287983255
Fvb3	4061103	4061202	0.391986063
Fvb3	4115603	4115702	0.358741682
Fvb3	4116303	4116402	0.257699275
Fvb3	4233003	4233102	0.25778978
Fvb3	4628603	4628702	-0.354099863
Fvb3	5241503	5241602	-0.396993811
Fvb3	5451903	5452002	0.311721612
Fvb3	5575203	5575302	0.224509804
Fvb3	6601103	6601202	-0.254524887
Fvb3	6686803	6686902	0.231481481
Fvb3	7011403	7011502	0.24411303
Fvb3	7181803	7181902	-0.245454545
Fvb3	7648603	7648702	0.394736842
Fvb3	8273103	8273202	-0.410714286
Fvb3	8906003	8906102	0.228418384
Fvb3	9054203	9054302	0.304869442
Fvb3	9262603	9262702	-0.358272059
Fvb3	9502703	9502802	0.320707071
Fvb3	9602703	9602802	0.242261905
Fvb3	9603903	9604002	0.245322245
Fvb3	9623103	9623202	0.205970149
Fvb3	9707303	9707402	0.233198208
Fvb3	9755203	9755302	0.250087812
Fvb3	10043503	10043602	0.337095013
Fvb3	10315203	10315302	0.450588235
Fvb3	10324703	10324802	0.295947712
Fvb3	10369903	10370002	0.203759683
Fvb3	10716903	10717002	0.210149254
Fvb3	10800003	10800102	0.321428571
Fvb3	10829503	10829602	0.273329934
Fvb3	10939303	10939402	0.217087132
Fvb3	10939503	10939602	0.275643225
Fvb3	10965303	10965402	0.311578947
Fvb3	10989303	10989402	-0.206947948
Fvb3	11173303	11173402	0.231541083
Fvb3	11825403	11825502	0.471895425
Fvb3	11929503	11929602	0.230221254
Fvb3	12064603	12064702	0.294521452
Fvb3	12198703	12198802	0.334050179
Fvb3	12309903	12310002	-0.326833631
Fvb3	12417903	12418002	0.208431527
Fvb3	12490203	12490302	0.222222222
Fvb3	12832703	12832802	-0.260384871
Fvb3	13063803	13063902	0.248878009
Fvb3	13110803	13110902	0.448979592
Fvb3	13158703	13158802	0.237556561
Fvb3	13296803	13296902	0.375384615
Fvb3	13363703	13363802	0.384811417
Fvb3	13368203	13368302	-0.263736264
Fvb3	13703203	13703302	0.288003663
Fvb3	13740703	13740802	-0.312743933
Fvb3	13818303	13818402	0.230989349
Fvb3	14157203	14157302	0.208212209
Fvb3	14255903	14256002	0.274170274
Fvb3	14295403	14295502	-0.271674272
Fvb3	14388003	14388102	0.214814815
Fvb3	14426603	14426702	-0.337763012
Fvb3	14451103	14451202	0.268115942
Fvb3	14794103	14794202	-0.467870257
Fvb3	14987303	14987402	-0.203953488
Fvb3	15389903	15390002	0.527777778
Fvb3	15391903	15392002	0.378919861
Fvb3	15637203	15637302	-0.424713584
Fvb3	15656803	15656902	0.448198198
Fvb3	15859903	15860002	0.297348485
Fvb3	15900503	15900602	0.232630625
Fvb3	15906303	15906402	0.28137931
Fvb3	16017403	16017502	0.215920839
Fvb3	16081303	16081402	0.265745008
Fvb3	16088303	16088402	0.20582878
Fvb3	16451503	16451602	0.293595041
Fvb3	16501203	16501302	0.242753623
Fvb3	16599803	16599902	0.231925555
Fvb3	16689803	16689902	0.252913753
Fvb3	16817503	16817602	0.421052632
Fvb3	16824703	16824802	0.392857143
Fvb3	16916703	16916802	0.225507246
Fvb3	17127203	17127302	0.254760979
Fvb3	17239203	17239302	-0.306122449
Fvb3	17613903	17614002	-0.255789474
Fvb3	17761003	17761102	0.359545837
Fvb3	17761103	17761202	0.380906461
Fvb3	17788403	17788502	0.226755218
Fvb3	17789403	17789502	0.371550773
Fvb3	18035303	18035402	0.309200603
Fvb3	18090203	18090302	0.221586575
Fvb3	18361203	18361302	0.327542373
Fvb3	18522303	18522402	0.386554622
Fvb3	18545703	18545802	0.29219805
Fvb3	18629303	18629402	-0.22616408
Fvb3	18734403	18734502	0.240354206
Fvb3	18991403	18991502	0.274232055
Fvb3	19283503	19283602	0.213636364
Fvb3	19333503	19333602	0.222222222
Fvb3	19442003	19442102	0.203636364
Fvb3	19468903	19469002	0.274055829
Fvb3	19480603	19480702	0.233778626
Fvb3	19597003	19597102	0.391666667
Fvb3	19625803	19625902	0.308712121
Fvb3	19672203	19672302	0.349837662
Fvb3	19754803	19754902	0.207262611
Fvb3	19859503	19859602	0.267464115
Fvb3	19984203	19984302	-0.275641026
Fvb3	20145703	20145802	0.379310345
Fvb3	20147203	20147302	0.3625
Fvb3	20160403	20160502	0.384615385
Fvb3	20162103	20162202	-0.311965812
Fvb3	20232403	20232502	0.226203021
Fvb3	20232503	20232602	0.259235115
Fvb3	20352303	20352402	0.221748676
Fvb3	20392703	20392802	-0.257624113
Fvb3	20418403	20418502	-0.31303068
Fvb3	20437203	20437302	0.344444444
Fvb3	20527603	20527702	0.322725418
Fvb3	20528303	20528402	0.586687307
Fvb3	20535803	20535902	-0.20444553
Fvb3	20541203	20541302	0.239532964
Fvb3	20565503	20565602	0.285237835
Fvb3	20565603	20565702	0.287806748
Fvb3	20565703	20565802	0.268332767
Fvb3	20572503	20572602	-0.23231383
Fvb3	20576203	20576302	0.246345113
Fvb3	20599503	20599602	0.367984694
Fvb3	20661503	20661602	-0.4
Fvb3	20702203	20702302	-0.259781358
Fvb3	20704403	20704502	-0.355072464
Fvb3	20860903	20861002	0.216216216
Fvb3	20998103	20998202	0.321018062
Fvb3	21118203	21118302	-0.414617486
Fvb3	21240303	21240402	-0.244261256
Fvb3	21560003	21560102	-0.306224005
Fvb3	21564803	21564902	-0.361349342
Fvb3	21745703	21745802	0.305418719
Fvb3	21962003	21962102	0.244827586
Fvb3	22100603	22100702	0.38648948
Fvb3	22141003	22141102	0.263341472
Fvb3	22353403	22353502	0.24047619
Fvb3	22353503	22353602	-0.22965322
Fvb3	22363203	22363302	0.264353824
Fvb3	22409303	22409402	-0.210144928
Fvb3	22427503	22427602	0.22833843
Fvb3	22443903	22444002	-0.222268908
Fvb3	22449703	22449802	0.316176471
Fvb3	22766803	22766902	0.31471536
Fvb3	22767203	22767302	-0.24789916
Fvb3	22974903	22975002	0.329776423
Fvb3	22987503	22987602	-0.431216931
Fvb3	23343603	23343702	0.249672424
Fvb3	23403603	23403702	0.349431818
Fvb3	23446503	23446602	-0.380952381
Fvb3	23481103	23481202	-0.243695015
Fvb3	23749303	23749402	-0.36008316
Fvb3	23766803	23766902	0.298130841
Fvb3	23925603	23925702	0.401289683
Fvb3	24150403	24150502	-0.210822511
Fvb3	24157003	24157102	-0.29769989
Fvb3	24270303	24270402	0.47012987
Fvb3	24342403	24342502	-0.261751608
Fvb3	24352003	24352102	0.45030426
Fvb3	24379203	24379302	0.248057714
Fvb3	24392103	24392202	0.223763924
Fvb3	24407103	24407202	0.211711712
Fvb3	24412203	24412302	-0.292063492
Fvb3	24474103	24474202	0.382251082
Fvb3	24604703	24604802	0.289393939
Fvb3	24612903	24613002	0.260297483
Fvb3	24718503	24718602	0.333928571
Fvb3	24818603	24818702	0.413967611
Fvb3	24879203	24879302	0.249614554
Fvb3	24942403	24942502	0.246748421
Fvb3	25017003	25017102	-0.22283508
Fvb3	25083103	25083202	0.210347531
Fvb3	25097403	25097502	0.252356638
Fvb3	25154203	25154302	0.401960784
Fvb3	25176903	25177002	0.263218391
Fvb3	25179403	25179502	0.215080094
Fvb3	25307803	25307902	-0.258617762
Fvb3	25393603	25393702	0.302777778
Fvb3	25409203	25409302	0.293762575
Fvb3	25447903	25448002	-0.209564423
Fvb3	25464803	25464902	0.31372549
Fvb3	25482203	25482302	0.362318841
Fvb3	25482703	25482802	0.236918854
Fvb3	25559303	25559402	-0.27605364
Fvb3	25578403	25578502	0.206521739
Fvb3	25580003	25580102	0.261792453
Fvb3	25617803	25617902	0.229166667
Fvb3	25657103	25657202	-0.2209385
Fvb3	25763203	25763302	-0.382395382
Fvb3	25876003	25876102	0.403010033
Fvb3	25924803	25924902	0.228009402
Fvb3	25971303	25971402	0.446428571
Fvb3	25996703	25996802	0.209064327
Fvb3	26015503	26015602	0.259139785
Fvb3	26016803	26016902	0.268095114
Fvb3	26033403	26033502	-0.274560833
Fvb3	26134303	26134402	0.215452133
Fvb3	26207003	26207102	0.240435109
Fvb3	26223803	26223902	0.262684366
Fvb3	26227603	26227702	0.358558559
Fvb3	26239003	26239102	0.281639344
Fvb3	26242003	26242102	-0.310869565
Fvb3	26288603	26288702	0.2166241
Fvb3	26294103	26294202	0.355590062
Fvb3	26415003	26415102	0.32482646
Fvb3	26615203	26615302	0.209147357
Fvb3	26687003	26687102	0.200452489
Fvb3	26687103	26687202	0.257671125
Fvb3	26701703	26701802	-0.270135747
Fvb3	26735003	26735102	0.541176471
Fvb3	26745003	26745102	0.214837942
Fvb3	26784003	26784102	-0.348370927
Fvb3	26842603	26842702	0.218419261
Fvb3	27226903	27227002	0.309884779
Fvb3	27248303	27248402	0.481481481
Fvb3	27297603	27297702	0.344444444
Fvb3	27313503	27313602	0.228571429
Fvb3	27322203	27322302	0.283978254
Fvb3	27329703	27329802	0.355665025
Fvb3	27422103	27422202	-0.258522727
Fvb3	27440803	27440902	0.361956522
Fvb3	27568803	27568902	0.386438446
Fvb3	27623703	27623802	0.295652174
Fvb3	27649703	27649802	0.358305275
Fvb3	27816303	27816402	0.3
Fvb3	27862003	27862102	0.452380952
Fvb3	27915303	27915402	0.488461538
Fvb3	28126203	28126302	-0.281052632
Fvb3	28332603	28332702	0.305949966
Fvb3	28340503	28340602	-0.306428571
Fvb3	28381403	28381502	-0.489795918
Fvb3	28448103	28448202	-0.327203551
Fvb3	28704603	28704702	0.302631579
Fvb3	28790903	28791002	0.234183673
Fvb3	28834903	28835002	0.294203962
Fvb3	28837003	28837102	0.470238095
Fvb3	28842303	28842402	-0.244444444
Fvb3	29098603	29098702	0.259677419
Fvb3	29098703	29098802	0.202917699
Fvb3	29155103	29155202	0.403743316
Fvb3	29171603	29171702	0.418181818
Fvb3	29225703	29225802	0.257241216
Fvb3	29565103	29565202	0.264150943
Fvb3	29683403	29683502	-0.331728455
Fvb3	29789303	29789402	0.257184967
Fvb3	29972103	29972202	-0.206432749
Fvb3	30243903	30244002	0.220155039
Fvb3	30563203	30563302	0.237510656
Fvb3	30807803	30807902	0.335866261
Fvb3	30953203	30953302	0.237542764
Fvb3	31140603	31140702	0.290598291
Fvb3	31153303	31153402	0.228194993
Fvb3	31292403	31292502	0.228882391
Fvb3	31366703	31366802	0.237259816
Fvb3	31551403	31551502	-0.356639248
Fvb3	31664103	31664202	0.443434343
Fvb3	31690503	31690602	0.313963211
Fvb3	31693003	31693102	0.221804511
Fvb3	31782203	31782302	-0.229810568
Fvb3	31782403	31782502	-0.258638385
Fvb3	31887503	31887602	-0.385970149
Fvb3	31989803	31989902	0.239864865
Fvb3	32000903	32001002	0.271308523
Fvb3	32009203	32009302	0.252515091
Fvb3	32208703	32208802	0.270789474
Fvb3	32344403	32344502	0.436868687
Fvb3	32356803	32356902	0.214695341
Fvb3	33087203	33087302	0.313844816
Fvb3	33087703	33087802	0.20990991
Fvb3	33154003	33154102	0.273666804
Fvb3	33343903	33344002	-0.393743793
Fvb3	33477603	33477702	0.201783992
Fvb3	33660603	33660702	0.211764706
Fvb3	33844303	33844402	-0.260452962
Fvb3	33867803	33867902	0.42630273
Fvb3	33873703	33873802	-0.266645428
Fvb3	34034103	34034202	0.269573371
Fvb3	34287103	34287202	0.295502312
Fvb3	34338103	34338202	0.293478261
Fvb3	34339903	34340002	0.269981288
Fvb3	34342003	34342102	0.343609023
Fvb3	34441103	34441202	0.254404988
Fvb3	34527403	34527502	-0.268142048
Fvb3	34664703	34664802	0.292316999
Fvb3	34849203	34849302	0.267904509
Fvb3	34896903	34897002	0.239193273
Fvb3	34899803	34899902	0.30977131
Fvb3	35177703	35177802	0.326960784
Fvb3	35403403	35403502	0.442887931
Fvb3	35427603	35427702	-0.227354839
Fvb3	35449903	35450002	-0.272785623
Fvb3	35459603	35459702	0.356104651
Fvb3	35655803	35655902	0.331268437
Fvb3	36172003	36172102	0.204678363
Fvb3	36179503	36179602	0.298799314
Fvb3	36262303	36262402	-0.212557319
Fvb3	36613803	36613902	0.324016563
Fvb3	36667703	36667802	0.208333333
Fvb3	36731403	36731502	0.318369453
Fvb3	36809903	36810002	-0.217659533
Fvb3	37152103	37152202	-0.215059376
Fvb3	37176903	37177002	0.320824882
Fvb3	37178703	37178802	0.356009615
Fvb3	37246703	37246802	0.293631563
Fvb3	37686403	37686502	0.353684211
Fvb3	37783003	37783102	-0.355715871
Fvb3	38014803	38014902	-0.233381713
Fvb3	38131703	38131802	-0.272013367
Fvb3	38135303	38135402	0.312164143
Fvb4	81303	81402	0.392137097
Fvb4	200803	200902	0.219191271
Fvb4	237603	237702	0.306712565
Fvb4	517703	517802	0.230693027
Fvb4	566003	566102	0.244985394
Fvb4	576403	576502	0.23045788
Fvb4	598403	598502	0.273851921
Fvb4	670103	670202	-0.25806927
Fvb4	670203	670302	-0.334313725
Fvb4	670303	670402	-0.313657977
Fvb4	689203	689302	0.291423002
Fvb4	1087003	1087102	0.318518519
Fvb4	1155403	1155502	-0.221239545
Fvb4	1333703	1333802	0.354278628
Fvb4	1376603	1376702	-0.248284073
Fvb4	1533903	1534002	0.314576271
Fvb4	1625703	1625802	0.246782243
Fvb4	1874103	1874202	-0.223744292
Fvb4	1884203	1884302	0.250556297
Fvb4	1999403	1999502	0.253294617
Fvb4	2032103	2032202	0.372052904
Fvb4	2047703	2047802	0.297435897
Fvb4	2135403	2135502	0.243235294
Fvb4	2154103	2154202	-0.262987013
Fvb4	2260903	2261002	0.409090909
Fvb4	2382503	2382602	0.375683891
Fvb4	2408903	2409002	0.238350785
Fvb4	2679803	2679902	-0.201297754
Fvb4	2831003	2831102	0.279411765
Fvb4	2858603	2858702	-0.267857143
Fvb4	3022703	3022802	0.294670846
Fvb4	3027203	3027302	0.297582418
Fvb4	3035903	3036002	-0.223586745
Fvb4	3478503	3478602	0.232827832
Fvb4	4157403	4157502	0.344734473
Fvb4	4167203	4167302	0.2125
Fvb4	4202203	4202302	-0.320175439
Fvb4	4270503	4270602	0.222222222
Fvb4	4331003	4331102	-0.354251012
Fvb4	4341603	4341702	0.332844575
Fvb4	4516803	4516902	0.212483617
Fvb4	4562203	4562302	-0.342377261
Fvb4	4660503	4660602	0.250448029
Fvb4	4887303	4887402	0.289772727
Fvb4	4891003	4891102	0.286795172
Fvb4	4976503	4976602	-0.227240143
Fvb4	5042403	5042502	-0.207792208
Fvb4	5092903	5093002	-0.293563579
Fvb4	5131503	5131602	0.268768769
Fvb4	5320903	5321002	-0.231063055
Fvb4	5463503	5463602	0.333333333
Fvb4	5528603	5528702	-0.218909033
Fvb4	5601103	5601202	0.328853047
Fvb4	5637503	5637602	0.272500656
Fvb4	5815903	5816002	-0.342705405
Fvb4	5854303	5854402	0.247979798
Fvb4	5854703	5854802	-0.416666667
Fvb4	5880303	5880402	0.322115385
Fvb4	5928003	5928102	-0.211904762
Fvb4	6194103	6194202	-0.210108074
Fvb4	6357203	6357302	0.260971787
Fvb4	6357403	6357502	0.288062665
Fvb4	6525203	6525302	0.388435374
Fvb4	6573903	6574002	0.242124542
Fvb4	6734503	6734602	-0.234416155
Fvb4	6780703	6780802	0.415517241
Fvb4	6862603	6862702	-0.232189542
Fvb4	6880203	6880302	0.283156499
Fvb4	6893503	6893602	-0.341915086
Fvb4	6951603	6951702	-0.322619048
Fvb4	6961803	6961902	-0.285898808
Fvb4	7098703	7098802	0.221875
Fvb4	7210603	7210702	0.290495315
Fvb4	7292103	7292202	0.233477633
Fvb4	7345903	7346002	0.231132075
Fvb4	7390003	7390102	0.435416667
Fvb4	7392503	7392602	-0.206264775
Fvb4	7421403	7421502	0.432692308
Fvb4	7494603	7494702	-0.270562771
Fvb4	7667503	7667602	-0.369747899
Fvb4	7764803	7764902	0.260482375
Fvb4	7772403	7772502	0.269073966
Fvb4	7774503	7774602	0.266380236
Fvb4	7780703	7780802	-0.370624571
Fvb4	7924503	7924602	-0.225925926
Fvb4	7960203	7960302	-0.295380994
Fvb4	8222603	8222702	0.369318182
Fvb4	8231103	8231202	0.338888889
Fvb4	8261303	8261402	-0.297965116
Fvb4	8356003	8356102	0.273504274
Fvb4	8435703	8435802	-0.45112782
Fvb4	8458203	8458302	0.263888889
Fvb4	8498303	8498402	0.236112275
Fvb4	8546503	8546602	0.267114441
Fvb4	8726103	8726202	-0.223695112
Fvb4	8754803	8754902	0.298701299
Fvb4	8802303	8802402	-0.316666667
Fvb4	8856503	8856602	0.213450292
Fvb4	8893103	8893202	0.398850575
Fvb4	8922803	8922902	0.219542326
Fvb4	8941403	8941502	0.311507937
Fvb4	9001903	9002002	-0.233411397
Fvb4	9005903	9006002	0.2712627
Fvb4	9192403	9192502	0.265734266
Fvb4	9243103	9243202	0.258064516
Fvb4	9354203	9354302	0.336622807
Fvb4	9418203	9418302	0.241302589
Fvb4	9508103	9508202	0.537280702
Fvb4	9531703	9531802	0.221283986
Fvb4	9595203	9595302	0.284623773
Fvb4	9615003	9615102	-0.24432703
Fvb4	9656203	9656302	0.245135591
Fvb4	9717003	9717102	0.240707434
Fvb4	9855503	9855602	-0.327778416
Fvb4	9855603	9855702	-0.228675136
Fvb4	9886203	9886302	0.245178258
Fvb4	9886403	9886502	0.240740741
Fvb4	9963103	9963202	-0.256637996
Fvb4	10007403	10007502	0.281481481
Fvb4	10165803	10165902	0.285714286
Fvb4	10331603	10331702	0.271752577
Fvb4	10346803	10346902	0.240129218
Fvb4	10449003	10449102	-0.25338967
Fvb4	10559703	10559802	0.394698085
Fvb4	10624303	10624402	0.282188326
Fvb4	10664503	10664602	0.212698413
Fvb4	10725103	10725202	0.203983277
Fvb4	10832003	10832102	0.244444444
Fvb4	11157603	11157702	0.205576249
Fvb4	11551903	11552002	0.221611284
Fvb4	11613103	11613202	0.357758621
Fvb4	11617003	11617102	0.293118467
Fvb4	11627403	11627502	0.20696958
Fvb4	11830103	11830202	-0.238869863
Fvb4	11838803	11838902	0.334998335
Fvb4	11930303	11930402	0.243295019
Fvb4	11988803	11988902	-0.207622766
Fvb4	12015603	12015702	-0.3
Fvb4	12169603	12169702	0.289836348
Fvb4	12182603	12182702	0.3
Fvb4	12183803	12183902	0.302755376
Fvb4	12284603	12284702	0.223136582
Fvb4	12322403	12322502	0.255572442
Fvb4	12397203	12397302	-0.201228879
Fvb4	12506103	12506202	0.218775712
Fvb4	12569503	12569602	-0.298022599
Fvb4	12631603	12631702	0.225862069
Fvb4	12634403	12634502	0.327427095
Fvb4	12636903	12637002	0.263894363
Fvb4	12647903	12648002	-0.334248456
Fvb4	12672003	12672102	-0.30474177
Fvb4	12707103	12707202	0.213675214
Fvb4	12815303	12815402	0.236652237
Fvb4	12847803	12847902	0.324694708
Fvb4	12954503	12954602	0.241450068
Fvb4	13012603	13012702	0.21862473
Fvb4	13029203	13029302	0.243806306
Fvb4	13111503	13111602	0.308609999
Fvb4	13111603	13111702	0.235177866
Fvb4	13141403	13141502	0.35587143
Fvb4	13149403	13149502	0.202868852
Fvb4	13181703	13181802	0.526740238
Fvb4	13260803	13260902	0.249324324
Fvb4	13273003	13273102	0.23522054
Fvb4	13279403	13279502	0.41025641
Fvb4	13345503	13345602	0.225205872
Fvb4	13362603	13362702	0.274085483
Fvb4	13386003	13386102	0.371167048
Fvb4	13388003	13388102	-0.345552297
Fvb4	13397303	13397402	0.345974955
Fvb4	13442303	13442402	-0.292156863
Fvb4	13448203	13448302	0.254219409
Fvb4	13493403	13493502	0.234872255
Fvb4	13602403	13602502	0.326086957
Fvb4	13699003	13699102	0.482517483
Fvb4	13788303	13788402	0.314285714
Fvb4	13805003	13805102	0.227682811
Fvb4	13929403	13929502	0.303007519
Fvb4	14103203	14103302	-0.215686275
Fvb4	14185303	14185402	0.387867647
Fvb4	14221203	14221302	-0.311827957
Fvb4	14247303	14247402	-0.473333333
Fvb4	14275703	14275802	0.378787879
Fvb4	14291603	14291702	0.206521739
Fvb4	14345803	14345902	-0.302439024
Fvb4	14361203	14361302	-0.324175824
Fvb4	14605003	14605102	-0.28339052
Fvb4	14682703	14682802	0.271325368
Fvb4	14683703	14683802	0.352272727
Fvb4	14690403	14690502	0.277777778
Fvb4	14697903	14698002	0.325555556
Fvb4	14717703	14717802	-0.345384615
Fvb4	14877703	14877802	-0.295885438
Fvb4	14932603	14932702	0.349977096
Fvb4	14972603	14972702	0.241666667
Fvb4	15045603	15045702	0.264299183
Fvb4	15134703	15134802	-0.416996047
Fvb4	15135603	15135702	0.448412698
Fvb4	15140103	15140202	0.294664372
Fvb4	15140503	15140602	0.455357143
Fvb4	15142303	15142402	0.226285461
Fvb4	15151003	15151102	0.291048729
Fvb4	15151203	15151302	0.227455357
Fvb4	15152203	15152302	0.23537415
Fvb4	15166303	15166402	0.540616246
Fvb4	15228503	15228602	0.302197802
Fvb4	15441203	15441302	0.324285714
Fvb4	15457003	15457102	0.47311828
Fvb4	15875003	15875102	-0.242051282
Fvb4	15878303	15878402	0.210710638
Fvb4	16071703	16071802	0.355904659
Fvb4	16238703	16238802	0.438636364
Fvb4	16819003	16819102	0.253734671
Fvb4	17210603	17210702	0.33227345
Fvb4	17403503	17403602	-0.281833616
Fvb4	17457703	17457802	0.34922964
Fvb4	17571703	17571802	0.251141553
Fvb4	17625603	17625702	0.274595687
Fvb4	17753503	17753602	0.232183908
Fvb4	17816403	17816502	0.377777778
Fvb4	17837403	17837502	0.251805248
Fvb4	17913003	17913102	-0.378846154
Fvb4	17926103	17926202	0.248200546
Fvb4	18007103	18007202	0.350140056
Fvb4	18029003	18029102	0.24961137
Fvb4	18034103	18034202	0.281764319
Fvb4	18230403	18230502	-0.235010873
Fvb4	18263903	18264002	0.336021505
Fvb4	18295703	18295802	-0.33267398
Fvb4	18349403	18349502	0.253193332
Fvb4	18366403	18366502	0.343667197
Fvb4	18366503	18366602	0.277412281
Fvb4	18366903	18367002	0.290151397
Fvb4	18558203	18558302	0.605603448
Fvb4	18562503	18562602	-0.336969697
Fvb4	18579703	18579802	0.350961538
Fvb4	18605703	18605802	0.300925926
Fvb4	18644203	18644302	0.373467113
Fvb4	18845703	18845802	-0.215913978
Fvb4	18937103	18937202	0.219761171
Fvb4	19054003	19054102	0.260947676
Fvb4	19143103	19143202	-0.242268041
Fvb4	19162903	19163002	0.295296717
Fvb4	19173103	19173202	-0.27114211
Fvb4	19190003	19190102	0.27745478
Fvb4	19211503	19211602	0.251414427
Fvb4	19362503	19362602	0.420948617
Fvb4	19536203	19536302	0.470108696
Fvb4	19584503	19584602	0.25245098
Fvb4	19726503	19726602	0.218599791
Fvb4	19829403	19829502	0.22119403
Fvb4	19890403	19890502	-0.215465465
Fvb4	19959303	19959402	-0.249125874
Fvb4	20010503	20010602	0.215020968
Fvb4	20052103	20052202	-0.34077218
Fvb4	20071503	20071602	-0.382663848
Fvb4	20108403	20108502	0.219240953
Fvb4	20110003	20110102	0.210205832
Fvb4	20271203	20271302	-0.437246964
Fvb4	20384303	20384402	0.254743833
Fvb4	20444203	20444302	0.269108701
Fvb4	20719503	20719602	0.537435897
Fvb4	20755003	20755102	0.255024876
Fvb4	20773703	20773802	0.336743044
Fvb4	20830103	20830202	0.209246638
Fvb4	20830303	20830402	0.292207792
Fvb4	20845803	20845902	-0.287545788
Fvb4	20861303	20861402	0.208333333
Fvb4	20937903	20938002	0.342460615
Fvb4	21021503	21021602	0.365763547
Fvb4	21253303	21253402	0.243619048
Fvb4	21262103	21262202	-0.227373264
Fvb4	21432103	21432202	0.316269285
Fvb4	21728803	21728902	0.280077369
Fvb4	21864603	21864702	0.327777778
Fvb4	21866803	21866902	-0.625884732
Fvb4	21906003	21906102	-0.233333333
Fvb4	22226803	22226902	0.317829457
Fvb4	22324703	22324802	-0.228219697
Fvb4	22406103	22406202	0.262056851
Fvb4	22455903	22456002	0.384353741
Fvb4	22456803	22456902	0.260782059
Fvb4	22596903	22597002	0.513709677
Fvb4	22685203	22685302	0.282072829
Fvb4	22738603	22738702	-0.254782873
Fvb4	22818403	22818502	0.241666667
Fvb4	22877003	22877102	-0.314236111
Fvb4	22885303	22885402	-0.547987616
Fvb4	23011103	23011202	-0.284090909
Fvb4	23396003	23396102	-0.410852713
Fvb4	23413103	23413202	-0.222889306
Fvb4	23743003	23743102	0.462519936
Fvb4	24036303	24036402	0.238648948
Fvb4	24121003	24121102	0.235294118
Fvb4	24139103	24139202	-0.248626374
Fvb4	24349003	24349102	-0.239640066
Fvb4	24478803	24478902	0.474629196
Fvb4	24560703	24560802	0.372340426
Fvb4	24757703	24757802	0.301098603
Fvb4	24841303	24841402	0.252896486
Fvb4	24945103	24945202	0.317813765
Fvb4	24990103	24990202	0.30952381
Fvb4	25247603	25247702	0.267966603
Fvb4	25406003	25406102	0.2638332
Fvb4	26054003	26054102	0.242621932
Fvb4	26295803	26295902	0.220470006
Fvb4	26333203	26333302	0.369212963
Fvb4	26507703	26507802	-0.240856436
Fvb4	26761303	26761402	0.270014347
Fvb4	26764403	26764502	0.285954786
Fvb4	27316103	27316202	-0.224471435
Fvb4	27755703	27755802	-0.325396825
Fvb4	28200303	28200402	0.267295597
Fvb4	28282703	28282802	-0.392494929
Fvb4	28304903	28305002	0.440191388
Fvb4	28465003	28465102	-0.31888042
Fvb4	29162203	29162302	-0.289473684
Fvb4	29166503	29166602	0.267682746
Fvb4	29172203	29172302	0.29585327
Fvb4	29172303	29172402	0.334283678
Fvb4	29491403	29491502	0.253499431
Fvb4	30153203	30153302	0.233493718
Fvb4	30158003	30158102	-0.260106789
Fvb4	30408103	30408202	0.256593407
Fvb4	30408303	30408402	0.370562771
Fvb4	30437303	30437402	-0.301509588
Fvb4	30807203	30807302	0.25
Fvb4	30828503	30828602	0.22043612
Fvb4	31075103	31075202	0.405606407
Fvb4	31677403	31677502	0.330811265
Fvb4	31822703	31822802	-0.384615385
Fvb4	32195703	32195802	-0.211538462
Fvb4	32304803	32304902	0.21103264
Fvb4	32309903	32310002	0.256577199
Fvb4	32619503	32619602	0.434311224
Fvb4	32684703	32684802	0.233333333
Fvb4	32689403	32689502	0.212365591
Fvb4	32696703	32696802	-0.292682927
Fvb4	32701503	32701602	0.336996337
Fvb4	32707203	32707302	0.248789809
Fvb4	33132303	33132402	0.473039216
Fvb4	33221803	33221902	0.231377624
Fvb4	33304603	33304702	0.26
Fvb4	33549103	33549202	0.214880952
Fvb5	512103	512202	0.205726995
Fvb5	555003	555102	0.331180017
Fvb5	613103	613202	-0.26323458
Fvb5	620303	620402	0.295238095
Fvb5	622403	622502	-0.209532483
Fvb5	627003	627102	-0.275928009
Fvb5	629303	629402	0.352842809
Fvb5	631203	631302	0.354896676
Fvb5	947303	947402	0.342822895
Fvb5	1212403	1212502	0.294403893
Fvb5	1862103	1862202	0.21686747
Fvb5	2268903	2269002	0.370235935
Fvb5	2325603	2325702	0.257072779
Fvb5	2377303	2377402	0.255769231
Fvb5	2755103	2755202	0.220889955
Fvb5	2794203	2794302	0.275599129
Fvb5	2810703	2810802	-0.266091418
Fvb5	2822503	2822602	0.325404858
Fvb5	2824603	2824702	-0.23443043
Fvb5	3521703	3521802	-0.281550872
Fvb5	3558603	3558702	0.251231527
Fvb5	3647003	3647102	0.232193732
Fvb5	3647203	3647302	0.381520119
Fvb5	3714903	3715002	-0.256944444
Fvb5	3741103	3741202	0.281593407
Fvb5	3848103	3848202	-0.244852941
Fvb5	4162203	4162302	0.43452381
Fvb5	4212603	4212702	0.272628726
Fvb5	4334003	4334102	0.355769231
Fvb5	4463303	4463402	-0.217160548
Fvb5	4467403	4467502	-0.227812718
Fvb5	4505803	4505902	0.20952381
Fvb5	4725603	4725702	0.382949309
Fvb5	4734503	4734602	0.201303122
Fvb5	5128203	5128302	0.335227273
Fvb5	5134703	5134802	0.356809701
Fvb5	5521803	5521902	0.277187459
Fvb5	5751203	5751302	0.525
Fvb5	5999103	5999202	-0.252825857
Fvb5	6585103	6585202	0.348484848
Fvb5	6588603	6588702	0.394736842
Fvb5	6904703	6904802	0.218168873
Fvb5	7386303	7386402	0.201174168
Fvb5	7409903	7410002	0.315494619
Fvb5	7492803	7492902	0.234548959
Fvb5	7761203	7761302	0.291547958
Fvb5	7917603	7917702	0.281871345
Fvb5	8663803	8663902	0.216418605
Fvb5	8893203	8893302	-0.314086957
Fvb5	9161503	9161602	0.252459016
Fvb5	9392803	9392902	-0.32
Fvb5	10262903	10263002	0.252864157
Fvb5	10339303	10339402	0.281468531
Fvb5	10501403	10501502	0.308729356
Fvb5	11165303	11165402	0.407407407
Fvb5	11282903	11283002	0.227708916
Fvb5	11284303	11284402	0.328277886
Fvb5	11319903	11320002	0.319148936
Fvb5	11465303	11465402	-0.271176234
Fvb5	11564703	11564802	0.245596206
Fvb5	11633003	11633102	0.22972973
Fvb5	11668203	11668302	0.261649682
Fvb5	11673103	11673202	0.267759563
Fvb5	11834303	11834402	0.245704128
Fvb5	11895703	11895802	0.524509804
Fvb5	11974003	11974102	0.207296849
Fvb5	12424303	12424402	0.291428571
Fvb5	12743203	12743302	0.225079365
Fvb5	12776103	12776202	0.311965812
Fvb5	12875603	12875702	0.210793689
Fvb5	13186203	13186302	-0.300982801
Fvb5	13212703	13212802	0.297806611
Fvb5	13278403	13278502	-0.254020468
Fvb5	13326903	13327002	0.22979798
Fvb5	13495603	13495702	0.217567379
Fvb5	13621203	13621302	0.21265225
Fvb5	13622203	13622302	-0.279081134
Fvb5	13635803	13635902	0.398648649
Fvb5	13854903	13855002	-0.403409091
Fvb5	13957603	13957702	-0.205797894
Fvb5	14141803	14141902	0.209768922
Fvb5	14163203	14163302	-0.359253066
Fvb5	14204503	14204602	-0.33714002
Fvb5	14214003	14214102	0.247287523
Fvb5	14278903	14279002	0.201285382
Fvb5	14819203	14819302	0.345374932
Fvb5	14940203	14940302	-0.202054795
Fvb5	15322303	15322402	-0.230769231
Fvb5	15414003	15414102	-0.366407982
Fvb5	15508603	15508702	-0.280612245
Fvb5	15523803	15523902	0.209222561
Fvb5	15553403	15553502	-0.238070404
Fvb5	15583603	15583702	0.260411899
Fvb5	15651703	15651802	0.264268419
Fvb5	16187403	16187502	0.22260274
Fvb5	16269803	16269902	0.522289488
Fvb5	16286503	16286602	0.265627591
Fvb5	16334703	16334802	-0.241792369
Fvb5	16355603	16355702	0.214285714
Fvb5	16388703	16388802	0.225974026
Fvb5	16392503	16392602	0.200125185
Fvb5	16447603	16447702	0.283043478
Fvb5	16473503	16473602	0.26443769
Fvb5	16479803	16479902	0.224460579
Fvb5	16514103	16514202	0.240492958
Fvb5	16572703	16572802	0.369503832
Fvb5	16685803	16685902	0.213405239
Fvb5	16853803	16853902	-0.430379747
Fvb5	17083003	17083102	0.292702486
Fvb5	17192703	17192802	-0.20527307
Fvb5	17394703	17394802	0.394435352
Fvb5	17398503	17398602	0.304413747
Fvb5	17461903	17462002	-0.283505155
Fvb5	17493903	17494002	0.239798125
Fvb5	17570803	17570902	0.322812846
Fvb5	17604303	17604402	0.273580247
Fvb5	17689803	17689902	-0.325737705
Fvb5	17695103	17695202	0.386363636
Fvb5	17698703	17698802	-0.228717949
Fvb5	17705303	17705402	0.230698529
Fvb5	17726403	17726502	0.279487179
Fvb5	17745603	17745702	-0.262553802
Fvb5	17812503	17812602	-0.416144201
Fvb5	18092003	18092102	-0.431782946
Fvb5	18219703	18219802	0.293939394
Fvb5	18698703	18698802	0.431263858
Fvb5	19098303	19098402	0.219372873
Fvb5	19125403	19125502	0.5
Fvb5	19162403	19162502	0.283882784
Fvb5	19233103	19233202	0.2
Fvb5	19234103	19234202	0.255444091
Fvb5	19242303	19242402	0.250957188
Fvb5	19255503	19255602	0.303030303
Fvb5	19260903	19261002	-0.339602926
Fvb5	19303003	19303102	0.24975025
Fvb5	19366903	19367002	0.342449923
Fvb5	19406403	19406502	-0.236550633
Fvb5	19417103	19417202	0.367656766
Fvb5	19422103	19422202	0.38372093
Fvb5	19458303	19458402	-0.269914216
Fvb5	19458603	19458702	-0.356666667
Fvb5	19479703	19479802	0.208185354
Fvb5	19509003	19509102	-0.25
Fvb5	19513503	19513602	-0.326188257
Fvb5	19521403	19521502	0.388344227
Fvb5	19524403	19524502	-0.256957328
Fvb5	19534603	19534702	-0.349802372
Fvb5	19534703	19534802	-0.31031746
Fvb5	19568603	19568702	-0.203971963
Fvb5	19568803	19568902	-0.32
Fvb5	19614903	19615002	0.337042925
Fvb5	19615103	19615202	0.336899225
Fvb5	19615203	19615302	0.358345021
Fvb5	19655203	19655302	-0.363939394
Fvb5	19670303	19670402	0.365546218
Fvb5	19674403	19674502	0.28
Fvb5	20070503	20070602	0.280167525
Fvb5	20073403	20073502	-0.405448718
Fvb5	20275103	20275202	0.2004662
Fvb5	20307403	20307502	0.214900362
Fvb5	20357403	20357502	0.411428571
Fvb5	20529803	20529902	0.313266444
Fvb5	20549603	20549702	0.507183908
Fvb5	20716003	20716102	0.26048951
Fvb5	20859703	20859802	0.357966457
Fvb5	20893003	20893102	-0.297077922
Fvb5	20990903	20991002	0.365797101
Fvb5	21038503	21038602	0.352325094
Fvb5	21109103	21109202	0.291723202
Fvb5	21141803	21141902	0.333939394
Fvb5	21244503	21244602	-0.276422764
Fvb5	21432103	21432202	0.22469835
Fvb5	21438203	21438302	-0.281663811
Fvb5	21446203	21446302	0.361702128
Fvb5	21530803	21530902	-0.243832919
Fvb5	21542403	21542502	0.321500722
Fvb5	21593203	21593302	-0.263626251
Fvb5	21638503	21638602	0.215250965
Fvb5	21682403	21682502	-0.278193146
Fvb5	21767403	21767502	0.239282154
Fvb5	22060703	22060802	0.245872849
Fvb5	22082503	22082602	0.233653382
Fvb5	22181103	22181202	-0.326075949
Fvb5	22192303	22192402	0.221666667
Fvb5	22197203	22197302	0.286931818
Fvb5	22326503	22326602	0.231860126
Fvb5	22336703	22336802	0.22253559
Fvb5	22377403	22377502	0.210445469
Fvb5	22391503	22391602	0.241891892
Fvb5	22439803	22439902	0.377777778
Fvb5	22465503	22465602	-0.289673913
Fvb5	22562503	22562602	0.226382488
Fvb5	22627503	22627602	-0.220930233
Fvb5	22651603	22651702	0.220236766
Fvb5	22656203	22656302	-0.329688354
Fvb5	22762903	22763002	0.330749354
Fvb5	22865703	22865802	-0.296606335
Fvb5	23038803	23038902	0.228190959
Fvb5	23212803	23212902	0.382105263
Fvb5	23329303	23329402	0.333333333
Fvb5	23697503	23697602	0.363090773
Fvb5	23770503	23770602	0.337864854
Fvb5	23778503	23778602	0.388311688
Fvb5	24133103	24133202	0.447293447
Fvb5	24186403	24186502	0.227272727
Fvb5	24393703	24393802	0.352087114
Fvb5	24438903	24439002	0.448387097
Fvb5	24670603	24670702	0.31592827
Fvb5	24680903	24681002	0.268869402
Fvb5	24697403	24697502	0.341496599
Fvb5	24848403	24848502	-0.333790738
Fvb5	24929903	24930002	-0.378402904
Fvb5	24939503	24939602	0.351851852
Fvb5	25033103	25033202	0.3125
Fvb5	25148503	25148602	-0.238235294
Fvb5	25277703	25277802	0.283695652
Fvb5	25282703	25282802	-0.222396105
Fvb5	25305103	25305202	0.530959752
Fvb5	25540503	25540602	0.310281518
Fvb5	25541003	25541102	0.353535354
Fvb5	25550403	25550502	-0.212867477
Fvb5	25671703	25671802	0.230293137
Fvb5	25715203	25715302	0.325
Fvb5	26060003	26060102	0.317041125
Fvb5	26135403	26135502	0.498491704
Fvb5	26241703	26241802	0.293184885
Fvb5	26361203	26361302	-0.220289855
Fvb5	26483903	26484002	0.21372549
Fvb5	26525503	26525602	-0.21038961
Fvb5	26695003	26695102	0.478040541
Fvb5	26702703	26702802	-0.289903846
Fvb5	27016803	27016902	-0.24078712
Fvb5	27017803	27017902	0.210457963
Fvb5	27053903	27054002	-0.301075269
Fvb5	27183703	27183802	0.375
Fvb5	27191803	27191902	0.21863354
Fvb5	27397703	27397802	0.373813093
Fvb5	27441303	27441402	0.453775039
Fvb5	27510103	27510202	0.255035347
Fvb5	27541903	27542002	0.392301392
Fvb5	27615203	27615302	0.418869187
Fvb5	27755203	27755302	0.259622238
Fvb5	27756303	27756402	0.422556391
Fvb5	27825803	27825902	-0.295833333
Fvb5	27836903	27837002	0.242853059
Fvb5	27908103	27908202	0.278579356
Fvb5	27912403	27912502	-0.292063492
Fvb5	28218003	28218102	0.27724359
Fvb5	28399603	28399702	0.259090909
Fvb5	28954703	28954802	-0.316216216
Fvb5	28972803	28972902	0.352564103
Fvb5	29092103	29092202	0.286904762
Fvb5	29254903	29255002	0.211188811
Fvb5	29258703	29258802	-0.267675208
Fvb5	29259103	29259202	-0.348966614
Fvb5	29325803	29325902	0.375
Fvb6	78903	79002	-0.287658521
Fvb6	144803	144902	0.281860465
Fvb6	200103	200202	-0.358351964
Fvb6	200303	200402	-0.313511612
Fvb6	444503	444602	0.334701493
Fvb6	895003	895102	0.252688172
Fvb6	982403	982502	0.277545036
Fvb6	1176603	1176702	0.329268293
Fvb6	2135603	2135702	-0.3125
Fvb6	2146003	2146102	0.238927739
Fvb6	2158003	2158102	-0.22373247
Fvb6	2274403	2274502	-0.300154083
Fvb6	2391303	2391402	0.275370528
Fvb6	2409603	2409702	-0.377232143
Fvb6	2661603	2661702	0.411764706
Fvb6	2713903	2714002	-0.277011494
Fvb6	2913903	2914002	0.269151139
Fvb6	2945503	2945602	-0.23952381
Fvb6	3844003	3844102	-0.405279503
Fvb6	3931403	3931502	-0.333858764
Fvb6	3951503	3951602	0.335068315
Fvb6	4066203	4066302	0.232793522
Fvb6	4182303	4182402	-0.400966184
Fvb6	4342503	4342602	-0.408902692
Fvb6	4387703	4387802	-0.28372093
Fvb6	4396303	4396402	0.353046595
Fvb6	4537703	4537802	0.230053191
Fvb6	4582103	4582202	0.398412698
Fvb6	4951403	4951502	0.250381679
Fvb6	5133503	5133602	-0.3622422
Fvb6	5338703	5338802	0.433515483
Fvb6	5702803	5702902	0.273794003
Fvb6	5924103	5924202	0.278401122
Fvb6	6019303	6019402	0.31884058
Fvb6	6290603	6290702	0.410830999
Fvb6	6369303	6369402	-0.376923077
Fvb6	6389203	6389302	-0.232258065
Fvb6	6523903	6524002	-0.284552846
Fvb6	6779503	6779602	0.240829346
Fvb6	7010803	7010902	0.243363378
Fvb6	7259003	7259102	0.280663781
Fvb6	7295203	7295302	0.430735931
Fvb6	7745203	7745302	0.367825607
Fvb6	7751103	7751202	0.216757941
Fvb6	7835903	7836002	0.209916994
Fvb6	7985403	7985502	0.371180264
Fvb6	8114903	8115002	0.211084705
Fvb6	8115003	8115102	-0.408668731
Fvb6	8139903	8140002	-0.66
Fvb6	8316103	8316202	0.320948617
Fvb6	8370603	8370702	-0.612526221
Fvb6	8694903	8695002	-0.280405405
Fvb6	9222603	9222702	0.228993273
Fvb6	9243803	9243902	-0.411299435
Fvb6	9687903	9688002	0.276740238
Fvb6	9834703	9834802	0.282678428
Fvb6	10054403	10054502	-0.479166667
Fvb6	10090003	10090102	0.304663609
Fvb6	10178903	10179002	0.339361702
Fvb6	10388703	10388802	-0.219903692
Fvb6	10394403	10394502	0.259259259
Fvb6	10575203	10575302	0.358616681
Fvb6	10661803	10661902	0.279990736
Fvb6	10662003	10662102	0.257306305
Fvb6	10666703	10666802	0.285087719
Fvb6	10914703	10914802	0.227746592
Fvb6	10998903	10999002	0.324297924
Fvb6	11120603	11120702	-0.497126437
Fvb6	11233703	11233802	0.208025682
Fvb6	11305003	11305102	0.263285024
Fvb6	11411503	11411602	0.211805556
Fvb6	11564203	11564302	0.249768304
Fvb6	11645203	11645302	0.27854251
Fvb6	11832603	11832702	0.291791045
Fvb6	12194703	12194802	0.234030197
Fvb6	12515703	12515802	0.449753695
Fvb6	12515803	12515902	0.478494624
Fvb6	12517103	12517202	0.251574612
Fvb6	12831303	12831402	-0.221919231
Fvb6	12888303	12888402	0.241205155
Fvb6	12901303	12901402	0.41
Fvb6	12902403	12902502	-0.304347826
Fvb6	12908003	12908102	-0.304166667
Fvb6	12915303	12915402	0.336649551
Fvb6	12982803	12982902	0.299528302
Fvb6	13100603	13100702	0.266705069
Fvb6	13120003	13120102	0.304924242
Fvb6	13163203	13163302	0.261538462
Fvb6	13180903	13181002	0.292038359
Fvb6	13210103	13210202	0.27478903
Fvb6	13267803	13267902	0.402960526
Fvb6	13358103	13358202	0.305322129
Fvb6	13627503	13627602	-0.391666667
Fvb6	13683203	13683302	0.325
Fvb6	13752003	13752102	-0.242757243
Fvb6	13777303	13777402	-0.346428571
Fvb6	13821603	13821702	0.210702341
Fvb6	13827503	13827602	0.297058824
Fvb6	13962303	13962402	-0.336336336
Fvb6	13982603	13982702	0.316067653
Fvb6	14067803	14067902	-0.40158371
Fvb6	14279803	14279902	-0.250751001
Fvb6	14365403	14365502	0.394268346
Fvb6	14484703	14484802	0.323529412
Fvb6	14509503	14509602	0.407142857
Fvb6	14512503	14512602	0.275793651
Fvb6	14512603	14512702	0.460365854
Fvb6	14570003	14570102	0.40479798
Fvb6	14583003	14583102	0.364285714
Fvb6	14660803	14660902	0.353976073
Fvb6	14819303	14819402	0.204985792
Fvb6	14830703	14830802	-0.282782783
Fvb6	14878303	14878402	-0.4936407
Fvb6	14901503	14901602	0.234030197
Fvb6	14915003	14915102	0.285007072
Fvb6	14915103	14915202	0.272063492
Fvb6	14928103	14928202	0.298780488
Fvb6	15078103	15078202	0.201550388
Fvb6	15311603	15311702	0.401098901
Fvb6	15454503	15454602	0.287345485
Fvb6	15485803	15485902	0.405460061
Fvb6	15603003	15603102	0.261471626
Fvb6	15604803	15604902	0.220041913
Fvb6	15648703	15648802	0.283033096
Fvb6	15892603	15892702	0.329326923
Fvb6	15956403	15956502	0.230442898
Fvb6	16015303	16015402	0.271181717
Fvb6	16044003	16044102	0.220522016
Fvb6	16196803	16196902	-0.456797235
Fvb6	16485403	16485502	0.214665878
Fvb6	16519003	16519102	-0.203235361
Fvb6	16623803	16623902	0.200847907
Fvb6	16636003	16636102	0.219873454
Fvb6	16650903	16651002	0.242654509
Fvb6	16657003	16657102	0.327696078
Fvb6	16836103	16836202	-0.30068109
Fvb6	16865003	16865102	0.254967742
Fvb6	16885803	16885902	0.265915321
Fvb6	16968803	16968902	0.290971823
Fvb6	17013903	17014002	0.427359491
Fvb6	17027103	17027202	0.231950845
Fvb6	17062803	17062902	0.288961039
Fvb6	17237703	17237802	0.297158116
Fvb6	17264803	17264902	0.211794577
Fvb6	17268803	17268902	0.529350105
Fvb6	17290103	17290202	0.424545455
Fvb6	17321103	17321202	0.246153846
Fvb6	17327403	17327502	0.234941945
Fvb6	17327503	17327602	0.258064516
Fvb6	17365403	17365502	0.286287089
Fvb6	17385003	17385102	0.221052632
Fvb6	17518103	17518202	0.35
Fvb6	17544503	17544602	0.27519685
Fvb6	17632803	17632902	0.276732846
Fvb6	17659703	17659802	-0.364467983
Fvb6	17876503	17876602	0.34125692
Fvb6	17977603	17977702	0.229924242
Fvb6	17990503	17990602	0.217436975
Fvb6	18076003	18076102	0.206509078
Fvb6	18111803	18111902	0.337528604
Fvb6	18296903	18297002	0.329696395
Fvb6	18489903	18490002	-0.424715447
Fvb6	18565103	18565202	-0.259642382
Fvb6	18656303	18656402	-0.238344988
Fvb6	18802903	18803002	-0.268762677
Fvb6	18946503	18946602	0.556206089
Fvb6	19037103	19037202	0.311311311
Fvb6	19146803	19146902	-0.206521739
Fvb6	19156303	19156402	-0.423404255
Fvb6	19166303	19166402	0.279448622
Fvb6	19197103	19197202	-0.25915801
Fvb6	19241903	19242002	0.231751097
Fvb6	19291503	19291602	-0.278801843
Fvb6	19423103	19423202	0.271428571
Fvb6	19471003	19471102	-0.359834711
Fvb6	19487103	19487202	-0.416666667
Fvb6	19491703	19491802	0.305050505
Fvb6	19651003	19651102	-0.296363636
Fvb6	19658203	19658302	-0.282207792
Fvb6	19659703	19659802	0.389285714
Fvb6	19660603	19660702	0.22172619
Fvb6	19684803	19684902	0.231372549
Fvb6	19715903	19716002	0.333333333
Fvb6	19729603	19729702	0.340366581
Fvb6	19733003	19733102	-0.458333333
Fvb6	19734503	19734602	0.415775401
Fvb6	19738503	19738602	0.346621622
Fvb6	19765903	19766002	-0.361051883
Fvb6	19777303	19777402	-0.439271255
Fvb6	19777803	19777902	0.246625767
Fvb6	19783003	19783102	0.247368421
Fvb6	19783103	19783202	0.308203991
Fvb6	19786803	19786902	0.355093257
Fvb6	19786903	19787002	0.315497624
Fvb6	19806303	19806402	0.287280702
Fvb6	19811903	19812002	-0.316129032
Fvb6	19816703	19816802	0.306306306
Fvb6	19835903	19836002	-0.287262873
Fvb6	19846903	19847002	0.279155188
Fvb6	19848303	19848402	0.35317389
Fvb6	19848803	19848902	0.315864205
Fvb6	19869303	19869402	-0.346153846
Fvb6	20160203	20160302	-0.257964258
Fvb6	20328503	20328602	0.259479344
Fvb6	20328603	20328702	0.279279279
Fvb6	20329503	20329602	-0.228551819
Fvb6	20500103	20500202	0.278571429
Fvb6	20730903	20731002	0.266666667
Fvb6	20799803	20799902	0.315907911
Fvb6	20906503	20906602	-0.215241228
Fvb6	20978903	20979002	-0.386054422
Fvb6	21123803	21123902	-0.2514994
Fvb6	21157603	21157702	0.211976744
Fvb6	21157903	21158002	0.295904096
Fvb6	21289403	21289502	0.249892473
Fvb6	21296303	21296402	-0.2315755
Fvb6	21530603	21530702	0.286326531
Fvb6	21558903	21559002	0.279438907
Fvb6	21827203	21827302	-0.212121212
Fvb6	21828203	21828302	-0.284778226
Fvb6	21999703	21999802	0.273972603
Fvb6	22073803	22073902	0.297222222
Fvb6	22724903	22725002	0.266569201
Fvb6	22758903	22759002	-0.285714286
Fvb6	23016403	23016502	0.202253629
Fvb6	23401603	23401702	0.209677419
Fvb6	23404003	23404102	-0.295121951
Fvb6	23497503	23497602	-0.279411765
Fvb6	23517303	23517402	-0.20383582
Fvb6	23548103	23548202	-0.31127451
Fvb6	23596903	23597002	0.311240721
Fvb6	23734703	23734802	0.320424555
Fvb6	23859603	23859702	0.276895944
Fvb6	24026503	24026602	-0.227556596
Fvb6	24059503	24059602	-0.267913134
Fvb6	24148603	24148702	0.2719954
Fvb6	24469603	24469702	0.218753727
Fvb6	24472003	24472102	-0.221428571
Fvb6	24843403	24843502	0.318037518
Fvb6	24843503	24843602	0.273865415
Fvb6	24862803	24862902	0.482993197
Fvb6	24966203	24966302	0.227018385
Fvb6	25011903	25012002	0.497474747
Fvb6	25043603	25043702	0.345519713
Fvb6	25351003	25351102	0.336462957
Fvb6	25376303	25376402	-0.35520362
Fvb6	25400303	25400402	0.224075486
Fvb6	25408403	25408502	0.342383107
Fvb6	25571403	25571502	0.265217391
Fvb6	25753203	25753302	0.347079038
Fvb6	25774703	25774802	-0.274937343
Fvb6	25827603	25827702	-0.365740741
Fvb6	25836103	25836202	0.394984326
Fvb6	25840103	25840202	0.282407407
Fvb6	25965503	25965602	0.369578881
Fvb6	25989203	25989302	0.320107858
Fvb6	26228603	26228702	0.44858156
Fvb6	26256303	26256402	-0.25
Fvb6	26282903	26283002	0.272863248
Fvb6	26378303	26378402	0.337556306
Fvb6	26669503	26669602	0.407801418
Fvb6	26701303	26701402	0.241816909
Fvb6	26847303	26847402	0.213904694
Fvb6	26876603	26876702	0.423076923
Fvb6	27247103	27247202	0.397727273
Fvb6	27253403	27253502	0.337142857
Fvb6	27357003	27357102	0.224441833
Fvb6	27412503	27412602	0.288132961
Fvb6	27412603	27412702	0.342436164
Fvb6	27522603	27522702	0.218138835
Fvb6	27704503	27704602	0.5
Fvb6	27893303	27893402	0.384615385
Fvb6	27893503	27893602	0.436756757
Fvb6	27988003	27988102	0.320747218
Fvb6	27995303	27995402	0.368253968
Fvb6	28149803	28149902	0.346428571
Fvb6	28231703	28231802	0.342810458
Fvb6	28297403	28297502	0.282993197
Fvb6	28493703	28493802	0.238118022
Fvb6	28510303	28510402	0.494773519
Fvb6	28580803	28580902	0.547794118
Fvb6	28679103	28679202	0.217042297
Fvb6	28794203	28794302	-0.25122399
Fvb6	29022803	29022902	0.296296296
Fvb6	29144003	29144102	-0.214814815
Fvb6	29207803	29207902	0.304761905
Fvb6	29226003	29226102	0.373161765
Fvb6	29279203	29279302	0.258168431
Fvb6	29382403	29382502	0.335833333
Fvb6	29421503	29421602	0.211897057
Fvb6	29424703	29424802	-0.290853659
Fvb6	29638303	29638402	0.270663957
Fvb6	29672903	29673002	0.257543103
Fvb6	29962903	29963002	-0.325788497
Fvb6	30462403	30462502	0.344086022
Fvb6	30724703	30724802	0.209936434
Fvb6	30739603	30739702	0.437012263
Fvb6	30748103	30748202	0.476923077
Fvb6	30956503	30956602	0.3
Fvb6	31066803	31066902	0.226568653
Fvb6	31095003	31095102	0.244444444
Fvb6	31116903	31117002	-0.300466626
Fvb6	31186503	31186602	0.428118393
Fvb6	31314003	31314102	0.369761273
Fvb6	31314303	31314402	0.31990481
Fvb6	31317203	31317302	0.211655012
Fvb6	31348803	31348902	0.270297897
Fvb6	31485403	31485502	0.334108527
Fvb6	31575803	31575902	0.261363636
Fvb6	31628103	31628202	-0.23552492
Fvb6	31660203	31660302	-0.261635728
Fvb6	31711803	31711902	0.257911758
Fvb6	31712403	31712502	0.237215909
Fvb6	31874103	31874202	-0.252310924
Fvb6	31888303	31888402	0.32228298
Fvb6	31941903	31942002	0.22745098
Fvb6	31942103	31942202	0.348233487
Fvb6	32228703	32228802	0.205784436
Fvb6	32228803	32228902	0.233333333
Fvb6	32368003	32368102	0.210572184
Fvb6	32574603	32574702	0.211984388
Fvb6	32592903	32593002	0.234263622
Fvb6	32609203	32609302	0.509615385
Fvb6	33532303	33532402	-0.255681818
Fvb6	33651603	33651702	0.299264706
Fvb6	33672203	33672302	0.365641026
Fvb6	33968803	33968902	0.244117647
Fvb6	34061203	34061302	0.314144737
Fvb6	34139403	34139502	0.356743986
Fvb6	34282903	34283002	0.378676471
Fvb6	34302603	34302702	-0.244343891
Fvb6	34699103	34699202	0.412395154
Fvb6	34829803	34829902	0.2
Fvb6	34866303	34866402	-0.370977535
Fvb6	34868303	34868402	0.43928036
Fvb6	35075603	35075702	-0.402680653
Fvb6	35079203	35079302	0.257948214
Fvb6	35217103	35217202	0.355311355
Fvb6	35436403	35436502	-0.495
Fvb6	35630003	35630102	0.245560936
Fvb6	35705703	35705802	0.6
Fvb6	35789503	35789602	0.330555556
Fvb6	36324803	36324902	-0.426523297
Fvb6	36380903	36381002	0.278956676
Fvb6	36590703	36590802	0.338383838
Fvb6	36686803	36686902	-0.311169342
Fvb6	36776903	36777002	0.304975923
Fvb6	36792103	36792202	0.40188383
Fvb6	36808603	36808702	0.32
Fvb6	36815603	36815702	0.219611583
Fvb6	37119003	37119102	0.300391937
Fvb6	37558503	37558602	0.304776475
Fvb6	37663203	37663302	0.300505051
Fvb6	37663303	37663402	0.298653611
Fvb6	37860803	37860902	-0.294117647
Fvb6	37861303	37861402	0.367334906
Fvb6	38443303	38443402	0.34375
Fvb6	38641303	38641402	0.348626374
Fvb6	38641403	38641502	0.253802672
Fvb6	38666603	38666702	0.231950845
Fvb6	39239203	39239302	0.324857291
Fvb6	39340703	39340802	0.445883441
Fvb6	39555803	39555902	0.469387755
Fvb6	39556503	39556602	-0.339189189
Fvb6	39581603	39581702	-0.254545455
Fvb6	39603503	39603602	-0.250909091
Fvb6	39652603	39652702	0.266666667
Fvb7	867602	867701	0.286947615
Fvb7	1079302	1079401	0.275793651
Fvb7	1086302	1086401	0.407894737
Fvb7	1149802	1149901	-0.271146245
Fvb7	1155302	1155401	0.438331854
Fvb7	1553702	1553801	0.399587203
Fvb7	1834402	1834501	0.364269876
Fvb7	2068402	2068501	0.214529915
Fvb7	2241002	2241101	0.216999868
Fvb7	2303902	2304001	0.228571429
Fvb7	2501802	2501901	-0.372180451
Fvb7	2542402	2542501	0.205073996
Fvb7	2934702	2934801	0.262169733
Fvb7	2969702	2969801	0.310327582
Fvb7	3346602	3346701	0.235337243
Fvb7	3367502	3367601	0.255102041
Fvb7	3460002	3460101	-0.287644788
Fvb7	3693902	3694001	0.327358016
Fvb7	3769102	3769201	0.344444444
Fvb7	3781802	3781901	-0.481781377
Fvb7	3889202	3889301	0.416289593
Fvb7	4074302	4074401	0.227180843
Fvb7	4158802	4158901	0.471428571
Fvb7	4205702	4205801	0.257661038
Fvb7	4307602	4307701	0.257142857
Fvb7	4373902	4374001	0.403709765
Fvb7	4407802	4407901	0.253415301
Fvb7	4428802	4428901	0.317547055
Fvb7	4455702	4455801	0.257077024
Fvb7	4531502	4531601	-0.307826695
Fvb7	4689002	4689101	0.315217391
Fvb7	4763702	4763801	0.221867235
Fvb7	5083102	5083201	-0.362573099
Fvb7	5093602	5093701	0.350543478
Fvb7	5186902	5187001	0.562352941
Fvb7	5282302	5282401	0.317142857
Fvb7	5291802	5291901	0.208631116
Fvb7	5393102	5393201	-0.26300494
Fvb7	5415802	5415901	0.461697723
Fvb7	5562602	5562701	0.363320296
Fvb7	5733302	5733401	-0.281376518
Fvb7	5766302	5766401	0.220306513
Fvb7	5832302	5832401	-0.511192511
Fvb7	5929902	5930001	0.359424415
Fvb7	6013302	6013401	0.292424242
Fvb7	6013702	6013801	0.290946567
Fvb7	6162102	6162201	-0.32439896
Fvb7	6350602	6350701	0.410649455
Fvb7	6373902	6374001	0.20003008
Fvb7	6637202	6637301	0.254289134
Fvb7	6922702	6922801	0.285425101
Fvb7	6924102	6924201	0.388004443
Fvb7	6931502	6931601	-0.311264822
Fvb7	6945602	6945701	0.224137931
Fvb7	7429502	7429601	0.214285714
Fvb7	8067502	8067601	-0.229135557
Fvb7	8385402	8385501	-0.258547009
Fvb7	8704802	8704901	-0.260273973
Fvb7	9110102	9110201	0.280206677
Fvb7	9114302	9114401	0.226316214
Fvb7	9123602	9123701	0.265704584
Fvb7	9362202	9362301	-0.214068859
Fvb7	9645202	9645301	0.224025974
Fvb7	9674202	9674301	0.244318182
Fvb7	9716802	9716901	0.324954463
Fvb7	9780902	9781001	0.316176471
Fvb7	10025902	10026001	0.386752137
Fvb7	10258202	10258301	0.273256982
Fvb7	10274002	10274101	0.373157248
Fvb7	10402302	10402401	0.316666667
Fvb7	10488602	10488701	0.357692308
Fvb7	10541302	10541401	0.211333333
Fvb7	10552802	10552901	-0.248600456
Fvb7	10612402	10612501	-0.299300699
Fvb7	10658902	10659001	0.295502312
Fvb7	10817002	10817101	0.297273982
Fvb7	11311202	11311301	-0.352941176
Fvb7	11314802	11314901	0.294117647
Fvb7	11503902	11504001	0.345194805
Fvb7	11621402	11621501	-0.447884417
Fvb7	11685202	11685301	0.310416667
Fvb7	11685302	11685401	0.447177252
Fvb7	11781002	11781101	-0.235433304
Fvb7	11796502	11796601	0.340125392
Fvb7	11934702	11934801	0.45
Fvb7	11938302	11938401	0.251127352
Fvb7	11944202	11944301	-0.30277942
Fvb7	12056502	12056601	0.221259124
Fvb7	12151402	12151501	-0.320895522
Fvb7	12190402	12190501	0.276515152
Fvb7	12421202	12421301	0.382117081
Fvb7	12820602	12820701	0.225478469
Fvb7	12907702	12907801	-0.346764947
Fvb7	12984502	12984601	0.323275862
Fvb7	13056702	13056801	0.321524836
Fvb7	13131502	13131601	-0.428321678
Fvb7	13294402	13294501	0.260629781
Fvb7	13316202	13316301	-0.312932605
Fvb7	13322302	13322401	-0.208998652
Fvb7	13436802	13436901	0.393309859
Fvb7	13486002	13486101	-0.302168675
Fvb7	13609402	13609501	0.397227857
Fvb7	13609602	13609701	0.253608247
Fvb7	13628802	13628901	0.388085106
Fvb7	13793902	13794001	0.402187902
Fvb7	13794002	13794101	0.393162393
Fvb7	13819002	13819101	0.35042735
Fvb7	14157002	14157101	0.22826087
Fvb7	14182102	14182201	0.24844369
Fvb7	14200102	14200201	0.5
Fvb7	14474302	14474401	-0.283865401
Fvb7	14497102	14497201	-0.315508021
Fvb7	14588002	14588101	0.483333333
Fvb7	14964402	14964501	0.233943834
Fvb7	15033902	15034001	0.332674572
Fvb7	15097402	15097501	0.222983921
Fvb7	15482602	15482701	0.259456144
Fvb7	15833602	15833701	-0.228574868
Fvb7	16031102	16031201	0.439473684
Fvb7	16073002	16073101	0.328431373
Fvb7	16500802	16500901	0.226557919
Fvb7	16516002	16516101	0.2
Fvb7	16898702	16898801	0.32955665
Fvb7	17355602	17355701	0.65
Fvb7	17355802	17355901	0.351470588
Fvb7	17392702	17392801	-0.477272727
Fvb7	17405502	17405601	0.335548173
Fvb7	17951802	17951901	-0.277706844
Fvb7	18475902	18476001	-0.203902439
Fvb7	19192602	19192701	0.348837209
Fvb7	19487002	19487101	0.243852459
Fvb7	19530802	19530901	-0.358928571
Fvb7	19534702	19534801	0.27154195
Fvb7	19563102	19563201	-0.272938144
Fvb7	20011402	20011501	-0.221035391
Fvb7	20213702	20213801	0.28517316
Fvb7	20874002	20874101	-0.309656301
Fvb7	21105202	21105301	-0.23451415
Fvb7	21347702	21347801	0.296296296
Fvb7	21596902	21597001	-0.381699346
Fvb7	21818902	21819001	-0.338888889
Fvb7	22202702	22202801	0.278840897
Fvb7	22246502	22246601	0.372340426
Fvb7	23027302	23027401	0.319433517
Fvb7	23339002	23339101	0.252287582
Fvb7	23426102	23426201	0.322571819
Fvb7	23882102	23882201	0.380952381
