seqnames	start	end	width	strand	sumReadsM1	sumReadsN1	proportion1	sumReadsM2	sumReadsN2	proportion2	cytosinesCount	context	direction	pValue	regionType	source	type	gene	score	phase
contig_10	31404	31503	100	*	396	1048	0.377862595419847	60	644	0.093167701863354	18	CG	-1	1.18045853907159e-35	loss	EVM	SO:0000704	FvH4_c10g00010	1	NA
contig_10	31504	31603	100	*	325	1166	0.278730703259005	28	714	0.0392156862745098	20	CG	-1	4.12751545931959e-36	loss	EVM	SO:0000704	FvH4_c10g00010	1	NA
contig_12	8701	8800	100	*	99	219	0.452054794520548	20	115	0.173913043478261	18	CG	-1	4.54544148913202e-06	loss	NA	NA	NA	NA	NA
contig_12	21301	21400	100	*	138	305	0.452459016393443	26	162	0.160493827160494	17	CG	-1	6.64108849941653e-09	loss	NA	NA	NA	NA	NA
contig_12	31601	31700	100	*	55	147	0.374149659863946	5	64	0.078125	16	CG	-1	6.21474295478718e-05	loss	NA	NA	NA	NA	NA
contig_12	31701	31800	100	*	129	257	0.501945525291829	16	107	0.149532710280374	19	CG	-1	7.91397871689698e-09	loss	NA	NA	NA	NA	NA
contig_12	31801	31900	100	*	128	318	0.40251572327044	21	116	0.181034482758621	20	CG	-1	8.36844112649246e-05	loss	NA	NA	NA	NA	NA
contig_12	32801	32900	100	*	43	170	0.252941176470588	7	144	0.0486111111111111	18	CG	-1	7.22594149973623e-06	loss	NA	NA	NA	NA	NA
contig_16	44701	44800	100	*	45	137	0.328467153284672	5	103	0.0485436893203883	16	CG	-1	1.562805390136e-06	loss	NA	NA	NA	NA	NA
contig_20	4502	4601	100	*	750	2273	0.32996040475143	130	1303	0.0997697620874904	18	CG	-1	3.88331063009714e-51	loss	NA	NA	NA	NA	NA
contig_20	4602	4701	100	*	552	1003	0.550348953140578	94	343	0.274052478134111	18	CG	-1	4.11100416853283e-17	loss	NA	NA	NA	NA	NA
contig_20	4702	4801	100	*	797	1516	0.525725593667546	142	458	0.310043668122271	18	CG	-1	1.92071565929317e-14	loss	NA	NA	NA	NA	NA
contig_20	4902	5001	100	*	448	1056	0.424242424242424	66	449	0.146993318485523	20	CG	-1	1.6903439392727e-23	loss	NA	NA	NA	NA	NA
contig_20	5002	5101	100	*	508	1273	0.399057344854674	49	584	0.0839041095890411	18	CG	-1	5.08357863801586e-41	loss	NA	NA	NA	NA	NA
contig_20	5102	5201	100	*	97	292	0.332191780821918	9	113	0.079646017699115	18	CG	-1	2.41895942038562e-06	loss	NA	NA	NA	NA	NA
contig_22	11702	11801	100	*	27	127	0.21259842519685	0	56	0	12	CG	-1	0.0004595747988625	loss	NA	NA	NA	NA	NA
contig_22	11902	12001	100	*	76	232	0.327586206896552	9	124	0.0725806451612903	18	CG	-1	9.77883612378726e-07	loss	NA	NA	NA	NA	NA
contig_22	12302	12401	100	*	68	136	0.5	12	65	0.184615384615385	16	CG	-1	9.20950593262604e-05	loss	NA	NA	NA	NA	NA
contig_22	12402	12501	100	*	193	463	0.416846652267819	30	193	0.155440414507772	18	CG	-1	2.85615786662781e-09	loss	NA	NA	NA	NA	NA
contig_22	12502	12601	100	*	174	334	0.520958083832335	32	136	0.235294117647059	16	CG	-1	2.36088486554543e-07	loss	NA	NA	NA	NA	NA
contig_22	20502	20601	100	*	316	734	0.430517711171662	22	278	0.079136690647482	18	CG	-1	2.35921287734574e-24	loss	NA	NA	NA	NA	NA
contig_22	20602	20701	100	*	326	986	0.330628803245436	22	382	0.0575916230366492	18	CG	-1	1.40012473172313e-23	loss	NA	NA	NA	NA	NA
contig_22	20702	20801	100	*	312	726	0.429752066115702	77	350	0.22	22	CG	-1	4.87613242358766e-10	loss	NA	NA	NA	NA	NA
contig_22	27402	27501	100	*	49	150	0.326666666666667	7	72	0.0972222222222222	18	CG	-1	0.000512894078778472	loss	NA	NA	NA	NA	NA
contig_22	27502	27601	100	*	62	159	0.389937106918239	7	84	0.0833333333333333	16	CG	-1	4.54544148913202e-06	loss	NA	NA	NA	NA	NA
contig_22	42902	43001	100	*	66	128	0.515625	27	120	0.225	18	CG	-1	1.7442586372465e-05	loss	NA	NA	NA	NA	NA
contig_22	43002	43101	100	*	59	111	0.531531531531532	11	90	0.122222222222222	19	CG	-1	2.48064056438006e-08	loss	NA	NA	NA	NA	NA
contig_22	43102	43201	100	*	88	183	0.480874316939891	19	80	0.2375	19	CG	-1	0.000500642366142134	loss	NA	NA	NA	NA	NA
contig_22	43202	43301	100	*	69	217	0.317972350230415	9	88	0.102272727272727	18	CG	-1	0.000283433895023722	loss	NA	NA	NA	NA	NA
contig_22	43302	43401	100	*	179	467	0.383297644539615	21	199	0.105527638190955	18	CG	-1	2.47846905209218e-11	loss	NA	NA	NA	NA	NA
contig_22	43602	43701	100	*	110	199	0.552763819095477	49	160	0.30625	19	CG	-1	2.10388422407917e-05	loss	NA	NA	NA	NA	NA
contig_5	20304	20403	100	*	53	84	0.630952380952381	35	84	0.416666666666667	9	CG	-1	0.00542560872081574	loss	NA	NA	NA	NA	NA
contig_7	10601	10700	100	*	54	148	0.364864864864865	12	103	0.116504854368932	20	CG	-1	6.03670662028334e-05	loss	NA	NA	NA	NA	NA
contig_9	9303	9402	100	*	200	333	0.600600600600601	41	136	0.301470588235294	20	CG	-1	6.92636187716796e-08	loss	NA	NA	NA	NA	NA
contig_9	9803	9902	100	*	288	823	0.349939246658566	29	374	0.0775401069518717	18	CG	-1	2.08080252888798e-21	loss	NA	NA	NA	NA	NA
contig_9	9903	10002	100	*	698	1721	0.405578152237071	105	863	0.121668597914253	18	CG	-1	8.06955425834294e-47	loss	NA	NA	NA	NA	NA
contig_9	10103	10202	100	*	196	684	0.286549707602339	22	375	0.0586666666666667	18	CG	-1	7.2237567167984e-17	loss	NA	NA	NA	NA	NA
contig_9	20803	20902	100	*	115	251	0.458167330677291	25	141	0.177304964539007	18	CG	-1	3.63328045064221e-07	loss	NA	NA	NA	NA	NA
contig_9	20903	21002	100	*	132	397	0.332493702770781	24	202	0.118811881188119	18	CG	-1	2.56238654280113e-07	loss	NA	NA	NA	NA	NA
contig_9	21203	21302	100	*	263	756	0.347883597883598	37	280	0.132142857142857	20	CG	-1	2.71735428521297e-10	loss	NA	NA	NA	NA	NA
contig_9	21503	21602	100	*	249	467	0.533190578158458	42	180	0.233333333333333	18	CG	-1	1.71478952617862e-10	loss	NA	NA	NA	NA	NA
contig_9	31803	31902	100	*	80	182	0.43956043956044	14	130	0.107692307692308	18	CG	-1	6.53333812097152e-09	loss	NA	NA	NA	NA	NA
contig_9	31903	32002	100	*	252	694	0.363112391930836	62	412	0.150485436893204	16	CG	-1	1.12738736727017e-12	loss	NA	NA	NA	NA	NA
contig_9	32103	32202	100	*	40	150	0.266666666666667	2	102	0.0196078431372549	18	CG	-1	2.65304374788264e-06	loss	NA	NA	NA	NA	NA
contig_9	32403	32502	100	*	161	326	0.493865030674847	27	217	0.124423963133641	18	CG	-1	3.61271237834361e-17	loss	NA	NA	NA	NA	NA
contig_9	42003	42102	100	*	62	235	0.263829787234043	10	250	0.04	14	CG	-1	1.18418047920259e-10	loss	NA	NA	NA	NA	NA
contig_9	42103	42202	100	*	46	145	0.317241379310345	12	172	0.0697674418604651	19	CG	-1	2.21776697096986e-07	loss	NA	NA	NA	NA	NA
contig_9	42303	42402	100	*	383	1226	0.312398042414356	82	817	0.100367197062424	18	CG	-1	2.93307884202838e-27	loss	NA	NA	NA	NA	NA
contig_9	42503	42602	100	*	842	2361	0.356628547225752	176	1460	0.120547945205479	16	CG	-1	2.36348693759901e-55	loss	NA	NA	NA	NA	NA
contig_9	42603	42702	100	*	920	2521	0.364934549781833	150	1305	0.114942528735632	18	CG	-1	4.02451887550109e-57	loss	NA	NA	NA	NA	NA
contig_9	42903	43002	100	*	279	864	0.322916666666667	43	400	0.1075	17	CG	-1	1.08560519909751e-14	loss	NA	NA	NA	NA	NA
contig_9	43103	43202	100	*	906	1943	0.466289243437983	172	752	0.228723404255319	20	CG	-1	1.12187878547569e-27	loss	NA	NA	NA	NA	NA
contig_9	43203	43302	100	*	412	915	0.450273224043716	100	451	0.221729490022173	20	CG	-1	8.85768051611186e-15	loss	NA	NA	NA	NA	NA
contig_9	43303	43402	100	*	1375	3286	0.418441874619598	341	1710	0.199415204678363	20	CG	-1	1.31796471423943e-51	loss	NA	NA	NA	NA	NA
Fvb1	220103	220202	100	*	54	84	0.642857142857143	14	40	0.35	10	CG	-1	0.00220146866571405	loss	NA	NA	NA	NA	NA
Fvb1	1081403	1081502	100	*	57	88	0.647727272727273	64	66	0.96969696969697	6	CG	1	1.19837022209701e-05	gain	EVM	SO:0000704	FvH4_1g02042	1	NA
Fvb1	1137203	1137302	100	*	26	150	0.173333333333333	53	119	0.445378151260504	6	CG	1	9.69443655627574e-06	gain	EVM	SO:0000704	FvH4_1g02120	1	NA
Fvb1	1655403	1655502	100	*	92	116	0.793103448275862	38	77	0.493506493506494	8	CG	-1	7.03470015848279e-05	loss	NA	NA	NA	NA	NA
Fvb1	1795703	1795802	100	*	65	96	0.677083333333333	46	50	0.92	6	CG	1	0.00141462556888342	gain	EVM	SO:0000704	FvH4_1g03200	1	NA
Fvb1	2026903	2027002	100	*	10	23	0.434782608695652	31	34	0.911764705882353	4	CG	1	0.000271534896182641	gain	NA	NA	NA	NA	NA
Fvb1	2166503	2166602	100	*	10	70	0.142857142857143	19	44	0.431818181818182	6	CG	1	0.000913387992830722	gain	EVM	SO:0000704	FvH4_1g04091	1	NA
Fvb1	2691003	2691102	100	*	37	136	0.272058823529412	54	99	0.545454545454545	10	CG	1	9.88260364858677e-05	gain	NA	NA	NA	NA	NA
Fvb1	3074003	3074102	100	*	45	76	0.592105263157895	24	71	0.338028169014085	10	CG	-1	0.00208667495608951	loss	NA	NA	NA	NA	NA
Fvb1	3262903	3263002	100	*	95	153	0.620915032679739	93	103	0.902912621359223	6	CG	1	5.07093258125295e-06	gain	EVM	SO:0000704	FvH4_1g06150	1	NA
Fvb1	3380603	3380702	100	*	6	55	0.109090909090909	22	54	0.407407407407407	6	CG	1	0.000708915268454641	gain	EVM	SO:0000704	FvH4_1g06370	1	NA
Fvb1	3563703	3563802	100	*	17	32	0.53125	8	44	0.181818181818182	4	CG	-1	0.00158706265326207	loss	NA	NA	NA	NA	NA
Fvb1	3817803	3817902	100	*	39	101	0.386138613861386	12	71	0.169014084507042	6	CG	-1	0.00216632567721484	loss	EVM	SO:0000704	FvH4_1g07220	1	NA
Fvb1	3922003	3922102	100	*	67	72	0.930555555555556	42	71	0.591549295774648	8	CG	-1	1.54160397253597e-05	loss	NA	NA	NA	NA	NA
Fvb1	4787203	4787302	100	*	81	90	0.9	46	68	0.676470588235294	10	CG	-1	0.000803440448989565	loss	NA	NA	NA	NA	NA
Fvb1	4891603	4891702	100	*	9	45	0.2	37	68	0.544117647058823	6	CG	1	0.000568336841362028	gain	NA	NA	NA	NA	NA
Fvb1	5549203	5549302	100	*	48	74	0.648648648648649	24	65	0.369230769230769	4	CG	-1	0.00132237582968421	loss	EVM	SO:0000704	FvH4_1g10190	1	NA
Fvb1	5840903	5841002	100	*	77	178	0.432584269662921	57	270	0.211111111111111	16	CG	-1	5.07093258125295e-06	loss	EVM	SO:0000704	FvH4_1g10661	1	NA
Fvb1	6135603	6135702	100	*	7	80	0.0875	17	53	0.320754716981132	8	CG	1	0.000955492766383167	gain	NA	NA	NA	NA	NA
Fvb1	6435903	6436002	100	*	62	67	0.925373134328358	35	50	0.7	8	CG	-1	0.00158422484062272	loss	EVM	SO:0000704	FvH4_1g11760	1	NA
Fvb1	6462003	6462102	100	*	10	65	0.153846153846154	22	54	0.407407407407407	6	CG	1	0.00196816027505658	gain	EVM	SO:0000704	FvH4_1g11810	1	NA
Fvb1	6474003	6474102	100	*	8	40	0.2	19	34	0.558823529411765	6	CG	1	0.00161095744562159	gain	NA	NA	NA	NA	NA
Fvb1	6800703	6800802	100	*	42	42	1	40	53	0.754716981132076	4	CG	-1	0.000901286350963363	loss	EVM	SO:0000704	FvH4_1g12400	1	NA
Fvb1	6800803	6800902	100	*	80	84	0.952380952380952	53	84	0.630952380952381	8	CG	-1	3.07116298781607e-06	loss	EVM	SO:0000704	FvH4_1g12400	1	NA
Fvb1	7138303	7138402	100	*	14	53	0.264150943396226	1	45	0.0222222222222222	4	CG	-1	0.00125769925363904	loss	NA	NA	NA	NA	NA
Fvb1	7343303	7343402	100	*	97	145	0.668965517241379	106	116	0.913793103448276	14	CG	1	1.74097189853831e-05	gain	NA	NA	NA	NA	NA
Fvb1	7362403	7362502	100	*	60	156	0.384615384615385	87	147	0.591836734693878	12	CG	1	0.000622475798476504	gain	EVM	SO:0000704	FvH4_1g13420	1	NA
Fvb1	7678403	7678502	100	*	34	52	0.653846153846154	47	52	0.903846153846154	4	CG	1	0.00215756603319007	gain	EVM	SO:0000704	FvH4_1g13940	1	NA
Fvb1	8308603	8308702	100	*	108	185	0.583783783783784	40	105	0.380952380952381	11	CG	-1	0.00125769925363904	loss	NA	NA	NA	NA	NA
Fvb1	8352503	8352602	100	*	7	23	0.304347826086957	20	27	0.740740740740741	4	CG	1	0.00208105721204147	gain	EVM	SO:0000704	FvH4_1g14901	1	NA
Fvb1	8384003	8384102	100	*	22	79	0.278481012658228	39	67	0.582089552238806	8	CG	1	0.000494780979323829	gain	NA	NA	NA	NA	NA
Fvb1	8509203	8509302	100	*	11	46	0.239130434782609	0	42	0	8	CG	-1	0.00106232139632792	loss	NA	NA	NA	NA	NA
Fvb1	9282103	9282202	100	*	18	123	0.146341463414634	24	68	0.352941176470588	6	CG	1	0.00129073148063194	gain	EVM	SO:0000704	FvH4_1g16211	1	NA
Fvb1	9291803	9291902	100	*	82	110	0.745454545454545	77	81	0.950617283950617	8	CG	1	0.000450902758683584	gain	EVM	SO:0000704	FvH4_1g16212	1	NA
Fvb1	9417203	9417302	100	*	69	126	0.547619047619048	73	97	0.752577319587629	9	CG	1	0.00176433577028096	gain	NA	NA	NA	NA	NA
Fvb1	9518103	9518202	100	*	63	120	0.525	59	76	0.776315789473684	10	CG	1	0.000756206222599104	gain	NA	NA	NA	NA	NA
Fvb1	9518203	9518302	100	*	72	139	0.517985611510791	94	108	0.87037037037037	12	CG	1	8.07070872045295e-08	gain	NA	NA	NA	NA	NA
Fvb1	9600003	9600102	100	*	30	44	0.681818181818182	19	56	0.339285714285714	5	CG	-1	0.00102304440247476	loss	NA	NA	NA	NA	NA
Fvb1	10155903	10156002	100	*	54	81	0.666666666666667	40	42	0.952380952380952	6	CG	1	0.000754136643728312	gain	NA	NA	NA	NA	NA
Fvb1	10564703	10564802	100	*	22	50	0.44	47	60	0.783333333333333	4	CG	1	0.000493298327067093	gain	EVM	SO:0000704	FvH4_1g18142	1	NA
Fvb1	11242703	11242802	100	*	59	61	0.967213114754098	31	42	0.738095238095238	10	CG	-1	0.000922563759364512	loss	EVM	SO:0000704	FvH4_1g18950	1	NA
Fvb1	11650403	11650502	100	*	14	33	0.424242424242424	1	28	0.0357142857142857	6	CG	-1	0.000792129727742067	loss	NA	NA	NA	NA	NA
Fvb1	11783603	11783702	100	*	36	104	0.346153846153846	63	112	0.5625	6	CG	1	0.00163658381155838	gain	EVM	SO:0000704	FvH4_1g19530	1	NA
Fvb1	12000303	12000402	100	*	66	186	0.354838709677419	87	148	0.587837837837838	15	CG	1	9.88260364858677e-05	gain	NA	NA	NA	NA	NA
Fvb1	12285003	12285102	100	*	25	35	0.714285714285714	7	29	0.241379310344828	4	CG	-1	0.000430405708678092	loss	NA	NA	NA	NA	NA
Fvb1	12501603	12501702	100	*	1	57	0.0175438596491228	16	68	0.235294117647059	5	CG	1	0.000755438543785798	gain	NA	NA	NA	NA	NA
Fvb1	12514203	12514302	100	*	34	84	0.404761904761905	16	101	0.158415841584158	6	CG	-1	0.000446512357582179	loss	EVM	SO:0000704	FvH4_1g20290	1	NA
Fvb1	12998503	12998602	100	*	26	72	0.361111111111111	38	60	0.633333333333333	4	CG	1	0.00191231911611323	gain	EVM	SO:0000704	FvH4_1g20840	1	NA
Fvb1	13064303	13064402	100	*	79	87	0.908045977011494	35	51	0.686274509803922	10	CG	-1	0.00125769925363904	loss	NA	NA	NA	NA	NA
Fvb1	13097803	13097902	100	*	97	133	0.729323308270677	110	116	0.948275862068966	16	CG	1	2.79758832740923e-05	gain	NA	NA	NA	NA	NA
Fvb1	13189203	13189302	100	*	42	198	0.212121212121212	51	115	0.443478260869565	12	CG	1	7.83839096785353e-05	gain	NA	NA	NA	NA	NA
Fvb1	13204403	13204502	100	*	56	75	0.746666666666667	20	44	0.454545454545455	6	CG	-1	0.00158678710481239	loss	NA	NA	NA	NA	NA
Fvb1	13770103	13770202	100	*	71	95	0.747368421052632	28	57	0.491228070175439	12	CG	-1	0.00157204384572927	loss	NA	NA	NA	NA	NA
Fvb1	14363803	14363902	100	*	53	66	0.803030303030303	23	47	0.48936170212766	4	CG	-1	0.000803440448989565	loss	EVM	SO:0000704	FvH4_1g22450	1	NA
Fvb1	15407203	15407302	100	*	72	136	0.529411764705882	25	88	0.284090909090909	16	CG	-1	0.00060820073182598	loss	EVM	SO:0000704	FvH4_1g23560	1	NA
Fvb1	15582503	15582602	100	*	47	54	0.87037037037037	22	39	0.564102564102564	8	CG	-1	0.00122452609573561	loss	NA	NA	NA	NA	NA
Fvb1	15666403	15666502	100	*	48	50	0.96	31	43	0.720930232558139	4	CG	-1	0.00155297078163565	loss	NA	NA	NA	NA	NA
Fvb1	15697003	15697102	100	*	35	47	0.74468085106383	53	55	0.963636363636364	6	CG	1	0.00158422484062272	gain	NA	NA	NA	NA	NA
Fvb1	16038203	16038302	100	*	75	107	0.700934579439252	46	49	0.938775510204082	6	CG	1	0.00127655432207175	gain	NA	NA	NA	NA	NA
Fvb1	16241603	16241702	100	*	17	57	0.298245614035088	42	69	0.608695652173913	4	CG	1	0.000846740654478212	gain	NA	NA	NA	NA	NA
Fvb1	16242403	16242502	100	*	40	91	0.43956043956044	61	81	0.753086419753086	8	CG	1	0.000126287734678803	gain	NA	NA	NA	NA	NA
Fvb1	16513503	16513602	100	*	16	39	0.41025641025641	34	45	0.755555555555556	6	CG	1	0.00155297078163565	gain	NA	NA	NA	NA	NA
Fvb1	16645303	16645402	100	*	34	46	0.739130434782609	57	60	0.95	4	CG	1	0.00207456098051594	gain	EVM	SO:0000704	FvH4_1g24870	1	NA
Fvb1	18429203	18429302	100	*	99	152	0.651315789473684	71	81	0.876543209876543	10	CG	1	0.000511979695711202	gain	NA	NA	NA	NA	NA
Fvb1	19383303	19383402	100	*	55	69	0.797101449275362	43	43	1	5	CG	1	0.00176075777841482	gain	EVM	SO:0000704	FvH4_1g27810	1	NA
Fvb1	19635903	19636002	100	*	17	17	1	8	16	0.5	4	CG	-1	0.00116532200466028	loss	NA	NA	NA	NA	NA
Fvb1	20255603	20255702	100	*	59	61	0.967213114754098	33	44	0.75	5	CG	-1	0.00121882910629024	loss	EVM	SO:0000704	FvH4_1g28360	1	NA
Fvb1	20283603	20283702	100	*	22	67	0.328358208955224	41	64	0.640625	4	CG	1	0.000683801447314807	gain	EVM	SO:0000704	FvH4_1g28390	1	NA
Fvb1	20283703	20283802	100	*	61	110	0.554545454545455	77	99	0.777777777777778	6	CG	1	0.00102128543271318	gain	EVM	SO:0000704	FvH4_1g28390	1	NA
Fvb1	20436503	20436602	100	*	44	82	0.536585365853659	54	68	0.794117647058823	12	CG	1	0.00129165659737485	gain	NA	NA	NA	NA	NA
Fvb1	20922403	20922502	100	*	42	42	1	23	29	0.793103448275862	6	CG	-1	0.00210625442734106	loss	NA	NA	NA	NA	NA
Fvb1	20928903	20929002	100	*	29	32	0.90625	22	39	0.564102564102564	4	CG	-1	0.00163658381155838	loss	NA	NA	NA	NA	NA
Fvb1	20979603	20979702	100	*	41	100	0.41	32	40	0.8	10	CG	1	0.000126161338317243	gain	NA	NA	NA	NA	NA
Fvb1	21216103	21216202	100	*	52	53	0.981132075471698	32	41	0.780487804878049	7	CG	-1	0.00185347469127066	loss	NA	NA	NA	NA	NA
Fvb1	21562903	21563002	100	*	68	69	0.985507246376812	19	33	0.575757575757576	8	CG	-1	6.27952705273463e-07	loss	NA	NA	NA	NA	NA
Fvb1	21640203	21640302	100	*	27	36	0.75	56	58	0.96551724137931	6	CG	1	0.00175855700164853	gain	NA	NA	NA	NA	NA
Fvb1	21720803	21720902	100	*	66	70	0.942857142857143	43	66	0.651515151515151	10	CG	-1	9.62956973983125e-05	loss	NA	NA	NA	NA	NA
Fvb1	22060703	22060802	100	*	43	54	0.796296296296296	56	56	1	12	CG	1	0.00071355395373103	gain	NA	NA	NA	NA	NA
Fvb1	22187903	22188002	100	*	3	30	0.1	16	36	0.444444444444444	4	CG	1	0.00212212430548616	gain	NA	NA	NA	NA	NA
Fvb1	22966203	22966302	100	*	32	32	1	20	27	0.740740740740741	4	CG	-1	0.00217310728182319	loss	NA	NA	NA	NA	NA
Fvb1	23248303	23248402	100	*	59	62	0.951612903225806	31	42	0.738095238095238	6	CG	-1	0.00184979340310572	loss	NA	NA	NA	NA	NA
Fvb1	24078503	24078602	100	*	66	105	0.628571428571429	35	121	0.289256198347107	6	CG	-1	3.22665510939457e-06	loss	NA	NA	NA	NA	NA
Fvb2	487101	487200	100	*	73	76	0.960526315789474	38	57	0.666666666666667	14	CG	-1	3.76216527703153e-05	loss	NA	NA	NA	NA	NA
Fvb2	1093501	1093600	100	*	112	206	0.543689320388349	76	225	0.337777777777778	30	CG	-1	8.22171420166844e-05	loss	NA	NA	NA	NA	NA
Fvb2	1142301	1142400	100	*	87	89	0.97752808988764	32	43	0.744186046511628	8	CG	-1	0.000106699476032109	loss	NA	NA	NA	NA	NA
Fvb2	1188201	1188300	100	*	27	60	0.45	42	56	0.75	4	CG	1	0.00132287007123974	gain	EVM	SO:0000704	FvH4_2g01250	1	NA
Fvb2	1193401	1193500	100	*	20	69	0.289855072463768	38	61	0.622950819672131	4	CG	1	0.000381467861968461	gain	EVM	SO:0000704	FvH4_2g01260	1	NA
Fvb2	2016401	2016500	100	*	31	91	0.340659340659341	53	91	0.582417582417582	11	CG	1	0.00139005615282455	gain	NA	NA	NA	NA	NA
Fvb2	3542701	3542800	100	*	40	45	0.888888888888889	21	37	0.567567567567568	6	CG	-1	0.00125769925363904	loss	NA	NA	NA	NA	NA
Fvb2	3569701	3569800	100	*	36	95	0.378947368421053	48	72	0.666666666666667	8	CG	1	0.000514340829220261	gain	NA	NA	NA	NA	NA
Fvb2	3995001	3995100	100	*	81	81	1	58	76	0.763157894736842	14	CG	-1	2.23640340445631e-05	loss	NA	NA	NA	NA	NA
Fvb2	4072001	4072100	100	*	142	149	0.953020134228188	73	102	0.715686274509804	18	CG	-1	1.67829807973342e-06	loss	NA	NA	NA	NA	NA
Fvb2	4358901	4359000	100	*	84	116	0.724137931034483	69	146	0.472602739726027	20	CG	-1	0.000157083597942089	loss	NA	NA	NA	NA	NA
Fvb2	4359001	4359100	100	*	95	121	0.785123966942149	37	98	0.377551020408163	18	CG	-1	1.62249338846604e-08	loss	NA	NA	NA	NA	NA
Fvb2	4561001	4561100	100	*	71	125	0.568	69	89	0.775280898876405	8	CG	1	0.00180671078710962	gain	NA	NA	NA	NA	NA
Fvb2	4570501	4570600	100	*	35	49	0.714285714285714	40	41	0.975609756097561	8	CG	1	0.00125922222011187	gain	NA	NA	NA	NA	NA
Fvb2	4917201	4917300	100	*	35	112	0.3125	49	91	0.538461538461538	8	CG	1	0.00145529544087172	gain	EVM	SO:0000704	FvH4_2g05930	1	NA
Fvb2	5197101	5197200	100	*	37	59	0.627118644067797	18	56	0.321428571428571	4	CG	-1	0.00135748376497221	loss	EVM	SO:0000704	FvH4_2g06260	1	NA
Fvb2	5215201	5215300	100	*	57	92	0.619565217391304	21	73	0.287671232876712	6	CG	-1	9.88260364858677e-05	loss	NA	NA	NA	NA	NA
Fvb2	5424001	5424100	100	*	21	48	0.4375	52	72	0.722222222222222	8	CG	1	0.00184979340310572	gain	NA	NA	NA	NA	NA
Fvb2	6148201	6148300	100	*	40	58	0.689655172413793	15	44	0.340909090909091	8	CG	-1	0.000803715500938867	loss	NA	NA	NA	NA	NA
Fvb2	6768801	6768900	100	*	74	80	0.925	26	39	0.666666666666667	4	CG	-1	0.000618747365907055	loss	EVM	SO:0000704	FvH4_2g07841	1	NA
Fvb2	6800401	6800500	100	*	71	88	0.806818181818182	50	93	0.537634408602151	9	CG	-1	0.00034570320687372	loss	NA	NA	NA	NA	NA
Fvb2	8020401	8020500	100	*	99	131	0.755725190839695	87	166	0.524096385542169	22	CG	-1	0.000157952403739047	loss	NA	NA	NA	NA	NA
Fvb2	8590001	8590100	100	*	43	43	1	27	35	0.771428571428571	4	CG	-1	0.00126532296265676	loss	NA	NA	NA	NA	NA
Fvb2	8942501	8942600	100	*	25	84	0.297619047619048	44	75	0.586666666666667	6	CG	1	0.000529223050527513	gain	EVM	SO:0000704	FvH4_2g10111	1	NA
Fvb2	11282401	11282500	100	*	64	72	0.888888888888889	27	44	0.613636363636364	10	CG	-1	0.000803715500938867	loss	NA	NA	NA	NA	NA
Fvb2	11403601	11403700	100	*	44	117	0.376068376068376	66	113	0.584070796460177	16	CG	1	0.00176075777841482	gain	NA	NA	NA	NA	NA
Fvb2	11488101	11488200	100	*	47	85	0.552941176470588	65	69	0.942028985507246	12	CG	1	9.22895627327037e-07	gain	NA	NA	NA	NA	NA
Fvb2	12029101	12029200	100	*	0	119	0	18	81	0.222222222222222	8	CG	1	9.22895627327037e-07	gain	EVM	SO:0000704	FvH4_2g13810	1	NA
Fvb2	12720301	12720400	100	*	24	59	0.406779661016949	11	73	0.150684931506849	6	CG	-1	0.00125769925363904	loss	NA	NA	NA	NA	NA
Fvb2	13130601	13130700	100	*	24	107	0.224299065420561	49	103	0.475728155339806	8	CG	1	0.000367762591243917	gain	NA	NA	NA	NA	NA
Fvb2	13150201	13150300	100	*	5	29	0.172413793103448	23	34	0.676470588235294	4	CG	1	0.000208883263161924	gain	NA	NA	NA	NA	NA
Fvb2	13802101	13802200	100	*	12	73	0.164383561643836	28	67	0.417910447761194	6	CG	1	0.00125769925363904	gain	EVM	SO:0000704	FvH4_2g15730	1	NA
Fvb2	13888601	13888700	100	*	23	108	0.212962962962963	60	138	0.434782608695652	18	CG	1	0.000557143604340322	gain	NA	NA	NA	NA	NA
Fvb2	14275801	14275900	100	*	65	142	0.457746478873239	61	83	0.734939759036145	11	CG	1	0.000192712062007233	gain	EVM	SO:0000704	FvH4_2g16351	1	NA
Fvb2	14630501	14630600	100	*	20	80	0.25	28	48	0.583333333333333	6	CG	1	0.000425643868778949	gain	EVM	SO:0000704	FvH4_2g16810	1	NA
Fvb2	14688801	14688900	100	*	59	114	0.517543859649123	31	112	0.276785714285714	10	CG	-1	0.000500642366142134	loss	NA	NA	NA	NA	NA
Fvb2	14861701	14861800	100	*	24	33	0.727272727272727	35	35	1	6	CG	1	0.00125769925363904	gain	NA	NA	NA	NA	NA
Fvb2	15159701	15159800	100	*	63	76	0.828947368421053	93	173	0.53757225433526	14	CG	-1	6.30053936683022e-05	loss	NA	NA	NA	NA	NA
Fvb2	15295601	15295700	100	*	39	49	0.795918367346939	18	40	0.45	10	CG	-1	0.00107377749970614	loss	NA	NA	NA	NA	NA
Fvb2	15705901	15706000	100	*	27	67	0.402985074626866	33	43	0.767441860465116	4	CG	1	0.000450902758683584	gain	NA	NA	NA	NA	NA
Fvb2	15796301	15796400	100	*	56	73	0.767123287671233	56	57	0.982456140350877	6	CG	1	0.000766168715267701	gain	EVM	SO:0000704	FvH4_2g18430	1	NA
Fvb2	15960701	15960800	100	*	33	47	0.702127659574468	21	54	0.388888888888889	6	CG	-1	0.00178741222222011	loss	NA	NA	NA	NA	NA
Fvb2	17060701	17060800	100	*	77	156	0.493589743589744	109	139	0.784172661870504	14	CG	1	2.6671033376672e-06	gain	EVM	SO:0000704	FvH4_2g20291	1	NA
Fvb2	17102701	17102800	100	*	28	56	0.5	45	56	0.803571428571429	4	CG	1	0.00111212635261702	gain	EVM	SO:0000704	FvH4_2g20350	1	NA
Fvb2	17143001	17143100	100	*	91	98	0.928571428571429	45	62	0.725806451612903	13	CG	-1	0.000803715500938867	loss	NA	NA	NA	NA	NA
Fvb2	17403601	17403700	100	*	42	43	0.976744186046512	37	52	0.711538461538462	4	CG	-1	0.000926183970444428	loss	EVM	SO:0000704	FvH4_2g20843	1	NA
Fvb2	17451101	17451200	100	*	96	104	0.923076923076923	47	68	0.691176470588235	10	CG	-1	0.000236911594778549	loss	EVM	SO:0000704	FvH4_2g20911	1	NA
Fvb2	17752101	17752200	100	*	46	65	0.707692307692308	29	77	0.376623376623377	8	CG	-1	0.000267160019943872	loss	NA	NA	NA	NA	NA
Fvb2	17918801	17918900	100	*	11	44	0.25	41	64	0.640625	6	CG	1	0.000221663737619941	gain	NA	NA	NA	NA	NA
Fvb2	18361701	18361800	100	*	26	37	0.702702702702703	12	38	0.315789473684211	4	CG	-1	0.00116505968128166	loss	EVM	SO:0000704	FvH4_2g22400	1	NA
Fvb2	18521701	18521800	100	*	42	60	0.7	48	51	0.941176470588235	6	CG	1	0.00149187292960331	gain	EVM	SO:0000704	FvH4_2g22600	1	NA
Fvb2	18581101	18581200	100	*	129	151	0.854304635761589	88	151	0.582781456953642	12	CG	-1	1.80332771338505e-06	loss	EVM	SO:0000704	FvH4_2g22660	1	NA
Fvb2	19549801	19549900	100	*	56	63	0.888888888888889	35	54	0.648148148148148	4	CG	-1	0.00188234838078237	loss	NA	NA	NA	NA	NA
Fvb2	20215201	20215300	100	*	52	64	0.8125	28	55	0.509090909090909	4	CG	-1	0.000786299715791898	loss	EVM	SO:0000704	FvH4_2g24840	1	NA
Fvb2	20766101	20766200	100	*	53	142	0.373239436619718	100	164	0.609756097560976	8	CG	1	0.000146606511934506	gain	EVM	SO:0000704	FvH4_2g25690,FvH4_2g25691	2	NA
Fvb2	20828401	20828500	100	*	32	48	0.666666666666667	43	45	0.955555555555556	4	CG	1	0.000773671924702189	gain	EVM	SO:0000704	FvH4_2g25800	1	NA
Fvb2	21880301	21880400	100	*	49	51	0.96078431372549	33	46	0.717391304347826	4	CG	-1	0.00126245772884792	loss	EVM	SO:0000704	FvH4_2g27640	1	NA
Fvb2	22178401	22178500	100	*	45	98	0.459183673469388	22	113	0.194690265486726	14	CG	-1	0.00015086423667147	loss	EVM	SO:0000704	FvH4_2g28160	1	NA
Fvb2	23454201	23454300	100	*	66	68	0.970588235294118	30	40	0.75	10	CG	-1	0.00077591759555813	loss	NA	NA	NA	NA	NA
Fvb2	24298601	24298700	100	*	17	79	0.215189873417722	29	56	0.517857142857143	4	CG	1	0.000551833805115966	gain	EVM	SO:0000704	FvH4_2g31810	1	NA
Fvb2	24369901	24370000	100	*	70	86	0.813953488372093	72	123	0.585365853658537	6	CG	-1	0.000825969213162573	loss	EVM	SO:0000704	FvH4_2g31990	1	NA
Fvb2	24420101	24420200	100	*	52	52	1	28	36	0.777777777777778	6	CG	-1	0.000707687449898085	loss	NA	NA	NA	NA	NA
Fvb2	24703801	24703900	100	*	45	60	0.75	42	43	0.976744186046512	8	CG	1	0.00183913319784341	gain	NA	NA	NA	NA	NA
Fvb2	24861001	24861100	100	*	49	112	0.4375	15	76	0.197368421052632	8	CG	-1	0.00100207364761805	loss	EVM	SO:0000704	FvH4_2g33000	1	NA
Fvb2	25195901	25196000	100	*	29	79	0.367088607594937	52	81	0.641975308641975	6	CG	1	0.000845272763024317	gain	NA	NA	NA	NA	NA
Fvb2	25196001	25196100	100	*	30	78	0.384615384615385	30	43	0.697674418604651	6	CG	1	0.00129946744227329	gain	NA	NA	NA	NA	NA
Fvb2	25196101	25196200	100	*	63	124	0.508064516129032	74	94	0.787234042553192	12	CG	1	0.000105008136445626	gain	NA	NA	NA	NA	NA
Fvb2	25321401	25321500	100	*	53	88	0.602272727272727	32	90	0.355555555555556	9	CG	-1	0.00130539208281642	loss	NA	NA	NA	NA	NA
Fvb2	25440301	25440400	100	*	11	34	0.323529411764706	34	50	0.68	6	CG	1	0.00155297078163565	gain	NA	NA	NA	NA	NA
Fvb2	25549501	25549600	100	*	2	31	0.0645161290322581	20	39	0.512820512820513	4	CG	1	0.000208883263161924	gain	NA	NA	NA	NA	NA
Fvb2	25596501	25596600	100	*	32	56	0.571428571428571	48	55	0.872727272727273	4	CG	1	0.000755438543785798	gain	EVM	SO:0000704	FvH4_2g34460,FvH4_2g34470	2	NA
Fvb2	26549101	26549200	100	*	40	73	0.547945205479452	57	72	0.791666666666667	10	CG	1	0.00190166522048683	gain	NA	NA	NA	NA	NA
Fvb2	26961901	26962000	100	*	45	64	0.703125	64	69	0.927536231884058	4	CG	1	0.00114048012206515	gain	EVM	SO:0000704	FvH4_2g36930	1	NA
Fvb2	26967001	26967100	100	*	37	50	0.74	22	53	0.415094339622642	6	CG	-1	0.00122365644935353	loss	NA	NA	NA	NA	NA
Fvb2	26996201	26996300	100	*	40	41	0.975609756097561	18	26	0.692307692307692	4	CG	-1	0.00125769925363904	loss	NA	NA	NA	NA	NA
Fvb2	27093501	27093600	100	*	19	58	0.327586206896552	7	84	0.0833333333333333	6	CG	-1	0.000500642366142134	loss	NA	NA	NA	NA	NA
Fvb2	27562401	27562500	100	*	82	115	0.71304347826087	35	83	0.421686746987952	8	CG	-1	0.000151131934085482	loss	NA	NA	NA	NA	NA
Fvb2	27796801	27796900	100	*	75	83	0.903614457831325	34	50	0.68	8	CG	-1	0.0014563525505409	loss	NA	NA	NA	NA	NA
Fvb2	27918101	27918200	100	*	35	46	0.760869565217391	59	60	0.983333333333333	8	CG	1	0.000669517855882204	gain	NA	NA	NA	NA	NA
Fvb2	28021401	28021500	100	*	54	85	0.635294117647059	69	78	0.884615384615385	6	CG	1	0.000500642366142134	gain	EVM	SO:0000704	FvH4_2g38830	1	NA
Fvb2	28136201	28136300	100	*	32	48	0.666666666666667	12	42	0.285714285714286	4	CG	-1	0.000622475798476504	loss	EVM	SO:0000704	FvH4_2g39060,FvH4_2g39070	2	NA
Fvb2	28868301	28868400	100	*	55	80	0.6875	33	76	0.434210526315789	4	CG	-1	0.00163658381155838	loss	EVM	SO:0000704	FvH4_2g40520	1	NA
Fvb2	28889901	28890000	100	*	29	77	0.376623376623377	46	61	0.754098360655738	6	CG	1	5.51801776861018e-05	gain	NA	NA	NA	NA	NA
Fvb2	28914801	28914900	100	*	121	171	0.707602339181287	47	94	0.5	14	CG	-1	0.0011537436720098	loss	NA	NA	NA	NA	NA
Fvb2	29278601	29278700	100	*	66	124	0.532258064516129	26	101	0.257425742574257	10	CG	-1	0.000126276332496264	loss	EVM	SO:0000704	FvH4_2g41370	1	NA
Fvb3	213003	213102	100	*	31	41	0.75609756097561	56	57	0.982456140350877	4	CG	1	0.000803440448989565	gain	EVM	SO:0000704	FvH4_3g00400	1	NA
Fvb3	405403	405502	100	*	49	61	0.80327868852459	35	65	0.538461538461538	4	CG	-1	0.00178047870765478	loss	EVM	SO:0000704	FvH4_3g00800	1	NA
Fvb3	1131303	1131402	100	*	51	102	0.5	51	67	0.761194029850746	8	CG	1	0.00103810692066087	gain	NA	NA	NA	NA	NA
Fvb3	1168203	1168302	100	*	25	63	0.396825396825397	43	61	0.704918032786885	4	CG	1	0.00091703216855249	gain	EVM	SO:0000704	FvH4_3g02300	1	NA
Fvb3	1695203	1695302	100	*	30	53	0.566037735849057	12	58	0.206896551724138	4	CG	-1	0.000295149500484071	loss	NA	NA	NA	NA	NA
Fvb3	2259703	2259802	100	*	42	189	0.222222222222222	0	151	0	12	CG	-1	1.15165241202683e-08	loss	EVM	SO:0000704	FvH4_3g04040	1	NA
Fvb3	2830003	2830102	100	*	10	52	0.192307692307692	23	38	0.605263157894737	6	CG	1	0.000208883263161924	gain	NA	NA	NA	NA	NA
Fvb3	3086103	3086202	100	*	29	80	0.3625	37	52	0.711538461538462	4	CG	1	0.000281003682497399	gain	NA	NA	NA	NA	NA
Fvb3	3251003	3251102	100	*	26	41	0.634146341463415	7	31	0.225806451612903	6	CG	-1	0.000920868634320002	loss	NA	NA	NA	NA	NA
Fvb3	3566603	3566702	100	*	73	74	0.986486486486487	50	65	0.769230769230769	8	CG	-1	0.000214525178038393	loss	NA	NA	NA	NA	NA
Fvb3	4289603	4289702	100	*	0	48	0	10	50	0.2	4	CG	1	0.0013946422077973	gain	NA	NA	NA	NA	NA
Fvb3	4393003	4393102	100	*	35	103	0.339805825242718	71	123	0.577235772357724	12	CG	1	0.000710563027370622	gain	NA	NA	NA	NA	NA
Fvb3	4709603	4709702	100	*	7	46	0.152173913043478	18	37	0.486486486486487	4	CG	1	0.00129165659737485	gain	EVM	SO:0000704	FvH4_3g07990,FvH4_3g07991	2	NA
Fvb3	4940903	4941002	100	*	37	178	0.207865168539326	71	139	0.510791366906475	16	CG	1	2.42475621367219e-07	gain	EVM	SO:0000704	FvH4_3g08460	1	NA
Fvb3	5446603	5446702	100	*	21	27	0.777777777777778	41	41	1	4	CG	1	0.00175817157959987	gain	EVM	SO:0000704	FvH4_3g09321	1	NA
Fvb3	5449203	5449302	100	*	12	34	0.352941176470588	0	30	0	4	CG	-1	0.000618747365907055	loss	NA	NA	NA	NA	NA
Fvb3	5999103	5999202	100	*	76	100	0.76	59	115	0.51304347826087	8	CG	-1	0.0004595747988625	loss	NA	NA	NA	NA	NA
Fvb3	6933003	6933102	100	*	107	146	0.732876712328767	53	110	0.481818181818182	14	CG	-1	0.000154909770088042	loss	NA	NA	NA	NA	NA
Fvb3	7126903	7127002	100	*	50	83	0.602409638554217	21	63	0.333333333333333	8	CG	-1	0.00153869960095292	loss	NA	NA	NA	NA	NA
Fvb3	7128603	7128702	100	*	103	122	0.844262295081967	71	113	0.628318584070796	12	CG	-1	0.000424896265712833	loss	NA	NA	NA	NA	NA
Fvb3	7130303	7130402	100	*	56	94	0.595744680851064	30	85	0.352941176470588	10	CG	-1	0.00145750388252713	loss	NA	NA	NA	NA	NA
Fvb3	7140403	7140502	100	*	60	86	0.697674418604651	32	75	0.426666666666667	8	CG	-1	0.000873869705963371	loss	NA	NA	NA	NA	NA
Fvb3	7438103	7438202	100	*	24	34	0.705882352941177	13	42	0.30952380952381	6	CG	-1	0.000926281739058631	loss	NA	NA	NA	NA	NA
Fvb3	7839903	7840002	100	*	33	44	0.75	72	73	0.986301369863014	4	CG	1	0.000167172999637122	gain	EVM	SO:0000704	FvH4_3g13130	1	NA
Fvb3	7943503	7943602	100	*	10	28	0.357142857142857	31	41	0.75609756097561	4	CG	1	0.00125769925363904	gain	NA	NA	NA	NA	NA
Fvb3	7984803	7984902	100	*	41	57	0.719298245614035	50	51	0.980392156862745	4	CG	1	0.000481407411781458	gain	EVM	SO:0000704	FvH4_3g13352	1	NA
Fvb3	8231703	8231802	100	*	7	32	0.21875	25	39	0.641025641025641	4	CG	1	0.000715123801372054	gain	NA	NA	NA	NA	NA
Fvb3	8268003	8268102	100	*	53	60	0.883333333333333	34	57	0.596491228070175	8	CG	-1	0.000729073269633718	loss	NA	NA	NA	NA	NA
Fvb3	8363803	8363902	100	*	22	41	0.536585365853659	26	28	0.928571428571429	4	CG	1	0.000848252862288478	gain	NA	NA	NA	NA	NA
Fvb3	10177103	10177202	100	*	82	88	0.931818181818182	27	41	0.658536585365854	9	CG	-1	0.000221663737619941	loss	NA	NA	NA	NA	NA
Fvb3	11085103	11085202	100	*	98	138	0.710144927536232	84	170	0.494117647058824	28	CG	-1	0.000359176416307809	loss	NA	NA	NA	NA	NA
Fvb3	11336903	11337002	100	*	80	103	0.776699029126214	42	78	0.538461538461538	6	CG	-1	0.0010665114907409	loss	EVM	SO:0000704	FvH4_3g17840	1	NA
Fvb3	11364203	11364302	100	*	40	55	0.727272727272727	26	60	0.433333333333333	4	CG	-1	0.00165613563073965	loss	EVM	SO:0000704	FvH4_3g17850	1	NA
Fvb3	11776803	11776902	100	*	52	80	0.65	15	48	0.3125	6	CG	-1	0.000500642366142134	loss	NA	NA	NA	NA	NA
Fvb3	12033403	12033502	100	*	37	50	0.74	84	88	0.954545454545455	10	CG	1	0.000511979695711202	gain	NA	NA	NA	NA	NA
Fvb3	12332603	12332702	100	*	85	155	0.548387096774194	81	105	0.771428571428571	12	CG	1	0.000527186820084197	gain	EVM	SO:0000704	FvH4_3g19131	1	NA
Fvb3	13059603	13059702	100	*	44	61	0.721311475409836	17	42	0.404761904761905	4	CG	-1	0.00155643840621205	loss	EVM	SO:0000704	FvH4_3g19920	1	NA
Fvb3	13177803	13177902	100	*	44	51	0.862745098039216	24	45	0.533333333333333	8	CG	-1	0.00074989485644172	loss	NA	NA	NA	NA	NA
Fvb3	13495603	13495702	100	*	37	64	0.578125	54	64	0.84375	6	CG	1	0.00125769925363904	gain	EVM	SO:0000704	FvH4_3g20470	1	NA
Fvb3	13628803	13628902	100	*	33	63	0.523809523809524	18	74	0.243243243243243	6	CG	-1	0.0010665114907409	loss	EVM	SO:0000704	FvH4_3g20570	1	NA
Fvb3	14097003	14097102	100	*	14	40	0.35	2	48	0.0416666666666667	8	CG	-1	0.00046071959888742	loss	EVM	SO:0000704	FvH4_3g21080	1	NA
Fvb3	14113503	14113602	100	*	58	59	0.983050847457627	42	59	0.711864406779661	14	CG	-1	0.000157952403739047	loss	EVM	SO:0000704	FvH4_3g21083	1	NA
Fvb3	15225303	15225402	100	*	51	145	0.351724137931034	50	87	0.574712643678161	8	CG	1	0.00125769925363904	gain	EVM	SO:0000704	FvH4_3g22210	1	NA
Fvb3	15508703	15508802	100	*	2	30	0.0666666666666667	10	18	0.555555555555556	4	CG	1	0.000410574802591943	gain	NA	NA	NA	NA	NA
Fvb3	15798703	15798802	100	*	46	76	0.605263157894737	16	58	0.275862068965517	8	CG	-1	0.000410574802591943	loss	NA	NA	NA	NA	NA
Fvb3	16180003	16180102	100	*	4	43	0.0930232558139535	19	46	0.41304347826087	6	CG	1	0.00091703216855249	gain	NA	NA	NA	NA	NA
Fvb3	16433703	16433802	100	*	44	68	0.647058823529412	67	72	0.930555555555556	4	CG	1	0.000141030075099829	gain	EVM	SO:0000704	FvH4_3g23390	1	NA
Fvb3	16775303	16775402	100	*	16	29	0.551724137931034	25	27	0.925925925925926	6	CG	1	0.00175855700164853	gain	NA	NA	NA	NA	NA
Fvb3	16808503	16808602	100	*	42	68	0.617647058823529	46	50	0.92	8	CG	1	0.000470057102603175	gain	NA	NA	NA	NA	NA
Fvb3	16931103	16931202	100	*	2	58	0.0344827586206897	14	56	0.25	4	CG	1	0.00126003868471648	gain	EVM	SO:0000704	FvH4_3g23860	1	NA
Fvb3	16944903	16945002	100	*	68	75	0.906666666666667	34	50	0.68	8	CG	-1	0.00158422484062272	loss	NA	NA	NA	NA	NA
Fvb3	17224403	17224502	100	*	65	168	0.386904761904762	117	184	0.635869565217391	14	CG	1	2.13216272689836e-05	gain	EVM	SO:0000704	FvH4_3g24230	1	NA
Fvb3	17405003	17405102	100	*	28	34	0.823529411764706	21	44	0.477272727272727	6	CG	-1	0.00182298452597915	loss	NA	NA	NA	NA	NA
Fvb3	17560503	17560602	100	*	31	31	1	21	29	0.724137931034483	6	CG	-1	0.00180678139801769	loss	NA	NA	NA	NA	NA
Fvb3	17807503	17807602	100	*	53	83	0.63855421686747	51	124	0.411290322580645	20	CG	-1	0.00158272085588826	loss	NA	NA	NA	NA	NA
Fvb3	17844303	17844402	100	*	64	102	0.627450980392157	63	73	0.863013698630137	18	CG	1	0.000920475059016429	gain	NA	NA	NA	NA	NA
Fvb3	17844403	17844502	100	*	57	154	0.37012987012987	69	100	0.69	16	CG	1	5.71099750985459e-06	gain	NA	NA	NA	NA	NA
Fvb3	18308403	18308502	100	*	72	75	0.96	43	57	0.754385964912281	6	CG	-1	0.000813072703791514	loss	EVM	SO:0000704	FvH4_3g25420	1	NA
Fvb3	18409703	18409802	100	*	23	40	0.575	6	37	0.162162162162162	6	CG	-1	0.000459979653125356	loss	NA	NA	NA	NA	NA
Fvb3	18646203	18646302	100	*	22	32	0.6875	6	25	0.24	4	CG	-1	0.0011587383697863	loss	NA	NA	NA	NA	NA
Fvb3	19051303	19051402	100	*	8	34	0.235294117647059	16	25	0.64	6	CG	1	0.00185691801499514	gain	NA	NA	NA	NA	NA
Fvb3	19977403	19977502	100	*	76	87	0.873563218390805	36	78	0.461538461538462	14	CG	-1	2.36088486554543e-07	loss	NA	NA	NA	NA	NA
Fvb3	20236503	20236602	100	*	59	74	0.797297297297297	49	49	1	6	CG	1	0.00114048012206515	gain	NA	NA	NA	NA	NA
Fvb3	21614603	21614702	100	*	44	57	0.771929824561403	52	52	1	4	CG	1	0.000529223050527513	gain	EVM	SO:0000704	FvH4_3g28610	1	NA
Fvb3	21850703	21850802	100	*	111	151	0.735099337748344	70	142	0.492957746478873	14	CG	-1	9.55070298262309e-05	loss	NA	NA	NA	NA	NA
Fvb3	22384603	22384702	100	*	50	82	0.609756097560976	55	65	0.846153846153846	6	CG	1	0.00178047870765478	gain	EVM	SO:0000704	FvH4_3g29280	1	NA
Fvb3	22442803	22442902	100	*	45	47	0.957446808510638	37	52	0.711538461538462	6	CG	-1	0.00147140038968223	loss	NA	NA	NA	NA	NA
Fvb3	23174103	23174202	100	*	104	123	0.845528455284553	103	164	0.628048780487805	22	CG	-1	0.0001770556870682	loss	NA	NA	NA	NA	NA
Fvb3	23564303	23564402	100	*	111	191	0.581151832460733	88	112	0.785714285714286	10	CG	1	0.00060820073182598	gain	EVM	SO:0000704	FvH4_3g30370	1	NA
Fvb3	23617603	23617702	100	*	44	44	1	23	29	0.793103448275862	4	CG	-1	0.00178459771518961	loss	NA	NA	NA	NA	NA
Fvb3	24023603	24023702	100	*	42	42	1	22	29	0.758620689655172	6	CG	-1	0.0011587383697863	loss	NA	NA	NA	NA	NA
Fvb3	25168403	25168502	100	*	74	112	0.660714285714286	34	83	0.409638554216867	10	CG	-1	0.000821903728049079	loss	NA	NA	NA	NA	NA
Fvb3	27178203	27178302	100	*	39	46	0.847826086956522	20	38	0.526315789473684	8	CG	-1	0.00157204384572927	loss	NA	NA	NA	NA	NA
Fvb3	27666103	27666202	100	*	15	48	0.3125	7	80	0.0875	8	CG	-1	0.00139743923654663	loss	NA	NA	NA	NA	NA
Fvb3	28122103	28122202	100	*	99	135	0.733333333333333	89	93	0.956989247311828	10	CG	1	6.6047620578904e-05	gain	EVM	SO:0000704	FvH4_3g32804	1	NA
Fvb3	28188603	28188702	100	*	62	95	0.652631578947368	17	50	0.34	8	CG	-1	0.000648697397722562	loss	NA	NA	NA	NA	NA
Fvb3	28251203	28251302	100	*	81	134	0.604477611940298	100	117	0.854700854700855	19	CG	1	5.72277567134363e-05	gain	NA	NA	NA	NA	NA
Fvb3	28310803	28310902	100	*	73	73	1	64	82	0.780487804878049	10	CG	-1	9.62956973983125e-05	loss	NA	NA	NA	NA	NA
Fvb3	28535003	28535102	100	*	0	43	0	8	29	0.275862068965517	4	CG	1	0.000555747872451412	gain	EVM	SO:0000704	FvH4_3g33120	1	NA
Fvb3	28941903	28942002	100	*	0	45	0	7	33	0.212121212121212	4	CG	1	0.00147555790273112	gain	NA	NA	NA	NA	NA
Fvb3	29338803	29338902	100	*	58	78	0.743589743589744	55	56	0.982142857142857	4	CG	1	0.000450902758683584	gain	EVM	SO:0000704	FvH4_3g33910	1	NA
Fvb3	29514203	29514302	100	*	70	185	0.378378378378378	51	84	0.607142857142857	14	CG	1	0.000811367743257997	gain	EVM	SO:0000704	FvH4_3g34110	1	NA
Fvb3	29543803	29543902	100	*	4	58	0.0689655172413793	18	43	0.418604651162791	4	CG	1	0.000109564557081225	gain	EVM	SO:0000704	FvH4_3g34150	1	NA
Fvb3	29543903	29544002	100	*	74	165	0.448484848484848	89	130	0.684615384615385	10	CG	1	0.000187343904701933	gain	EVM	SO:0000704	FvH4_3g34150	1	NA
Fvb3	29782903	29783002	100	*	5	84	0.0595238095238095	29	101	0.287128712871287	6	CG	1	0.000231130332833403	gain	EVM	SO:0000704	FvH4_3g34280	1	NA
Fvb3	29989103	29989202	100	*	46	72	0.638888888888889	65	71	0.915492957746479	10	CG	1	0.000239291758676431	gain	NA	NA	NA	NA	NA
Fvb3	30459103	30459202	100	*	134	167	0.802395209580838	88	152	0.578947368421053	12	CG	-1	7.3755555807756e-05	loss	NA	NA	NA	NA	NA
Fvb3	31023903	31024002	100	*	49	51	0.96078431372549	54	75	0.72	8	CG	-1	0.000934483980506727	loss	NA	NA	NA	NA	NA
Fvb3	31297503	31297602	100	*	45	173	0.260115606936416	46	92	0.5	10	CG	1	0.000282407519466491	gain	EVM	SO:0000704	FvH4_3g36540	1	NA
Fvb3	31486703	31486802	100	*	50	52	0.961538461538462	38	54	0.703703703703704	4	CG	-1	0.000756962443959115	loss	EVM	SO:0000704	FvH4_3g36730	1	NA
Fvb3	31610803	31610902	100	*	75	80	0.9375	55	75	0.733333333333333	6	CG	-1	0.000901785274374602	loss	EVM	SO:0000704	FvH4_3g36930	1	NA
Fvb3	31814403	31814502	100	*	33	42	0.785714285714286	44	44	1	4	CG	1	0.00146137636435378	gain	EVM	SO:0000704	FvH4_3g37111	1	NA
Fvb3	31825103	31825202	100	*	22	36	0.611111111111111	8	39	0.205128205128205	5	CG	-1	0.000664176544880936	loss	NA	NA	NA	NA	NA
Fvb3	33278803	33278902	100	*	49	49	1	35	45	0.777777777777778	6	CG	-1	0.000816907008774632	loss	NA	NA	NA	NA	NA
Fvb3	33619003	33619102	100	*	24	66	0.363636363636364	26	37	0.702702702702703	6	CG	1	0.00128308052112503	gain	EVM	SO:0000704	FvH4_3g39560	1	NA
Fvb3	33640603	33640702	100	*	29	31	0.935483870967742	15	26	0.576923076923077	6	CG	-1	0.00155469823738625	loss	NA	NA	NA	NA	NA
Fvb3	33687103	33687202	100	*	57	82	0.695121951219512	49	53	0.924528301886792	8	CG	1	0.00171775982006504	gain	NA	NA	NA	NA	NA
Fvb3	33721003	33721102	100	*	57	61	0.934426229508197	53	75	0.706666666666667	6	CG	-1	0.00115113628057354	loss	EVM	SO:0000704	FvH4_3g39770	1	NA
Fvb3	33938003	33938102	100	*	48	50	0.96	27	39	0.692307692307692	6	CG	-1	0.000922529081880319	loss	NA	NA	NA	NA	NA
Fvb3	33956403	33956502	100	*	70	82	0.853658536585366	50	80	0.625	10	CG	-1	0.00125769925363904	loss	EVM	SO:0000704	FvH4_3g40180	1	NA
Fvb3	33995103	33995202	100	*	32	52	0.615384615384615	52	58	0.896551724137931	4	CG	1	0.000874541849707006	gain	EVM	SO:0000704	FvH4_3g40220	1	NA
Fvb3	34204903	34205002	100	*	8	27	0.296296296296296	20	25	0.8	4	CG	1	0.000573307738915016	gain	NA	NA	NA	NA	NA
Fvb3	34463603	34463702	100	*	2	42	0.0476190476190476	21	51	0.411764705882353	4	CG	1	0.000187343904701933	gain	NA	NA	NA	NA	NA
Fvb3	34576803	34576902	100	*	18	27	0.666666666666667	6	26	0.230769230769231	4	CG	-1	0.00164242612577746	loss	NA	NA	NA	NA	NA
Fvb3	35394303	35394402	100	*	36	62	0.580645161290323	46	53	0.867924528301887	6	CG	1	0.00103810692066087	gain	EVM	SO:0000704	FvH4_3g42410	1	NA
Fvb3	35744303	35744402	100	*	15	67	0.223880597014925	0	55	0	8	CG	-1	0.000450902758683584	loss	EVM	SO:0000704	FvH4_3g42760	1	NA
Fvb3	36134603	36134702	100	*	78	117	0.666666666666667	87	97	0.896907216494845	6	CG	1	0.000222008682358233	gain	EVM	SO:0000704	FvH4_3g43280	1	NA
Fvb3	36172503	36172602	100	*	70	125	0.56	26	100	0.26	16	CG	-1	3.69773492352203e-05	loss	NA	NA	NA	NA	NA
Fvb3	36825503	36825602	100	*	40	42	0.952380952380952	17	26	0.653846153846154	6	CG	-1	0.00145529544087172	loss	NA	NA	NA	NA	NA
Fvb4	461003	461102	100	*	22	36	0.611111111111111	44	49	0.897959183673469	4	CG	1	0.00182477629023011	gain	NA	NA	NA	NA	NA
Fvb4	553403	553502	100	*	24	42	0.571428571428571	38	43	0.883720930232558	4	CG	1	0.00147140038968223	gain	EVM	SO:0000704	FvH4_4g00640	1	NA
Fvb4	619103	619202	100	*	2	72	0.0277777777777778	7	28	0.25	4	CG	1	0.000821903728049079	gain	EVM	SO:0000704	FvH4_4g00710	1	NA
Fvb4	1610703	1610802	100	*	75	165	0.454545454545455	26	122	0.213114754098361	16	CG	-1	0.000101328476359087	loss	NA	NA	NA	NA	NA
Fvb4	1612003	1612102	100	*	42	54	0.777777777777778	18	47	0.382978723404255	6	CG	-1	0.000200315063186487	loss	EVM	SO:0000704	FvH4_4g01831	1	NA
Fvb4	1612103	1612202	100	*	36	118	0.305084745762712	7	84	0.0833333333333333	10	CG	-1	0.00040386936482812	loss	EVM	SO:0000704	FvH4_4g01831	1	NA
Fvb4	1657803	1657902	100	*	38	38	1	46	59	0.779661016949153	4	CG	-1	0.00194698259119856	loss	EVM	SO:0000704	FvH4_4g01870	1	NA
Fvb4	2222803	2222902	100	*	37	54	0.685185185185185	48	51	0.941176470588235	8	CG	1	0.00120467292529917	gain	EVM	SO:0000704	FvH4_4g02410	1	NA
Fvb4	2222903	2223002	100	*	83	129	0.643410852713178	83	91	0.912087912087912	20	CG	1	3.29442452413367e-05	gain	EVM	SO:0000704	FvH4_4g02410	1	NA
Fvb4	2444103	2444202	100	*	21	35	0.6	30	32	0.9375	4	CG	1	0.00147967975226174	gain	NA	NA	NA	NA	NA
Fvb4	2553203	2553302	100	*	76	159	0.477987421383648	141	207	0.681159420289855	22	CG	1	0.000279935809413767	gain	NA	NA	NA	NA	NA
Fvb4	3414203	3414302	100	*	56	91	0.615384615384615	65	76	0.855263157894737	8	CG	1	0.000900950789365376	gain	EVM	SO:0000704	FvH4_4g03901	1	NA
Fvb4	3723903	3724002	100	*	63	83	0.759036144578313	65	121	0.537190082644628	10	CG	-1	0.00154325306558313	loss	NA	NA	NA	NA	NA
Fvb4	4077103	4077202	100	*	40	69	0.579710144927536	22	79	0.278481012658228	6	CG	-1	0.000495547385102415	loss	EVM	SO:0000704	FvH4_4g04670	1	NA
Fvb4	4138203	4138302	100	*	27	125	0.216	39	93	0.419354838709677	13	CG	1	0.00149474076346708	gain	NA	NA	NA	NA	NA
Fvb4	4591503	4591602	100	*	26	41	0.634146341463415	37	40	0.925	6	CG	1	0.00178741222222011	gain	NA	NA	NA	NA	NA
Fvb4	5039503	5039602	100	*	60	61	0.983606557377049	26	40	0.65	6	CG	-1	2.71175238601451e-05	loss	NA	NA	NA	NA	NA
Fvb4	5137503	5137602	100	*	35	105	0.333333333333333	64	117	0.547008547008547	8	CG	1	0.00160080823261877	gain	NA	NA	NA	NA	NA
Fvb4	6086303	6086402	100	*	73	94	0.776595744680851	123	125	0.984	14	CG	1	6.45462754548291e-06	gain	NA	NA	NA	NA	NA
Fvb4	6347703	6347802	100	*	36	47	0.765957446808511	47	48	0.979166666666667	6	CG	1	0.00185691801499514	gain	NA	NA	NA	NA	NA
Fvb4	7306203	7306302	100	*	5	97	0.0515463917525773	21	61	0.344262295081967	8	CG	1	1.13985043683724e-05	gain	NA	NA	NA	NA	NA
Fvb4	8772903	8773002	100	*	107	113	0.946902654867257	55	74	0.743243243243243	10	CG	-1	0.000215859186186099	loss	NA	NA	NA	NA	NA
Fvb4	10469703	10469802	100	*	26	27	0.962962962962963	21	35	0.6	4	CG	-1	0.00126532296265676	loss	NA	NA	NA	NA	NA
Fvb4	11252703	11252802	100	*	46	91	0.505494505494505	79	104	0.759615384615385	8	CG	1	0.000508039079676629	gain	NA	NA	NA	NA	NA
Fvb4	11344303	11344402	100	*	37	39	0.948717948717949	27	44	0.613636363636364	6	CG	-1	0.000599642424416525	loss	NA	NA	NA	NA	NA
Fvb4	11381303	11381402	100	*	138	150	0.92	76	112	0.678571428571429	14	CG	-1	5.32206170949511e-06	loss	NA	NA	NA	NA	NA
Fvb4	11934803	11934902	100	*	51	78	0.653846153846154	83	96	0.864583333333333	6	CG	1	0.00133573268559006	gain	EVM	SO:0000704	FvH4_4g09820	1	NA
Fvb4	13347203	13347302	100	*	46	127	0.362204724409449	15	94	0.159574468085106	8	CG	-1	0.00122365644935353	loss	EVM	SO:0000704	FvH4_4g10210	1	NA
Fvb4	14189603	14189702	100	*	58	123	0.471544715447154	25	95	0.263157894736842	8	CG	-1	0.00180671078710962	loss	NA	NA	NA	NA	NA
Fvb4	14410903	14411002	100	*	50	69	0.72463768115942	66	70	0.942857142857143	7	CG	1	0.000882593741194145	gain	EVM	SO:0000704	FvH4_4g10690	1	NA
Fvb4	15105303	15105402	100	*	0	59	0	5	22	0.227272727272727	4	CG	1	0.000418172212693972	gain	EVM	SO:0000704	FvH4_4g11340	1	NA
Fvb4	15140703	15140802	100	*	35	66	0.53030303030303	35	42	0.833333333333333	4	CG	1	0.00155297078163565	gain	EVM	SO:0000704	FvH4_4g11392	1	NA
Fvb4	16086103	16086202	100	*	39	40	0.975	28	40	0.7	4	CG	-1	0.00121895488030794	loss	NA	NA	NA	NA	NA
Fvb4	16428603	16428702	100	*	30	32	0.9375	14	26	0.538461538461538	5	CG	-1	0.000756962443959115	loss	NA	NA	NA	NA	NA
Fvb4	17860603	17860702	100	*	13	44	0.295454545454545	2	48	0.0416666666666667	4	CG	-1	0.00131705780742634	loss	NA	NA	NA	NA	NA
Fvb4	18041103	18041202	100	*	42	74	0.567567567567568	11	71	0.154929577464789	4	CG	-1	2.67903453123456e-06	loss	NA	NA	NA	NA	NA
Fvb4	18563103	18563202	100	*	13	37	0.351351351351351	22	29	0.758620689655172	6	CG	1	0.00132102696735147	gain	NA	NA	NA	NA	NA
Fvb4	18623103	18623202	100	*	132	188	0.702127659574468	158	173	0.913294797687861	20	CG	1	4.54544148913202e-06	gain	NA	NA	NA	NA	NA
Fvb4	18801603	18801702	100	*	56	63	0.888888888888889	17	35	0.485714285714286	4	CG	-1	6.17642808961416e-05	loss	EVM	SO:0000704	FvH4_4g15221	1	NA
Fvb4	18817803	18817902	100	*	51	112	0.455357142857143	80	110	0.727272727272727	14	CG	1	0.00015086423667147	gain	NA	NA	NA	NA	NA
Fvb4	18817903	18818002	100	*	108	198	0.545454545454545	115	151	0.76158940397351	18	CG	1	0.0001276229568949	gain	NA	NA	NA	NA	NA
Fvb4	18842203	18842302	100	*	63	101	0.623762376237624	28	78	0.358974358974359	6	CG	-1	0.000789628139250868	loss	NA	NA	NA	NA	NA
Fvb4	19245603	19245702	100	*	39	56	0.696428571428571	68	75	0.906666666666667	4	CG	1	0.00212212430548616	gain	EVM	SO:0000704	FvH4_4g15510,FvH4_4g15520	2	NA
Fvb4	19922203	19922302	100	*	47	84	0.55952380952381	58	73	0.794520547945205	6	CG	1	0.00188983850912128	gain	EVM	SO:0000704	FvH4_4g15972	1	NA
Fvb4	20034903	20035002	100	*	49	66	0.742424242424242	29	66	0.439393939393939	6	CG	-1	0.000754136643728312	loss	NA	NA	NA	NA	NA
Fvb4	20759103	20759202	100	*	50	105	0.476190476190476	22	91	0.241758241758242	8	CG	-1	0.00103810692066087	loss	NA	NA	NA	NA	NA
Fvb4	21897603	21897702	100	*	35	48	0.729166666666667	37	37	1	4	CG	1	0.000925299806286807	gain	NA	NA	NA	NA	NA
Fvb4	22715903	22716002	100	*	36	71	0.507042253521127	91	122	0.745901639344262	8	CG	1	0.00110848879492061	gain	NA	NA	NA	NA	NA
Fvb4	23105503	23105602	100	*	20	38	0.526315789473684	6	35	0.171428571428571	4	CG	-1	0.0017479365388	loss	NA	NA	NA	NA	NA
Fvb4	23285003	23285102	100	*	40	58	0.689655172413793	25	25	1	6	CG	1	0.00178741222222011	gain	NA	NA	NA	NA	NA
Fvb4	24523703	24523802	100	*	23	41	0.560975609756098	31	35	0.885714285714286	4	CG	1	0.00193983074174508	gain	NA	NA	NA	NA	NA
Fvb4	24526403	24526502	100	*	30	86	0.348837209302326	43	65	0.661538461538462	4	CG	1	0.000388609028142854	gain	EVM	SO:0000704	FvH4_4g21460	1	NA
Fvb4	24770103	24770202	100	*	27	43	0.627906976744186	18	59	0.305084745762712	4	CG	-1	0.00146950929645515	loss	NA	NA	NA	NA	NA
Fvb4	25308703	25308802	100	*	85	111	0.765765765765766	89	89	1	16	CG	1	8.56102634840802e-06	gain	NA	NA	NA	NA	NA
Fvb4	25428203	25428302	100	*	79	157	0.503184713375796	57	80	0.7125	16	CG	1	0.00210602664919502	gain	EVM	SO:0000704	FvH4_4g22691	1	NA
Fvb4	25634803	25634902	100	*	37	111	0.333333333333333	48	80	0.6	8	CG	1	0.000546973130835657	gain	EVM	SO:0000704	FvH4_4g23020	1	NA
Fvb4	26356203	26356302	100	*	40	87	0.459770114942529	50	70	0.714285714285714	13	CG	1	0.00158272085588826	gain	NA	NA	NA	NA	NA
Fvb4	26843803	26843902	100	*	38	141	0.269503546099291	68	141	0.482269503546099	20	CG	1	0.000510710375407464	gain	NA	NA	NA	NA	NA
Fvb4	26913103	26913202	100	*	2	39	0.0512820512820513	17	51	0.333333333333333	4	CG	1	0.00145529544087172	gain	EVM	SO:0000704	FvH4_4g24970	1	NA
Fvb4	26918703	26918802	100	*	63	64	0.984375	52	77	0.675324675324675	6	CG	-1	1.76887811206776e-05	loss	EVM	SO:0000704	FvH4_4g24980	1	NA
Fvb4	26940803	26940902	100	*	19	31	0.612903225806452	25	25	1	4	CG	1	0.000795518077298794	gain	NA	NA	NA	NA	NA
Fvb4	27215303	27215402	100	*	49	85	0.576470588235294	45	53	0.849056603773585	4	CG	1	0.00119555410779537	gain	EVM	SO:0000704	FvH4_4g25450	1	NA
Fvb4	27953503	27953602	100	*	36	63	0.571428571428571	58	71	0.816901408450704	8	CG	1	0.00200608803665041	gain	NA	NA	NA	NA	NA
Fvb4	28075703	28075802	100	*	10	31	0.32258064516129	28	36	0.777777777777778	4	CG	1	0.000450902758683584	gain	NA	NA	NA	NA	NA
Fvb4	28633503	28633602	100	*	133	138	0.963768115942029	52	70	0.742857142857143	12	CG	-1	1.29772331461946e-05	loss	EVM	SO:0000704	FvH4_4g27790	1	NA
Fvb4	28804703	28804802	100	*	57	57	1	38	48	0.791666666666667	6	CG	-1	0.000604442876247818	loss	NA	NA	NA	NA	NA
Fvb4	28806203	28806302	100	*	67	164	0.408536585365854	13	94	0.138297872340426	22	CG	-1	3.74786662461534e-05	loss	NA	NA	NA	NA	NA
Fvb4	28831803	28831902	100	*	14	43	0.325581395348837	40	57	0.701754385964912	8	CG	1	0.0004595747988625	gain	NA	NA	NA	NA	NA
Fvb4	28835803	28835902	100	*	17	61	0.278688524590164	2	60	0.0333333333333333	4	CG	-1	0.000493298327067093	loss	EVM	SO:0000704	FvH4_4g28090	1	NA
Fvb4	29238903	29239002	100	*	6	77	0.0779220779220779	17	59	0.288135593220339	6	CG	1	0.00147125154230331	gain	NA	NA	NA	NA	NA
Fvb4	30036503	30036602	100	*	2	77	0.025974025974026	15	54	0.277777777777778	7	CG	1	0.000105077973495438	gain	NA	NA	NA	NA	NA
Fvb4	30264903	30265002	100	*	30	30	1	23	32	0.71875	6	CG	-1	0.00180671078710962	loss	NA	NA	NA	NA	NA
Fvb4	30386003	30386102	100	*	49	135	0.362962962962963	10	66	0.151515151515152	12	CG	-1	0.00205028054240356	loss	NA	NA	NA	NA	NA
Fvb4	30407603	30407702	100	*	24	51	0.470588235294118	35	43	0.813953488372093	4	CG	1	0.000941853510129286	gain	NA	NA	NA	NA	NA
Fvb4	30454603	30454702	100	*	22	22	1	14	25	0.56	4	CG	-1	0.000721880185464804	loss	NA	NA	NA	NA	NA
Fvb4	30638503	30638602	100	*	28	47	0.595744680851064	14	50	0.28	6	CG	-1	0.00182477629023011	loss	NA	NA	NA	NA	NA
Fvb4	30817903	30818002	100	*	62	65	0.953846153846154	42	58	0.724137931034483	4	CG	-1	0.000782496721168768	loss	EVM	SO:0000704	FvH4_4g31911	1	NA
Fvb4	31184203	31184302	100	*	56	60	0.933333333333333	33	49	0.673469387755102	8	CG	-1	0.000821903728049079	loss	NA	NA	NA	NA	NA
Fvb4	31222403	31222502	100	*	6	68	0.0882352941176471	25	69	0.36231884057971	4	CG	1	0.00035949421431599	gain	NA	NA	NA	NA	NA
Fvb4	32077903	32078002	100	*	42	76	0.552631578947368	61	67	0.91044776119403	9	CG	1	1.55710701513197e-05	gain	NA	NA	NA	NA	NA
Fvb4	32178503	32178602	100	*	50	92	0.543478260869565	14	58	0.241379310344828	4	CG	-1	0.000570820596872158	loss	EVM	SO:0000704	FvH4_4g34330	1	NA
Fvb4	32537003	32537102	100	*	20	82	0.24390243902439	72	111	0.648648648648649	6	CG	1	3.65169569543704e-07	gain	EVM	SO:0000704	FvH4_4g35100	1	NA
Fvb4	32582203	32582302	100	*	61	104	0.586538461538462	46	52	0.884615384615385	6	CG	1	0.000418172212693972	gain	EVM	SO:0000704	FvH4_4g35200	1	NA
Fvb4	32679303	32679402	100	*	36	87	0.413793103448276	44	61	0.721311475409836	6	CG	1	0.000500642366142134	gain	EVM	SO:0000704	FvH4_4g35360	1	NA
Fvb4	32978503	32978602	100	*	0	22	0	8	22	0.363636363636364	4	CG	1	0.00185691801499514	gain	NA	NA	NA	NA	NA
Fvb4	33012403	33012502	100	*	44	88	0.5	29	110	0.263636363636364	6	CG	-1	0.000954456499685328	loss	EVM	SO:0000704	FvH4_4g35841	1	NA
Fvb4	33572903	33573002	100	*	10	101	0.099009900990099	29	67	0.432835820895522	6	CG	1	5.03854134906934e-06	gain	NA	NA	NA	NA	NA
Fvb4	33573003	33573102	100	*	17	66	0.257575757575758	23	40	0.575	4	CG	1	0.00139501471674161	gain	NA	NA	NA	NA	NA
Fvb5	129003	129102	100	*	12	74	0.162162162162162	26	54	0.481481481481481	8	CG	1	0.000290502385300092	gain	NA	NA	NA	NA	NA
Fvb5	166603	166702	100	*	25	36	0.694444444444444	41	42	0.976190476190476	4	CG	1	0.000926183970444428	gain	NA	NA	NA	NA	NA
Fvb5	357303	357402	100	*	47	122	0.385245901639344	57	85	0.670588235294118	8	CG	1	0.000193615413020799	gain	EVM	SO:0000704	FvH4_5g00572	1	NA
Fvb5	913503	913602	100	*	43	136	0.316176470588235	35	63	0.555555555555556	6	CG	1	0.00154888858573	gain	EVM	SO:0000704	FvH4_5g01480	1	NA
Fvb5	921503	921602	100	*	51	89	0.573033707865168	52	61	0.852459016393443	8	CG	1	0.000603239845611073	gain	NA	NA	NA	NA	NA
Fvb5	1157403	1157502	100	*	34	79	0.430379746835443	8	48	0.166666666666667	4	CG	-1	0.00220146866571405	loss	EVM	SO:0000704	FvH4_5g01840	1	NA
Fvb5	1474803	1474902	100	*	65	69	0.942028985507246	43	59	0.728813559322034	6	CG	-1	0.00126003868471648	loss	NA	NA	NA	NA	NA
Fvb5	1624303	1624402	100	*	138	160	0.8625	109	166	0.656626506024096	12	CG	-1	7.30463827873231e-05	loss	EVM	SO:0000704	FvH4_5g02700	1	NA
Fvb5	2148103	2148202	100	*	68	82	0.829268292682927	42	76	0.552631578947368	8	CG	-1	0.00041936894325288	loss	NA	NA	NA	NA	NA
Fvb5	2404303	2404402	100	*	9	43	0.209302325581395	14	21	0.666666666666667	5	CG	1	0.000673387828246226	gain	EVM	SO:0000704	FvH4_5g04040	1	NA
Fvb5	2986803	2986902	100	*	20	29	0.689655172413793	6	31	0.193548387096774	4	CG	-1	0.000311882981954758	loss	NA	NA	NA	NA	NA
Fvb5	3063603	3063702	100	*	7	49	0.142857142857143	22	52	0.423076923076923	4	CG	1	0.00193997365131935	gain	EVM	SO:0000704	FvH4_5g05250	1	NA
Fvb5	3106103	3106202	100	*	1	39	0.0256410256410256	14	37	0.378378378378378	6	CG	1	0.000328351785941193	gain	NA	NA	NA	NA	NA
Fvb5	3322103	3322202	100	*	29	44	0.659090909090909	55	61	0.901639344262295	4	CG	1	0.00218702090207885	gain	EVM	SO:0000704	FvH4_5g05640	1	NA
Fvb5	3434203	3434302	100	*	48	76	0.631578947368421	77	85	0.905882352941176	6	CG	1	0.000126276332496264	gain	EVM	SO:0000704	FvH4_5g05820	1	NA
Fvb5	3464003	3464102	100	*	41	42	0.976190476190476	27	37	0.72972972972973	4	CG	-1	0.00176075777841482	loss	NA	NA	NA	NA	NA
Fvb5	3473403	3473502	100	*	43	54	0.796296296296296	57	57	1	6	CG	1	0.000654698312560005	gain	NA	NA	NA	NA	NA
Fvb5	3665603	3665702	100	*	68	89	0.764044943820225	28	58	0.482758620689655	10	CG	-1	0.000803440448989565	loss	NA	NA	NA	NA	NA
Fvb5	3958303	3958402	100	*	9	40	0.225	20	35	0.571428571428571	4	CG	1	0.00214657369735034	gain	NA	NA	NA	NA	NA
Fvb5	3959703	3959802	100	*	37	82	0.451219512195122	49	58	0.844827586206897	8	CG	1	1.76887811206776e-05	gain	NA	NA	NA	NA	NA
Fvb5	4665003	4665102	100	*	79	100	0.79	46	81	0.567901234567901	12	CG	-1	0.00155297078163565	loss	NA	NA	NA	NA	NA
Fvb5	4688503	4688602	100	*	32	57	0.56140350877193	41	45	0.911111111111111	6	CG	1	0.000302442393359796	gain	NA	NA	NA	NA	NA
Fvb5	4952103	4952202	100	*	56	63	0.888888888888889	20	34	0.588235294117647	4	CG	-1	0.000941853510129286	loss	NA	NA	NA	NA	NA
Fvb5	5581103	5581202	100	*	24	31	0.774193548387097	87	87	1	6	CG	1	3.17846252408614e-05	gain	NA	NA	NA	NA	NA
Fvb5	5634803	5634902	100	*	0	64	0	10	50	0.2	4	CG	1	0.000450902758683584	gain	NA	NA	NA	NA	NA
Fvb5	5754003	5754102	100	*	30	55	0.545454545454545	38	42	0.904761904761905	6	CG	1	0.000362997881692066	gain	NA	NA	NA	NA	NA
Fvb5	5763203	5763302	100	*	58	62	0.935483870967742	61	92	0.66304347826087	14	CG	-1	0.000248849795707244	loss	NA	NA	NA	NA	NA
Fvb5	5828303	5828402	100	*	10	107	0.0934579439252336	34	101	0.336633663366337	6	CG	1	8.63201462406592e-05	gain	EVM	SO:0000704	FvH4_5g10190	1	NA
Fvb5	6227203	6227302	100	*	27	71	0.380281690140845	39	55	0.709090909090909	4	CG	1	0.000535066868547472	gain	EVM	SO:0000704	FvH4_5g11020	1	NA
Fvb5	6526103	6526202	100	*	35	62	0.564516129032258	8	48	0.166666666666667	6	CG	-1	9.88260364858677e-05	loss	EVM	SO:0000704	FvH4_5g11490,FvH4_5g11500	2	NA
Fvb5	6902203	6902302	100	*	82	145	0.56551724137931	94	121	0.776859504132231	12	CG	1	0.00059863380347378	gain	NA	NA	NA	NA	NA
Fvb5	7147103	7147202	100	*	59	119	0.495798319327731	90	119	0.756302521008403	8	CG	1	0.000132974355350872	gain	EVM	SO:0000704	FvH4_5g12680	1	NA
Fvb5	7259203	7259302	100	*	29	58	0.5	56	74	0.756756756756757	4	CG	1	0.00223439632942213	gain	EVM	SO:0000704	FvH4_5g12830,FvH4_5g12840	2	NA
Fvb5	7375503	7375602	100	*	82	83	0.987951807228916	36	51	0.705882352941177	8	CG	-1	8.71529910024098e-06	loss	NA	NA	NA	NA	NA
Fvb5	7375703	7375802	100	*	43	45	0.955555555555556	51	71	0.71830985915493	8	CG	-1	0.00168652054384611	loss	NA	NA	NA	NA	NA
Fvb5	7610703	7610802	100	*	58	65	0.892307692307692	40	62	0.645161290322581	12	CG	-1	0.00125769925363904	loss	NA	NA	NA	NA	NA
Fvb5	7652803	7652902	100	*	61	80	0.7625	77	79	0.974683544303797	8	CG	1	0.00025335659961459	gain	NA	NA	NA	NA	NA
Fvb5	7705703	7705802	100	*	65	75	0.866666666666667	58	88	0.659090909090909	10	CG	-1	0.00216632567721484	loss	EVM	SO:0000704	FvH4_5g13600	1	NA
Fvb5	7766603	7766702	100	*	43	58	0.741379310344828	48	48	1	6	CG	1	0.000394413793230257	gain	NA	NA	NA	NA	NA
Fvb5	7861403	7861502	100	*	43	58	0.741379310344828	30	30	1	6	CG	1	0.00223278722978455	gain	NA	NA	NA	NA	NA
Fvb5	8461503	8461602	100	*	65	192	0.338541666666667	123	174	0.706896551724138	12	CG	1	5.53727097752148e-11	gain	NA	NA	NA	NA	NA
Fvb5	8731003	8731102	100	*	28	99	0.282828282828283	49	95	0.515789473684211	6	CG	1	0.00125769925363904	gain	EVM	SO:0000704	FvH4_5g15420	1	NA
Fvb5	8841003	8841102	100	*	69	82	0.841463414634146	39	76	0.513157894736842	12	CG	-1	5.25964139244815e-05	loss	NA	NA	NA	NA	NA
Fvb5	8841303	8841402	100	*	36	41	0.878048780487805	22	43	0.511627906976744	9	CG	-1	0.000592346414318477	loss	NA	NA	NA	NA	NA
Fvb5	8879503	8879602	100	*	46	69	0.666666666666667	40	99	0.404040404040404	8	CG	-1	0.00116505968128166	loss	NA	NA	NA	NA	NA
Fvb5	8888603	8888702	100	*	24	97	0.247422680412371	47	102	0.46078431372549	9	CG	1	0.00180873579982102	gain	NA	NA	NA	NA	NA
Fvb5	8893803	8893902	100	*	167	229	0.729257641921397	187	198	0.944444444444444	21	CG	1	6.72860250540306e-08	gain	EVM	SO:0000704	FvH4_5g15721	1	NA
Fvb5	9796703	9796802	100	*	70	105	0.666666666666667	68	76	0.894736842105263	6	CG	1	0.000715123801372054	gain	EVM	SO:0000704	FvH4_5g17170	1	NA
Fvb5	9894103	9894202	100	*	60	70	0.857142857142857	24	43	0.558139534883721	6	CG	-1	0.000756962443959115	loss	NA	NA	NA	NA	NA
Fvb5	10801103	10801202	100	*	53	157	0.337579617834395	93	166	0.560240963855422	16	CG	1	0.000207799945358495	gain	EVM	SO:0000704	FvH4_5g18820	1	NA
Fvb5	10914403	10914502	100	*	84	89	0.943820224719101	90	121	0.743801652892562	10	CG	-1	0.000396244723203242	loss	NA	NA	NA	NA	NA
Fvb5	11042103	11042202	100	*	88	129	0.682170542635659	58	65	0.892307692307692	8	CG	1	0.00158706265326207	gain	EVM	SO:0000704	FvH4_5g19130	1	NA
Fvb5	12158903	12159002	100	*	96	105	0.914285714285714	54	80	0.675	6	CG	-1	0.00015086423667147	loss	EVM	SO:0000704	FvH4_5g20491	1	NA
Fvb5	12293103	12293202	100	*	32	133	0.240601503759398	57	120	0.475	6	CG	1	0.000294411638883506	gain	EVM	SO:0000704	FvH4_5g20701	1	NA
Fvb5	12754303	12754402	100	*	51	54	0.944444444444444	42	58	0.724137931034483	9	CG	-1	0.00197697318626825	loss	EVM	SO:0000704	FvH4_5g21222	1	NA
Fvb5	12856803	12856902	100	*	42	42	1	27	36	0.75	4	CG	-1	0.000918474268953118	loss	EVM	SO:0000704	FvH4_5g21310	1	NA
Fvb5	13275603	13275702	100	*	38	38	1	17	24	0.708333333333333	4	CG	-1	0.000756962443959115	loss	EVM	SO:0000704	FvH4_5g21911	1	NA
Fvb5	13472503	13472602	100	*	47	66	0.712121212121212	64	68	0.941176470588235	4	CG	1	0.000786299715791898	gain	EVM	SO:0000704	FvH4_5g22140	1	NA
Fvb5	13833703	13833802	100	*	34	44	0.772727272727273	13	32	0.40625	4	CG	-1	0.00145750388252713	loss	NA	NA	NA	NA	NA
Fvb5	14029403	14029502	100	*	82	132	0.621212121212121	92	103	0.893203883495146	10	CG	1	1.75631261673783e-05	gain	NA	NA	NA	NA	NA
Fvb5	14038403	14038502	100	*	32	46	0.695652173913043	33	33	1	4	CG	1	0.000813072703791514	gain	EVM	SO:0000704	FvH4_5g22700	1	NA
Fvb5	14556603	14556702	100	*	196	213	0.92018779342723	67	105	0.638095238095238	18	CG	-1	7.91397871689698e-09	loss	NA	NA	NA	NA	NA
Fvb5	14725903	14726002	100	*	23	42	0.547619047619048	3	40	0.075	4	CG	-1	2.84266314346883e-05	loss	NA	NA	NA	NA	NA
Fvb5	15095303	15095402	100	*	30	80	0.375	52	83	0.626506024096386	6	CG	1	0.00156390800613283	gain	EVM	SO:0000704	FvH4_5g23810	1	NA
Fvb5	15205203	15205302	100	*	46	84	0.547619047619048	50	61	0.819672131147541	6	CG	1	0.000973237075942283	gain	NA	NA	NA	NA	NA
Fvb5	15316503	15316602	100	*	30	33	0.909090909090909	19	33	0.575757575757576	4	CG	-1	0.00202342868377748	loss	NA	NA	NA	NA	NA
Fvb5	15954603	15954702	100	*	0	39	0	8	34	0.235294117647059	4	CG	1	0.00156390800613283	gain	NA	NA	NA	NA	NA
Fvb5	16076703	16076802	100	*	41	61	0.672131147540984	52	56	0.928571428571429	14	CG	1	0.000941853510129286	gain	NA	NA	NA	NA	NA
Fvb5	16321603	16321702	100	*	63	63	1	39	50	0.78	10	CG	-1	0.000281003682497399	loss	NA	NA	NA	NA	NA
Fvb5	16473103	16473202	100	*	22	58	0.379310344827586	31	44	0.704545454545455	4	CG	1	0.00143388555061542	gain	EVM	SO:0000704	FvH4_5g24960	1	NA
Fvb5	16489303	16489402	100	*	25	40	0.625	41	45	0.911111111111111	4	CG	1	0.00175855700164853	gain	EVM	SO:0000704	FvH4_5g24990	1	NA
Fvb5	16619303	16619402	100	*	43	78	0.551282051282051	8	42	0.19047619047619	6	CG	-1	0.000381467861968461	loss	NA	NA	NA	NA	NA
Fvb5	17949403	17949502	100	*	33	33	1	16	22	0.727272727272727	4	CG	-1	0.00167852581529671	loss	EVM	SO:0000704	FvH4_5g26480	1	NA
Fvb5	18105903	18106002	100	*	19	59	0.322033898305085	49	61	0.80327868852459	6	CG	1	1.32569473877718e-06	gain	EVM	SO:0000704	FvH4_5g26640	1	NA
Fvb5	18207103	18207202	100	*	12	44	0.272727272727273	34	45	0.755555555555556	4	CG	1	3.31340913827025e-05	gain	NA	NA	NA	NA	NA
Fvb5	18806603	18806702	100	*	7	73	0.0958904109589041	20	55	0.363636363636364	4	CG	1	0.000523394396131932	gain	NA	NA	NA	NA	NA
Fvb5	18869303	18869402	100	*	60	78	0.769230769230769	53	54	0.981481481481482	8	CG	1	0.000983630253189999	gain	NA	NA	NA	NA	NA
Fvb5	18975003	18975102	100	*	11	29	0.379310344827586	1	29	0.0344827586206897	4	CG	-1	0.00147125154230331	loss	EVM	SO:0000704	FvH4_5g27760	1	NA
Fvb5	19327403	19327502	100	*	59	60	0.983333333333333	29	38	0.763157894736842	5	CG	-1	0.000795518077298794	loss	EVM	SO:0000704	FvH4_5g28120	1	NA
Fvb5	19921303	19921402	100	*	93	101	0.920792079207921	72	102	0.705882352941177	12	CG	-1	0.000277385675918022	loss	EVM	SO:0000704	FvH4_5g28780	1	NA
Fvb5	20088003	20088102	100	*	41	107	0.383177570093458	56	93	0.602150537634409	10	CG	1	0.00205391726277483	gain	EVM	SO:0000704	FvH4_5g28980	1	NA
Fvb5	20148303	20148402	100	*	10	82	0.121951219512195	18	44	0.409090909090909	6	CG	1	0.000500642366142134	gain	NA	NA	NA	NA	NA
Fvb5	20616903	20617002	100	*	53	68	0.779411764705882	19	42	0.452380952380952	8	CG	-1	0.000803440448989565	loss	NA	NA	NA	NA	NA
Fvb5	20979603	20979702	100	*	34	34	1	21	28	0.75	4	CG	-1	0.00202618417294882	loss	NA	NA	NA	NA	NA
Fvb5	21628203	21628302	100	*	47	74	0.635135135135135	58	65	0.892307692307692	9	CG	1	0.000782496721168768	gain	NA	NA	NA	NA	NA
Fvb5	22228903	22229002	100	*	24	41	0.585365853658537	26	27	0.962962962962963	6	CG	1	0.000901785274374602	gain	NA	NA	NA	NA	NA
Fvb5	22243903	22244002	100	*	10	64	0.15625	34	64	0.53125	4	CG	1	4.62198068488022e-05	gain	NA	NA	NA	NA	NA
Fvb5	23648603	23648702	100	*	55	65	0.846153846153846	24	43	0.558139534883721	5	CG	-1	0.00127582464303954	loss	NA	NA	NA	NA	NA
Fvb5	25227303	25227402	100	*	49	50	0.98	22	29	0.758620689655172	4	CG	-1	0.00180189835613138	loss	EVM	SO:0000704	FvH4_5g34560	1	NA
Fvb5	25642503	25642602	100	*	2	56	0.0357142857142857	9	32	0.28125	4	CG	1	0.00116505968128166	gain	NA	NA	NA	NA	NA
Fvb5	25995803	25995902	100	*	57	169	0.337278106508876	84	138	0.608695652173913	20	CG	1	1.6162255265897e-05	gain	NA	NA	NA	NA	NA
Fvb5	26331203	26331302	100	*	45	62	0.725806451612903	45	47	0.957446808510638	6	CG	1	0.00176075777841482	gain	NA	NA	NA	NA	NA
Fvb5	26357303	26357402	100	*	24	75	0.32	40	61	0.655737704918033	6	CG	1	0.000293781301388951	gain	NA	NA	NA	NA	NA
Fvb5	26863703	26863802	100	*	79	150	0.526666666666667	39	127	0.307086614173228	8	CG	-1	0.000514340829220261	loss	NA	NA	NA	NA	NA
Fvb5	27075103	27075202	100	*	43	45	0.955555555555556	19	31	0.612903225806452	4	CG	-1	0.000410574802591943	loss	NA	NA	NA	NA	NA
Fvb5	27075903	27076002	100	*	112	114	0.982456140350877	45	58	0.775862068965517	8	CG	-1	3.50130862450417e-05	loss	EVM	SO:0000704	FvH4_5g37000	1	NA
Fvb5	27251203	27251302	100	*	47	86	0.546511627906977	26	95	0.273684210526316	12	CG	-1	0.0004595747988625	loss	NA	NA	NA	NA	NA
Fvb5	27524303	27524402	100	*	51	66	0.772727272727273	18	51	0.352941176470588	8	CG	-1	3.09348767284578e-05	loss	NA	NA	NA	NA	NA
Fvb5	29014003	29014102	100	*	24	120	0.2	55	131	0.419847328244275	12	CG	1	0.000450902758683584	gain	NA	NA	NA	NA	NA
Fvb5	29125003	29125102	100	*	49	67	0.73134328358209	35	74	0.472972972972973	8	CG	-1	0.00188291534836796	loss	NA	NA	NA	NA	NA
Fvb5	29196503	29196602	100	*	55	59	0.932203389830508	37	52	0.711538461538462	12	CG	-1	0.00210929544062776	loss	NA	NA	NA	NA	NA
Fvb6	145103	145202	100	*	37	89	0.415730337078652	58	83	0.698795180722892	6	CG	1	0.000465564351548027	gain	NA	NA	NA	NA	NA
Fvb6	607303	607402	100	*	41	62	0.661290322580645	67	73	0.917808219178082	6	CG	1	0.000490386193491828	gain	NA	NA	NA	NA	NA
Fvb6	681003	681102	100	*	52	76	0.684210526315789	70	78	0.897435897435897	4	CG	1	0.00141920029271536	gain	EVM	SO:0000704	FvH4_6g01250	1	NA
Fvb6	893303	893402	100	*	47	47	1	27	34	0.794117647058823	6	CG	-1	0.00143948964699359	loss	EVM	SO:0000704	FvH4_6g01571	1	NA
Fvb6	1304803	1304902	100	*	60	82	0.731707317073171	42	43	0.976744186046512	4	CG	1	0.00115176658937798	gain	NA	NA	NA	NA	NA
Fvb6	2172703	2172802	100	*	13	60	0.216666666666667	22	41	0.536585365853659	4	CG	1	0.00125769925363904	gain	EVM	SO:0000704	FvH4_6g03990	1	NA
Fvb6	2253603	2253702	100	*	48	69	0.695652173913043	55	59	0.932203389830508	4	CG	1	0.00113732176362106	gain	EVM	SO:0000704	FvH4_6g04140	1	NA
Fvb6	3510403	3510502	100	*	70	71	0.985915492957746	26	37	0.702702702702703	8	CG	-1	5.07329115380672e-05	loss	NA	NA	NA	NA	NA
Fvb6	4084303	4084402	100	*	127	137	0.927007299270073	70	106	0.660377358490566	16	CG	-1	1.71666744832053e-06	loss	EVM	SO:0000704	FvH4_6g06801	1	NA
Fvb6	4733403	4733502	100	*	77	138	0.557971014492754	54	170	0.317647058823529	14	CG	-1	9.88260364858677e-05	loss	EVM	SO:0000704	FvH4_6g07950	1	NA
Fvb6	4918203	4918302	100	*	37	69	0.536231884057971	56	68	0.823529411764706	4	CG	1	0.000631672021453489	gain	EVM	SO:0000704	FvH4_6g08280	1	NA
Fvb6	4975903	4976002	100	*	28	47	0.595744680851064	48	49	0.979591836734694	10	CG	1	2.50668725165516e-05	gain	NA	NA	NA	NA	NA
Fvb6	4976003	4976102	100	*	18	46	0.391304347826087	44	52	0.846153846153846	6	CG	1	2.18927986394842e-05	gain	NA	NA	NA	NA	NA
Fvb6	5411403	5411502	100	*	24	31	0.774193548387097	7	21	0.333333333333333	4	CG	-1	0.00167710366788016	loss	NA	NA	NA	NA	NA
Fvb6	5444303	5444402	100	*	38	62	0.612903225806452	7	35	0.2	5	CG	-1	0.000282407519466491	loss	NA	NA	NA	NA	NA
Fvb6	5682903	5683002	100	*	19	59	0.322033898305085	34	44	0.772727272727273	6	CG	1	3.65446907091823e-05	gain	NA	NA	NA	NA	NA
Fvb6	5818203	5818302	100	*	99	113	0.876106194690266	37	55	0.672727272727273	10	CG	-1	0.00178253368082755	loss	EVM	SO:0000704	FvH4_6g09760	1	NA
Fvb6	6753003	6753102	100	*	7	29	0.241379310344828	22	34	0.647058823529412	4	CG	1	0.00154325306558313	gain	NA	NA	NA	NA	NA
Fvb6	7597803	7597902	100	*	96	136	0.705882352941177	69	72	0.958333333333333	14	CG	1	9.15713620424909e-05	gain	NA	NA	NA	NA	NA
Fvb6	8062703	8062802	100	*	39	61	0.639344262295082	48	50	0.96	4	CG	1	0.000166558990727111	gain	NA	NA	NA	NA	NA
Fvb6	8354703	8354802	100	*	29	29	1	17	25	0.68	6	CG	-1	0.00129073148063194	loss	NA	NA	NA	NA	NA
Fvb6	8510903	8511002	100	*	183	186	0.983870967741935	82	109	0.752293577981651	14	CG	-1	4.94592722607998e-09	loss	NA	NA	NA	NA	NA
Fvb6	8609303	8609402	100	*	37	55	0.672727272727273	16	50	0.32	12	CG	-1	0.000618747365907055	loss	NA	NA	NA	NA	NA
Fvb6	9421203	9421302	100	*	52	67	0.776119402985075	91	93	0.978494623655914	8	CG	1	0.000157952403739047	gain	NA	NA	NA	NA	NA
Fvb6	9878703	9878802	100	*	71	83	0.855421686746988	37	65	0.569230769230769	12	CG	-1	0.000300155180140353	loss	NA	NA	NA	NA	NA
Fvb6	9930103	9930202	100	*	97	108	0.898148148148148	70	101	0.693069306930693	10	CG	-1	0.000500642366142134	loss	NA	NA	NA	NA	NA
Fvb6	10117303	10117402	100	*	65	92	0.706521739130435	59	63	0.936507936507937	6	CG	1	0.000786299715791898	gain	EVM	SO:0000704	FvH4_6g16080	1	NA
Fvb6	10334003	10334102	100	*	55	60	0.916666666666667	31	47	0.659574468085106	4	CG	-1	0.0012559478341507	loss	EVM	SO:0000704	FvH4_6g16420	1	NA
Fvb6	10334103	10334202	100	*	99	105	0.942857142857143	56	76	0.736842105263158	6	CG	-1	0.000293817144768141	loss	EVM	SO:0000704	FvH4_6g16420	1	NA
Fvb6	10334203	10334302	100	*	64	66	0.96969696969697	36	49	0.73469387755102	4	CG	-1	0.000500642366142134	loss	EVM	SO:0000704	FvH4_6g16420	1	NA
Fvb6	10437203	10437302	100	*	35	45	0.777777777777778	23	51	0.450980392156863	8	CG	-1	0.00139589814665654	loss	NA	NA	NA	NA	NA
Fvb6	11611603	11611702	100	*	52	53	0.981132075471698	32	41	0.780487804878049	6	CG	-1	0.00185347469127066	loss	NA	NA	NA	NA	NA
Fvb6	12515703	12515802	100	*	30	60	0.5	44	56	0.785714285714286	6	CG	1	0.00159358456201627	gain	NA	NA	NA	NA	NA
Fvb6	12780203	12780302	100	*	97	115	0.843478260869565	51	81	0.62962962962963	11	CG	-1	0.000947188380483836	loss	NA	NA	NA	NA	NA
Fvb6	13333503	13333602	100	*	3	31	0.0967741935483871	23	45	0.511111111111111	6	CG	1	0.000456513635993937	gain	NA	NA	NA	NA	NA
Fvb6	13451103	13451202	100	*	7	44	0.159090909090909	15	22	0.681818181818182	4	CG	1	9.88260364858677e-05	gain	EVM	SO:0000704	FvH4_6g20020	1	NA
Fvb6	13717903	13718002	100	*	20	35	0.571428571428571	26	28	0.928571428571429	7	CG	1	0.00169936990672033	gain	NA	NA	NA	NA	NA
Fvb6	13760103	13760202	100	*	52	53	0.981132075471698	33	43	0.767441860465116	6	CG	-1	0.0013946422077973	loss	EVM	SO:0000704	FvH4_6g20174	1	NA
Fvb6	14162003	14162102	100	*	55	106	0.518867924528302	26	90	0.288888888888889	4	CG	-1	0.0014278716842309	loss	EVM	SO:0000704	FvH4_6g20552	1	NA
Fvb6	14735203	14735302	100	*	15	24	0.625	42	45	0.933333333333333	4	CG	1	0.00154689756305958	gain	EVM	SO:0000704	FvH4_6g21160	1	NA
Fvb6	14829303	14829402	100	*	102	150	0.68	47	128	0.3671875	6	CG	-1	2.12567601534526e-06	loss	NA	NA	NA	NA	NA
Fvb6	15140603	15140702	100	*	20	27	0.740740740740741	34	34	1	4	CG	1	0.00176433577028096	gain	NA	NA	NA	NA	NA
Fvb6	15166203	15166302	100	*	25	38	0.657894736842105	8	32	0.25	4	CG	-1	0.00101318694243418	loss	NA	NA	NA	NA	NA
Fvb6	15228103	15228202	100	*	40	44	0.909090909090909	46	71	0.647887323943662	10	CG	-1	0.00183163318737014	loss	NA	NA	NA	NA	NA
Fvb6	15407803	15407902	100	*	197	204	0.965686274509804	94	128	0.734375	28	CG	-1	8.73808096945721e-09	loss	EVM	SO:0000704	FvH4_6g21810	1	NA
Fvb6	17396803	17396902	100	*	14	57	0.245614035087719	36	51	0.705882352941177	4	CG	1	1.35833454818978e-05	gain	NA	NA	NA	NA	NA
Fvb6	17629803	17629902	100	*	45	46	0.978260869565217	22	30	0.733333333333333	4	CG	-1	0.00149966394849266	loss	NA	NA	NA	NA	NA
Fvb6	17716503	17716602	100	*	59	89	0.662921348314607	37	40	0.925	10	CG	1	0.00176433577028096	gain	NA	NA	NA	NA	NA
Fvb6	18706303	18706402	100	*	42	46	0.91304347826087	21	36	0.583333333333333	4	CG	-1	0.000792129727742067	loss	EVM	SO:0000704	FvH4_6g24650	1	NA
Fvb6	18880903	18881002	100	*	55	90	0.611111111111111	81	95	0.852631578947368	6	CG	1	0.000480311419463509	gain	EVM	SO:0000704	FvH4_6g24950	1	NA
Fvb6	18975303	18975402	100	*	44	74	0.594594594594595	55	65	0.846153846153846	8	CG	1	0.0013946422077973	gain	NA	NA	NA	NA	NA
Fvb6	19207403	19207502	100	*	4	53	0.0754716981132075	17	51	0.333333333333333	6	CG	1	0.00137523174141676	gain	NA	NA	NA	NA	NA
Fvb6	19902903	19903002	100	*	101	158	0.639240506329114	165	196	0.841836734693878	24	CG	1	6.1889750763453e-05	gain	EVM	SO:0000704	FvH4_6g26021	1	NA
Fvb6	19972803	19972902	100	*	19	35	0.542857142857143	42	46	0.91304347826087	8	CG	1	0.000365546201911297	gain	NA	NA	NA	NA	NA
Fvb6	20542703	20542802	100	*	46	79	0.582278481012658	10	37	0.27027027027027	6	CG	-1	0.00183314115840766	loss	NA	NA	NA	NA	NA
Fvb6	20807903	20808002	100	*	51	51	1	27	34	0.794117647058823	6	CG	-1	0.00107377749970614	loss	NA	NA	NA	NA	NA
Fvb6	21023703	21023802	100	*	27	82	0.329268292682927	4	66	0.0606060606060606	6	CG	-1	0.000221663737619941	loss	NA	NA	NA	NA	NA
Fvb6	21166603	21166702	100	*	52	54	0.962962962962963	36	49	0.73469387755102	4	CG	-1	0.00135748376497221	loss	NA	NA	NA	NA	NA
Fvb6	22001803	22001902	100	*	49	86	0.569767441860465	56	68	0.823529411764706	12	CG	1	0.00115225567216402	gain	NA	NA	NA	NA	NA
Fvb6	22110803	22110902	100	*	45	68	0.661764705882353	20	61	0.327868852459016	7	CG	-1	0.000410574802591943	loss	NA	NA	NA	NA	NA
Fvb6	22112903	22113002	100	*	57	80	0.7125	52	109	0.477064220183486	20	CG	-1	0.00147967975226174	loss	NA	NA	NA	NA	NA
Fvb6	22264103	22264202	100	*	35	35	1	30	42	0.714285714285714	4	CG	-1	0.000922529081880319	loss	NA	NA	NA	NA	NA
Fvb6	22333303	22333402	100	*	88	92	0.956521739130435	57	77	0.74025974025974	8	CG	-1	0.000209493578935467	loss	EVM	SO:0000704	FvH4_6g28910	1	NA
Fvb6	23187603	23187702	100	*	10	36	0.277777777777778	23	33	0.696969696969697	6	CG	1	0.000831643608101949	gain	NA	NA	NA	NA	NA
Fvb6	23290403	23290502	100	*	13	54	0.240740740740741	28	52	0.538461538461538	4	CG	1	0.00179183719963339	gain	EVM	SO:0000704	FvH4_6g30140	1	NA
Fvb6	23712203	23712302	100	*	42	72	0.583333333333333	65	72	0.902777777777778	12	CG	1	6.17642808961416e-05	gain	NA	NA	NA	NA	NA
Fvb6	24606203	24606302	100	*	44	48	0.916666666666667	18	29	0.620689655172414	4	CG	-1	0.00168101413215902	loss	NA	NA	NA	NA	NA
Fvb6	24762803	24762902	100	*	2	73	0.0273972602739726	17	56	0.303571428571429	6	CG	1	6.17642808961416e-05	gain	NA	NA	NA	NA	NA
Fvb6	25076803	25076902	100	*	61	92	0.66304347826087	67	75	0.893333333333333	5	CG	1	0.000803715500938867	gain	EVM	SO:0000704	FvH4_6g31980	1	NA
Fvb6	25475203	25475302	100	*	46	63	0.73015873015873	12	36	0.333333333333333	6	CG	-1	0.000333390911673853	loss	NA	NA	NA	NA	NA
Fvb6	25614503	25614602	100	*	65	71	0.915492957746479	62	88	0.704545454545455	12	CG	-1	0.0012946922398951	loss	NA	NA	NA	NA	NA
Fvb6	26091503	26091602	100	*	47	74	0.635135135135135	65	74	0.878378378378378	8	CG	1	0.000913387992830722	gain	NA	NA	NA	NA	NA
Fvb6	26338503	26338602	100	*	16	48	0.333333333333333	32	44	0.727272727272727	4	CG	1	0.00041936894325288	gain	EVM	SO:0000704	FvH4_6g33260	1	NA
Fvb6	27125703	27125802	100	*	44	60	0.733333333333333	38	81	0.469135802469136	6	CG	-1	0.00180188108107191	loss	NA	NA	NA	NA	NA
Fvb6	27178703	27178802	100	*	65	65	1	56	74	0.756756756756757	10	CG	-1	9.55070298262309e-05	loss	NA	NA	NA	NA	NA
Fvb6	27410003	27410102	100	*	61	75	0.813333333333333	33	59	0.559322033898305	10	CG	-1	0.00163658381155838	loss	NA	NA	NA	NA	NA
Fvb6	27699903	27700002	100	*	10	45	0.222222222222222	30	52	0.576923076923077	4	CG	1	0.000754387187389104	gain	NA	NA	NA	NA	NA
Fvb6	27700003	27700102	100	*	30	69	0.434782608695652	55	69	0.797101449275362	6	CG	1	6.30053936683022e-05	gain	NA	NA	NA	NA	NA
Fvb6	27910903	27911002	100	*	55	125	0.44	67	103	0.650485436893204	8	CG	1	0.00170911765989463	gain	EVM	SO:0000704	FvH4_6g35350	1	NA
Fvb6	28476903	28477002	100	*	56	62	0.903225806451613	35	53	0.660377358490566	8	CG	-1	0.00161419656319553	loss	NA	NA	NA	NA	NA
Fvb6	28666803	28666902	100	*	36	51	0.705882352941177	35	36	0.972222222222222	8	CG	1	0.00176075777841482	gain	NA	NA	NA	NA	NA
Fvb6	29339503	29339602	100	*	25	37	0.675675675675676	16	70	0.228571428571429	6	CG	-1	3.66625211101555e-05	loss	NA	NA	NA	NA	NA
Fvb6	29538503	29538602	100	*	31	31	1	15	25	0.6	4	CG	-1	0.000302442393359796	loss	NA	NA	NA	NA	NA
Fvb6	29551703	29551802	100	*	58	61	0.950819672131147	32	45	0.711111111111111	6	CG	-1	0.00100901503603585	loss	NA	NA	NA	NA	NA
Fvb6	30157103	30157202	100	*	90	91	0.989010989010989	59	77	0.766233766233766	8	CG	-1	3.48610568794146e-05	loss	EVM	SO:0000704	FvH4_6g38112	1	NA
Fvb6	31121803	31121902	100	*	45	46	0.978260869565217	44	58	0.758620689655172	8	CG	-1	0.00173161871686327	loss	NA	NA	NA	NA	NA
Fvb6	31485803	31485902	100	*	53	58	0.913793103448276	49	80	0.6125	6	CG	-1	0.000231130332833403	loss	EVM	SO:0000704	FvH4_6g39851	1	NA
Fvb6	31564603	31564702	100	*	42	67	0.626865671641791	44	48	0.916666666666667	6	CG	1	0.000762939461804998	gain	NA	NA	NA	NA	NA
Fvb6	32052303	32052402	100	*	18	39	0.461538461538462	6	44	0.136363636363636	4	CG	-1	0.00141862486183777	loss	EVM	SO:0000704	FvH4_6g40580	1	NA
Fvb6	32181503	32181602	100	*	52	100	0.52	140	190	0.736842105263158	19	CG	1	0.000493298327067093	gain	NA	NA	NA	NA	NA
Fvb6	32843503	32843602	100	*	5	55	0.0909090909090909	12	28	0.428571428571429	4	CG	1	0.000625799872072904	gain	NA	NA	NA	NA	NA
Fvb6	33548203	33548302	100	*	34	34	1	15	24	0.625	4	CG	-1	0.000302442393359796	loss	NA	NA	NA	NA	NA
Fvb6	33745503	33745602	100	*	44	150	0.293333333333333	71	137	0.518248175182482	8	CG	1	0.000302490718095975	gain	NA	NA	NA	NA	NA
Fvb6	33761103	33761202	100	*	63	65	0.969230769230769	28	39	0.717948717948718	4	CG	-1	0.000450902758683584	loss	NA	NA	NA	NA	NA
Fvb6	33913903	33914002	100	*	21	122	0.172131147540984	43	95	0.452631578947368	6	CG	1	4.06694556413596e-05	gain	EVM	SO:0000704	FvH4_6g43880	1	NA
Fvb6	34060703	34060802	100	*	57	69	0.826086956521739	24	57	0.421052631578947	12	CG	-1	1.7442586372465e-05	loss	NA	NA	NA	NA	NA
Fvb6	34061103	34061202	100	*	135	178	0.758426966292135	68	133	0.511278195488722	12	CG	-1	3.6532466616038e-05	loss	NA	NA	NA	NA	NA
Fvb6	34217003	34217102	100	*	48	139	0.345323741007194	61	111	0.54954954954955	8	CG	1	0.0014828210873826	gain	EVM	SO:0000704	FvH4_6g44420	1	NA
Fvb6	34359003	34359102	100	*	80	108	0.740740740740741	82	86	0.953488372093023	20	CG	1	0.000239915315764637	gain	EVM	SO:0000704	FvH4_6g44611	1	NA
Fvb6	34855503	34855602	100	*	54	59	0.915254237288136	20	34	0.588235294117647	8	CG	-1	0.000430405708678092	loss	NA	NA	NA	NA	NA
Fvb6	34939503	34939602	100	*	46	138	0.333333333333333	57	99	0.575757575757576	14	CG	1	0.000490386193491828	gain	NA	NA	NA	NA	NA
Fvb6	35579803	35579902	100	*	52	70	0.742857142857143	71	74	0.959459459459459	8	CG	1	0.000516015806219165	gain	NA	NA	NA	NA	NA
Fvb6	37457703	37457802	100	*	47	48	0.979166666666667	30	42	0.714285714285714	8	CG	-1	0.000707264129140354	loss	NA	NA	NA	NA	NA
Fvb6	37747703	37747802	100	*	16	35	0.457142857142857	24	28	0.857142857142857	4	CG	1	0.00136784280691256	gain	EVM	SO:0000704	FvH4_6g50780	1	NA
Fvb6	38180803	38180902	100	*	15	47	0.319148936170213	27	41	0.658536585365854	4	CG	1	0.00167678370680222	gain	EVM	SO:0000704	FvH4_6g51520	1	NA
Fvb6	38208303	38208402	100	*	70	75	0.933333333333333	34	47	0.723404255319149	6	CG	-1	0.00166664570873012	loss	NA	NA	NA	NA	NA
Fvb6	38249603	38249702	100	*	97	117	0.829059829059829	45	72	0.625	8	CG	-1	0.00178047870765478	loss	EVM	SO:0000704	FvH4_6g51610	1	NA
Fvb6	39056403	39056502	100	*	78	176	0.443181818181818	124	182	0.681318681318681	8	CG	1	3.48610568794146e-05	gain	EVM	SO:0000704	FvH4_6g53220	1	NA
Fvb6	39345003	39345102	100	*	64	74	0.864864864864865	62	109	0.568807339449541	12	CG	-1	9.88260364858677e-05	loss	NA	NA	NA	NA	NA
Fvb6	39519503	39519602	100	*	18	63	0.285714285714286	2	54	0.037037037037037	8	CG	-1	0.000710563027370622	loss	NA	NA	NA	NA	NA
Fvb6	39551503	39551602	100	*	22	147	0.149659863945578	26	70	0.371428571428571	9	CG	1	0.000517346244165174	gain	NA	NA	NA	NA	NA
Fvb7	753202	753301	100	*	60	121	0.495867768595041	22	84	0.261904761904762	11	CG	-1	0.00114048012206515	loss	NA	NA	NA	NA	NA
Fvb7	1243302	1243401	100	*	77	104	0.740384615384615	39	89	0.438202247191011	12	CG	-1	9.20950593262604e-05	loss	NA	NA	NA	NA	NA
Fvb7	1336002	1336101	100	*	51	172	0.296511627906977	99	197	0.50253807106599	14	CG	1	0.000207799945358495	gain	NA	NA	NA	NA	NA
Fvb7	1760402	1760501	100	*	4	36	0.111111111111111	27	57	0.473684210526316	8	CG	1	0.000617229311478381	gain	EVM	SO:0000704	FvH4_7g01370	1	NA
Fvb7	2370802	2370901	100	*	22	99	0.222222222222222	41	91	0.450549450549451	6	CG	1	0.00120303794874538	gain	EVM	SO:0000704	FvH4_7g01970	1	NA
Fvb7	2744702	2744801	100	*	42	67	0.626865671641791	13	49	0.26530612244898	4	CG	-1	0.000337288200033992	loss	EVM	SO:0000704	FvH4_7g02470	1	NA
Fvb7	3565902	3566001	100	*	0	49	0	6	26	0.230769230769231	4	CG	1	0.000801119021530779	gain	NA	NA	NA	NA	NA
Fvb7	5440202	5440301	100	*	61	95	0.642105263157895	46	49	0.938775510204082	6	CG	1	0.000328875533092134	gain	EVM	SO:0000704	FvH4_7g05000	1	NA
Fvb7	6191402	6191501	100	*	24	92	0.260869565217391	62	113	0.548672566371681	10	CG	1	0.000132974355350872	gain	EVM	SO:0000704	FvH4_7g05990	1	NA
Fvb7	7393002	7393101	100	*	58	95	0.610526315789474	19	56	0.339285714285714	6	CG	-1	0.00154255650241007	loss	EVM	SO:0000704	FvH4_7g07500	1	NA
Fvb7	7490102	7490201	100	*	47	69	0.681159420289855	58	61	0.950819672131147	12	CG	1	0.000298430660190434	gain	NA	NA	NA	NA	NA
Fvb7	7591202	7591301	100	*	20	27	0.740740740740741	40	40	1	6	CG	1	0.00102108340559665	gain	NA	NA	NA	NA	NA
Fvb7	7718002	7718101	100	*	29	33	0.878787878787879	9	21	0.428571428571429	4	CG	-1	0.000756962443959115	loss	NA	NA	NA	NA	NA
Fvb7	7885202	7885301	100	*	77	152	0.506578947368421	19	71	0.267605633802817	9	CG	-1	0.00115225567216402	loss	EVM	SO:0000704	FvH4_7g07941	1	NA
Fvb7	8320202	8320301	100	*	45	77	0.584415584415584	54	57	0.947368421052632	14	CG	1	1.74097189853831e-05	gain	NA	NA	NA	NA	NA
Fvb7	8528002	8528101	100	*	53	53	1	33	43	0.767441860465116	6	CG	-1	0.000493298327067093	loss	NA	NA	NA	NA	NA
Fvb7	8858002	8858101	100	*	13	63	0.206349206349206	21	41	0.51219512195122	4	CG	1	0.00145529544087172	gain	EVM	SO:0000704	FvH4_7g09120	1	NA
Fvb7	9585802	9585901	100	*	33	113	0.292035398230089	60	120	0.5	14	CG	1	0.00147140038968223	gain	NA	NA	NA	NA	NA
Fvb7	9591302	9591401	100	*	44	96	0.458333333333333	50	64	0.78125	8	CG	1	0.00017728058089502	gain	EVM	SO:0000704	FvH4_7g10160	1	NA
Fvb7	9654002	9654101	100	*	76	133	0.571428571428571	36	112	0.321428571428571	20	CG	-1	0.000283433895023722	loss	NA	NA	NA	NA	NA
Fvb7	9935702	9935801	100	*	39	88	0.443181818181818	15	82	0.182926829268293	6	CG	-1	0.000571276933615363	loss	EVM	SO:0000704	FvH4_7g10600	1	NA
Fvb7	10240802	10240901	100	*	27	102	0.264705882352941	74	120	0.616666666666667	10	CG	1	1.80332771338505e-06	gain	NA	NA	NA	NA	NA
Fvb7	10662702	10662801	100	*	10	39	0.256410256410256	25	37	0.675675675675676	4	CG	1	0.000535066868547472	gain	NA	NA	NA	NA	NA
Fvb7	10848902	10849001	100	*	9	36	0.25	19	25	0.76	4	CG	1	0.000271534896182641	gain	EVM	SO:0000704	FvH4_7g11890	1	NA
Fvb7	10870502	10870601	100	*	81	83	0.975903614457831	43	59	0.728813559322034	9	CG	-1	6.62577614137177e-05	loss	NA	NA	NA	NA	NA
Fvb7	11295302	11295401	100	*	31	93	0.333333333333333	57	89	0.640449438202247	6	CG	1	0.000137221756914832	gain	EVM	SO:0000704	FvH4_7g12460	1	NA
Fvb7	12003702	12003801	100	*	3	52	0.0576923076923077	17	45	0.377777777777778	4	CG	1	0.000302442393359796	gain	EVM	SO:0000704	FvH4_7g13350	1	NA
Fvb7	12079002	12079101	100	*	17	83	0.204819277108434	58	107	0.542056074766355	6	CG	1	1.75631261673783e-05	gain	EVM	SO:0000704	FvH4_7g13470	1	NA
Fvb7	12201702	12201801	100	*	49	50	0.98	16	22	0.727272727272727	4	CG	-1	0.00121882910629024	loss	NA	NA	NA	NA	NA
Fvb7	12433102	12433201	100	*	8	72	0.111111111111111	23	63	0.365079365079365	6	CG	1	0.000803715500938867	gain	NA	NA	NA	NA	NA
Fvb7	12456402	12456501	100	*	1	59	0.0169491525423729	12	48	0.25	4	CG	1	0.000529223050527513	gain	NA	NA	NA	NA	NA
Fvb7	12594802	12594901	100	*	158	168	0.94047619047619	137	193	0.709844559585492	28	CG	-1	2.36316819039947e-07	loss	NA	NA	NA	NA	NA
Fvb7	12869702	12869801	100	*	105	143	0.734265734265734	32	68	0.470588235294118	10	CG	-1	0.000450902758683584	loss	EVM	SO:0000704	FvH4_7g14580	1	NA
Fvb7	13151102	13151201	100	*	31	80	0.3875	46	67	0.686567164179104	4	CG	1	0.000613596820971268	gain	EVM	SO:0000704	FvH4_7g15080	1	NA
Fvb7	13282902	13283001	100	*	60	119	0.504201680672269	83	114	0.728070175438597	14	CG	1	0.000795518077298794	gain	NA	NA	NA	NA	NA
Fvb7	13283502	13283601	100	*	67	123	0.544715447154472	41	147	0.27891156462585	14	CG	-1	5.1389484702061e-05	loss	EVM	SO:0000704	FvH4_7g15261	1	NA
Fvb7	13685602	13685701	100	*	21	50	0.42	31	41	0.75609756097561	4	CG	1	0.00153230983147925	gain	NA	NA	NA	NA	NA
Fvb7	14115002	14115101	100	*	13	34	0.382352941176471	38	49	0.775510204081633	6	CG	1	0.00060820073182598	gain	NA	NA	NA	NA	NA
Fvb7	14285802	14285901	100	*	42	80	0.525	17	72	0.236111111111111	10	CG	-1	0.000560731578077767	loss	NA	NA	NA	NA	NA
Fvb7	14285902	14286001	100	*	80	138	0.579710144927536	39	171	0.228070175438596	18	CG	-1	6.07916896751647e-09	loss	NA	NA	NA	NA	NA
Fvb7	14983802	14983901	100	*	93	137	0.678832116788321	64	134	0.477611940298507	16	CG	-1	0.00115810567243118	loss	NA	NA	NA	NA	NA
Fvb7	15558502	15558601	100	*	71	89	0.797752808988764	36	65	0.553846153846154	6	CG	-1	0.0014575462144102	loss	EVM	SO:0000704	FvH4_7g18720,FvH4_7g18730	2	NA
Fvb7	15800602	15800701	100	*	69	238	0.289915966386555	105	199	0.527638190954774	18	CG	1	4.39757222768174e-06	gain	NA	NA	NA	NA	NA
Fvb7	15833402	15833501	100	*	43	71	0.605633802816901	24	74	0.324324324324324	6	CG	-1	0.00103810692066087	loss	NA	NA	NA	NA	NA
Fvb7	15833502	15833601	100	*	125	185	0.675675675675676	61	138	0.442028985507246	14	CG	-1	0.000111896632539972	loss	NA	NA	NA	NA	NA
Fvb7	15833602	15833701	100	*	212	231	0.917748917748918	80	134	0.597014925373134	18	CG	-1	4.86316208545525e-12	loss	NA	NA	NA	NA	NA
Fvb7	15939102	15939201	100	*	42	73	0.575342465753425	52	61	0.852459016393443	6	CG	1	0.000816907008774632	gain	NA	NA	NA	NA	NA
Fvb7	16142802	16142901	100	*	19	130	0.146153846153846	45	123	0.365853658536585	6	CG	1	0.000207799945358495	gain	EVM	SO:0000704	FvH4_7g19660	1	NA
Fvb7	16142902	16143001	100	*	62	118	0.525423728813559	81	107	0.757009345794392	6	CG	1	0.000625799872072904	gain	EVM	SO:0000704	FvH4_7g19660	1	NA
Fvb7	16806602	16806701	100	*	15	73	0.205479452054795	21	42	0.5	8	CG	1	0.00135813185206824	gain	NA	NA	NA	NA	NA
Fvb7	17440502	17440601	100	*	44	60	0.733333333333333	59	61	0.967213114754098	6	CG	1	0.000614642331708879	gain	NA	NA	NA	NA	NA
Fvb7	19294202	19294301	100	*	15	48	0.3125	23	34	0.676470588235294	4	CG	1	0.00143388555061542	gain	NA	NA	NA	NA	NA
Fvb7	20413402	20413501	100	*	10	44	0.227272727272727	0	47	0	4	CG	-1	0.000876350352695838	loss	NA	NA	NA	NA	NA
Fvb7	21033502	21033601	100	*	51	80	0.6375	58	65	0.892307692307692	6	CG	1	0.000756962443959115	gain	EVM	SO:0000704	FvH4_7g28372	1	NA
Fvb7	22032702	22032801	100	*	34	85	0.4	79	126	0.626984126984127	12	CG	1	0.00146950929645515	gain	NA	NA	NA	NA	NA
Fvb7	22231902	22232001	100	*	56	81	0.691358024691358	40	90	0.444444444444444	6	CG	-1	0.00145529544087172	loss	NA	NA	NA	NA	NA
Fvb7	22409502	22409601	100	*	52	103	0.504854368932039	61	78	0.782051282051282	6	CG	1	0.000381467861968461	gain	EVM	SO:0000704	FvH4_7g30920	1	NA
Fvb7	22455602	22455701	100	*	32	45	0.711111111111111	26	69	0.376811594202899	6	CG	-1	0.000817504224264474	loss	NA	NA	NA	NA	NA
Fvb7	22508402	22508501	100	*	76	77	0.987012987012987	46	60	0.766666666666667	10	CG	-1	0.000157952403739047	loss	NA	NA	NA	NA	NA
Fvb7	22755102	22755201	100	*	29	77	0.376623376623377	30	44	0.681818181818182	4	CG	1	0.00149859190151223	gain	EVM	SO:0000704	FvH4_7g31510	1	NA
Fvb7	22816802	22816901	100	*	203	298	0.681208053691275	151	314	0.480891719745223	30	CG	-1	5.03854134906934e-06	loss	NA	NA	NA	NA	NA
Fvb7	22816902	22817001	100	*	80	122	0.655737704918033	61	152	0.401315789473684	12	CG	-1	0.000118933359466621	loss	NA	NA	NA	NA	NA
Fvb7	23174902	23175001	100	*	41	112	0.366071428571429	40	64	0.625	12	CG	1	0.00125769925363904	gain	NA	NA	NA	NA	NA
Fvb7	23567402	23567501	100	*	64	87	0.735632183908046	36	86	0.418604651162791	10	CG	-1	0.000105077973495438	loss	NA	NA	NA	NA	NA
Fvb7	23642402	23642501	100	*	11	63	0.174603174603175	25	49	0.510204081632653	4	CG	1	0.000424896265712833	gain	NA	NA	NA	NA	NA
Fvb7	23650802	23650901	100	*	9	98	0.0918367346938776	32	89	0.359550561797753	4	CG	1	5.52718922375185e-05	gain	EVM	SO:0000704	FvH4_7g33140	1	NA
Fvb7	23837902	23838001	100	*	29	38	0.763157894736842	60	61	0.983606557377049	8	CG	1	0.000754136643728312	gain	NA	NA	NA	NA	NA
