seqnames	start	end	width	strand	sumReadsM1	sumReadsN1	proportion1	sumReadsM2	sumReadsN2	proportion2	cytosinesCount	context	direction	pValue	regionType	source	type	tes	score	phase
contig_10	1904	2003	100	*	38	205	0.185365853658537	211	489	0.431492842535787	25	CHG	1	3.72591846457319e-08	gain	NA	NA	NA	NA	NA
contig_16	19301	19400	100	*	39	129	0.302325581395349	222	436	0.509174311926605	27	CHG	1	0.000144343468749088	gain	NA	NA	NA	NA	NA
contig_2	28003	28102	100	*	31	43	0.720930232558139	27	68	0.397058823529412	8	CHG	-1	0.000889049533027577	loss	NA	NA	NA	NA	NA
contig_20	4302	4401	100	*	31	182	0.17032967032967	171	309	0.553398058252427	22	CHG	1	9.29673044854421e-15	gain	NA	NA	NA	NA	NA
contig_22	12302	12401	100	*	61	194	0.314432989690722	132	256	0.515625	25	CHG	1	0.00010180480791367	gain	NA	NA	NA	NA	NA
contig_22	12402	12501	100	*	215	584	0.368150684931507	513	864	0.59375	24	CHG	1	5.12683687268013e-15	gain	NA	NA	NA	NA	NA
contig_22	12502	12601	100	*	158	458	0.344978165938865	426	754	0.564986737400531	27	CHG	1	9.29863571416173e-12	gain	NA	NA	NA	NA	NA
contig_22	43202	43301	100	*	77	329	0.234042553191489	385	692	0.55635838150289	26	CHG	1	1.41167115904065e-19	gain	NA	NA	NA	NA	NA
contig_22	43302	43401	100	*	317	909	0.348734873487349	1097	1930	0.56839378238342	25	CHG	1	6.38065334879488e-25	gain	NA	NA	NA	NA	NA
contig_5	9104	9203	100	*	36	38	0.947368421052632	49	67	0.73134328358209	8	CHG	-1	0.00674930980517392	loss	NA	NA	NA	NA	NA
contig_5	26904	27003	100	*	36	51	0.705882352941177	72	79	0.911392405063291	12	CHG	1	0.00228205518670015	gain	NA	NA	NA	NA	NA
contig_7	39701	39800	100	*	135	591	0.228426395939086	559	1212	0.461221122112211	25	CHG	1	3.4458015219344e-19	gain	NA	NA	NA	NA	NA
contig_9	9303	9402	100	*	77	186	0.413978494623656	306	464	0.65948275862069	26	CHG	1	2.96010378700534e-07	gain	NA	NA	NA	NA	NA
contig_9	21303	21402	100	*	70	92	0.760869565217391	110	252	0.436507936507937	23	CHG	-1	2.12227484636772e-06	loss	NA	NA	NA	NA	NA
contig_9	31203	31302	100	*	80	329	0.243161094224924	243	490	0.495918367346939	25	CHG	1	3.08690028274331e-11	gain	NA	NA	NA	NA	NA
contig_9	42003	42102	100	*	34	75	0.453333333333333	116	173	0.670520231213873	16	CHG	1	0.0013158589556108	gain	NA	NA	NA	NA	NA
contig_9	53303	53402	100	*	70	145	0.482758620689655	416	563	0.738898756660746	26	CHG	1	1.25415678046785e-07	gain	NA	NA	NA	NA	NA
Fvb1	36803	36902	100	*	0	18	0	18	37	0.486486486486487	4	CHG	1	0.000513532288561431	gain	NA	NA	NA	NA	NA
Fvb1	381103	381202	100	*	4	31	0.129032258064516	29	47	0.617021276595745	6	CHG	1	0.00010180480791367	gain	NA	NA	NA	NA	NA
Fvb1	762903	763002	100	*	24	51	0.470588235294118	95	130	0.730769230769231	10	CHG	1	0.000915193690478302	gain	NA	NA	NA	NA	NA
Fvb1	763203	763302	100	*	56	68	0.823529411764706	36	70	0.514285714285714	10	CHG	-1	0.00030836363102785	loss	NA	NA	NA	NA	NA
Fvb1	889603	889702	100	*	11	32	0.34375	53	75	0.706666666666667	6	CHG	1	0.000597489945518577	gain	EVM	SO:0005836	FvH4_1g01660	1	NA
Fvb1	1135403	1135502	100	*	19	44	0.431818181818182	7	76	0.0921052631578947	6	CHG	-1	8.43359506403474e-05	loss	NA	NA	NA	NA	NA
Fvb1	1200603	1200702	100	*	6	192	0.03125	91	292	0.311643835616438	16	CHG	1	4.72936433849772e-12	gain	NA	NA	NA	NA	NA
Fvb1	1338003	1338102	100	*	13	36	0.361111111111111	35	48	0.729166666666667	4	CHG	1	0.000778512932678444	gain	NA	NA	NA	NA	NA
Fvb1	1433403	1433502	100	*	37	82	0.451219512195122	135	166	0.813253012048193	15	CHG	1	2.18636651968382e-07	gain	EVM	SO:0005836	FvH4_1g02550	1	NA
Fvb1	1670103	1670202	100	*	41	45	0.911111111111111	46	76	0.605263157894737	6	CHG	-1	0.000502013697809378	loss	NA	NA	NA	NA	NA
Fvb1	1701403	1701502	100	*	4	21	0.19047619047619	36	59	0.610169491525424	5	CHG	1	0.000959549909913219	gain	EVM	SO:0005836	FvH4_1g03011	1	NA
Fvb1	3009203	3009302	100	*	15	42	0.357142857142857	3	79	0.0379746835443038	6	CHG	-1	2.59519211642746e-05	loss	NA	NA	NA	NA	NA
Fvb1	3580303	3580402	100	*	9	23	0.391304347826087	2	54	0.037037037037037	4	CHG	-1	0.000174519847320444	loss	NA	NA	NA	NA	NA
Fvb1	4903203	4903302	100	*	6	16	0.375	19	20	0.95	4	CHG	1	0.000407868382125606	gain	NA	NA	NA	NA	NA
Fvb1	4923703	4923802	100	*	11	45	0.244444444444444	66	111	0.594594594594595	8	CHG	1	0.000231322332709508	gain	NA	NA	NA	NA	NA
Fvb1	5574203	5574302	100	*	3	43	0.0697674418604651	21	60	0.35	6	CHG	1	0.000915730956286868	gain	NA	NA	NA	NA	NA
Fvb1	6374103	6374202	100	*	8	18	0.444444444444444	30	33	0.909090909090909	4	CHG	1	0.000481221490788919	gain	NA	NA	NA	NA	NA
Fvb1	6517603	6517702	100	*	15	51	0.294117647058824	2	56	0.0357142857142857	4	CHG	-1	0.000469705981240901	loss	NA	NA	NA	NA	NA
Fvb1	6843203	6843302	100	*	24	26	0.923076923076923	19	38	0.5	4	CHG	-1	0.000570775622204505	loss	NA	NA	NA	NA	NA
Fvb1	7324903	7325002	100	*	37	59	0.627118644067797	69	79	0.873417721518987	12	CHG	1	0.000743289756992436	gain	NA	NA	NA	NA	NA
Fvb1	7894203	7894302	100	*	54	79	0.683544303797468	125	138	0.905797101449275	8	CHG	1	0.000144343468749088	gain	NA	NA	NA	NA	NA
Fvb1	8371703	8371802	100	*	63	81	0.777777777777778	63	125	0.504	7	CHG	-1	0.000249858259550578	loss	NA	NA	NA	NA	NA
Fvb1	8542503	8542602	100	*	31	40	0.775	91	93	0.978494623655914	8	CHG	1	0.000268843031896489	gain	NA	NA	NA	NA	NA
Fvb1	8882603	8882702	100	*	64	107	0.598130841121495	54	144	0.375	8	CHG	-1	0.000600108968795738	loss	NA	NA	NA	NA	NA
Fvb1	9972803	9972902	100	*	33	76	0.434210526315789	23	119	0.19327731092437	9	CHG	-1	0.00049433799598643	loss	NA	NA	NA	NA	NA
Fvb1	10477003	10477102	100	*	10	37	0.27027027027027	24	35	0.685714285714286	5	CHG	1	0.000577686128597695	gain	NA	NA	NA	NA	NA
Fvb1	10759303	10759402	100	*	16	28	0.571428571428571	65	73	0.89041095890411	7	CHG	1	0.000520094152597262	gain	NA	NA	NA	NA	NA
Fvb1	10921703	10921802	100	*	22	56	0.392857142857143	6	66	0.0909090909090909	8	CHG	-1	0.000239913467426788	loss	NA	NA	NA	NA	NA
Fvb1	11327103	11327202	100	*	46	60	0.766666666666667	65	67	0.970149253731343	14	CHG	1	0.000669025463896236	gain	NA	NA	NA	NA	NA
Fvb1	11749603	11749702	100	*	28	30	0.933333333333333	15	32	0.46875	5	CHG	-1	0.000230076635991951	loss	NA	NA	NA	NA	NA
Fvb1	11751903	11752002	100	*	8	44	0.181818181818182	45	89	0.50561797752809	4	CHG	1	0.000531254986875734	gain	NA	NA	NA	NA	NA
Fvb1	12446403	12446502	100	*	47	68	0.691176470588235	27	71	0.380281690140845	9	CHG	-1	0.000451691364104535	loss	EVM	SO:0005836	FvH4_1g20230	1	NA
Fvb1	13185803	13185902	100	*	30	40	0.75	68	70	0.971428571428571	7	CHG	1	0.000531322935267829	gain	NA	NA	NA	NA	NA
Fvb1	13189203	13189302	100	*	8	71	0.112676056338028	28	73	0.383561643835616	5	CHG	1	0.000386412647162854	gain	NA	NA	NA	NA	NA
Fvb1	13242103	13242202	100	*	48	54	0.888888888888889	41	66	0.621212121212121	9	CHG	-1	0.00087695222293739	loss	NA	NA	NA	NA	NA
Fvb1	13331203	13331302	100	*	22	34	0.647058823529412	51	52	0.980769230769231	6	CHG	1	0.000117789080822476	gain	NA	NA	NA	NA	NA
Fvb1	13346003	13346102	100	*	50	101	0.495049504950495	76	97	0.783505154639175	12	CHG	1	0.000120136349142899	gain	NA	NA	NA	NA	NA
Fvb1	13714503	13714602	100	*	16	71	0.225352112676056	37	75	0.493333333333333	8	CHG	1	0.000794582020418327	gain	EVM	SO:0005836	FvH4_1g21760,FvH4_1g21770	2	NA
Fvb1	14057903	14058002	100	*	41	71	0.577464788732394	36	120	0.3	12	CHG	-1	0.000359502646493822	loss	NA	NA	NA	NA	NA
Fvb1	14197003	14197102	100	*	21	54	0.388888888888889	59	79	0.746835443037975	8	CHG	1	0.000144343468749088	gain	NA	NA	NA	NA	NA
Fvb1	14222203	14222302	100	*	49	89	0.550561797752809	132	169	0.781065088757396	10	CHG	1	0.000310390220430166	gain	NA	NA	NA	NA	NA
Fvb1	14693803	14693902	100	*	35	50	0.7	78	85	0.917647058823529	6	CHG	1	0.000950273770481826	gain	EVM	SO:0005836	FvH4_1g22711	1	NA
Fvb1	14919003	14919102	100	*	23	72	0.319444444444444	7	96	0.0729166666666667	8	CHG	-1	0.000147782761454109	loss	NA	NA	NA	NA	NA
Fvb1	15029603	15029702	100	*	40	61	0.655737704918033	42	130	0.323076923076923	11	CHG	-1	8.78324912485304e-05	loss	NA	NA	NA	NA	NA
Fvb1	15034903	15035002	100	*	56	61	0.918032786885246	74	108	0.685185185185185	10	CHG	-1	0.00066884731511594	loss	NA	NA	NA	NA	NA
Fvb1	15377403	15377502	100	*	22	42	0.523809523809524	59	71	0.830985915492958	5	CHG	1	0.000600108968795738	gain	NA	NA	NA	NA	NA
Fvb1	15784203	15784302	100	*	24	108	0.222222222222222	52	109	0.477064220183486	11	CHG	1	0.000249936121483961	gain	NA	NA	NA	NA	NA
Fvb1	16414603	16414702	100	*	8	25	0.32	4	76	0.0526315789473684	6	CHG	-1	0.000531322935267829	loss	EVM	SO:0005836	FvH4_1g24580	1	NA
Fvb1	16629903	16630002	100	*	22	33	0.666666666666667	91	95	0.957894736842105	8	CHG	1	5.58564876219161e-05	gain	NA	NA	NA	NA	NA
Fvb1	17285203	17285302	100	*	46	87	0.528735632183908	80	101	0.792079207920792	16	CHG	1	0.000318159082629357	gain	NA	NA	NA	NA	NA
Fvb1	17401003	17401102	100	*	19	26	0.730769230769231	17	53	0.320754716981132	6	CHG	-1	0.000681735736432819	loss	NA	NA	NA	NA	NA
Fvb1	17668803	17668902	100	*	45	60	0.75	80	84	0.952380952380952	9	CHG	1	0.000572357817261126	gain	NA	NA	NA	NA	NA
Fvb1	17801903	17802002	100	*	49	81	0.604938271604938	69	80	0.8625	13	CHG	1	0.000433084993467738	gain	NA	NA	NA	NA	NA
Fvb1	17858403	17858502	100	*	16	31	0.516129032258065	33	37	0.891891891891892	5	CHG	1	0.000681218665238756	gain	NA	NA	NA	NA	NA
Fvb1	18032303	18032402	100	*	18	32	0.5625	48	54	0.888888888888889	4	CHG	1	0.000650775850167007	gain	EVM	SO:0005836	FvH4_1g26162	1	NA
Fvb1	18445903	18446002	100	*	38	55	0.690909090909091	47	49	0.959183673469388	7	CHG	1	0.000573635449948903	gain	NA	NA	NA	NA	NA
Fvb1	18588103	18588202	100	*	9	53	0.169811320754717	48	105	0.457142857142857	9	CHG	1	0.000563526245834617	gain	NA	NA	NA	NA	NA
Fvb1	18685503	18685602	100	*	19	30	0.633333333333333	10	46	0.217391304347826	6	CHG	-1	0.000469705981240901	loss	NA	NA	NA	NA	NA
Fvb1	18744803	18744902	100	*	36	36	1	28	40	0.7	6	CHG	-1	0.000533269583386619	loss	NA	NA	NA	NA	NA
Fvb1	18899303	18899402	100	*	13	20	0.65	33	33	1	4	CHG	1	0.000469705981240901	gain	NA	NA	NA	NA	NA
Fvb1	19214103	19214202	100	*	22	33	0.666666666666667	78	84	0.928571428571429	8	CHG	1	0.000502013697809378	gain	NA	NA	NA	NA	NA
Fvb1	19238303	19238402	100	*	62	103	0.601941747572815	42	136	0.308823529411765	8	CHG	-1	4.92136572697826e-05	loss	NA	NA	NA	NA	NA
Fvb1	19300003	19300102	100	*	10	49	0.204081632653061	46	89	0.51685393258427	8	CHG	1	0.000533269583386619	gain	NA	NA	NA	NA	NA
Fvb1	19388403	19388502	100	*	20	56	0.357142857142857	14	113	0.123893805309735	8	CHG	-1	0.000553996008615434	loss	NA	NA	NA	NA	NA
Fvb1	19389103	19389202	100	*	9	20	0.45	38	44	0.863636363636364	4	CHG	1	0.00063720474376015	gain	NA	NA	NA	NA	NA
Fvb1	19420403	19420502	100	*	31	41	0.75609756097561	20	65	0.307692307692308	5	CHG	-1	5.38398516263275e-05	loss	NA	NA	NA	NA	NA
Fvb1	19486503	19486602	100	*	30	52	0.576923076923077	69	80	0.8625	11	CHG	1	0.000426845406617921	gain	NA	NA	NA	NA	NA
Fvb1	19953303	19953402	100	*	40	94	0.425531914893617	55	79	0.69620253164557	9	CHG	1	0.000553923449415194	gain	NA	NA	NA	NA	NA
Fvb1	20098203	20098302	100	*	41	69	0.594202898550725	27	88	0.306818181818182	10	CHG	-1	0.000513559823002327	loss	NA	NA	NA	NA	NA
Fvb1	20142403	20142502	100	*	20	60	0.333333333333333	10	101	0.099009900990099	6	CHG	-1	0.000433084993467738	loss	NA	NA	NA	NA	NA
Fvb1	20400403	20400502	100	*	3	39	0.0769230769230769	18	41	0.439024390243902	5	CHG	1	0.000446691906702655	gain	NA	NA	NA	NA	NA
Fvb1	20775703	20775802	100	*	14	48	0.291666666666667	38	56	0.678571428571429	6	CHG	1	0.000249936121483961	gain	NA	NA	NA	NA	NA
Fvb1	20837003	20837102	100	*	43	69	0.623188405797101	88	100	0.88	10	CHG	1	0.000249951539150095	gain	NA	NA	NA	NA	NA
Fvb1	20844903	20845002	100	*	19	52	0.365384615384615	11	89	0.123595505617978	6	CHG	-1	0.000755929199838211	loss	NA	NA	NA	NA	NA
Fvb1	20968203	20968302	100	*	23	31	0.741935483870968	49	50	0.98	7	CHG	1	0.000927295714617746	gain	NA	NA	NA	NA	NA
Fvb1	20993503	20993602	100	*	7	27	0.259259259259259	0	40	0	6	CHG	-1	0.00072578670291141	loss	NA	NA	NA	NA	NA
Fvb1	21261003	21261102	100	*	34	47	0.723404255319149	63	66	0.954545454545455	6	CHG	1	0.000636657579119269	gain	NA	NA	NA	NA	NA
Fvb1	21290503	21290602	100	*	8	26	0.307692307692308	34	46	0.739130434782609	5	CHG	1	0.000553923449415194	gain	NA	NA	NA	NA	NA
Fvb1	21559303	21559402	100	*	81	129	0.627906976744186	99	250	0.396	20	CHG	-1	0.00010180480791367	loss	NA	NA	NA	NA	NA
Fvb1	21679903	21680002	100	*	59	78	0.756410256410256	47	98	0.479591836734694	6	CHG	-1	0.000403697786129613	loss	NA	NA	NA	NA	NA
Fvb1	21697803	21697902	100	*	43	67	0.641791044776119	101	115	0.878260869565217	8	CHG	1	0.000355982727698191	gain	EVM	SO:0005836	FvH4_1g29120	1	NA
Fvb1	21844003	21844102	100	*	20	35	0.571428571428571	58	66	0.878787878787879	8	CHG	1	0.000597489945518577	gain	NA	NA	NA	NA	NA
Fvb1	21933703	21933802	100	*	0	22	0	15	34	0.441176470588235	5	CHG	1	0.000478491620735959	gain	NA	NA	NA	NA	NA
Fvb1	22067803	22067902	100	*	32	82	0.390243902439024	92	138	0.666666666666667	11	CHG	1	0.000209503289767053	gain	NA	NA	NA	NA	NA
Fvb1	22073103	22073202	100	*	16	30	0.533333333333333	6	45	0.133333333333333	5	CHG	-1	0.000403697786129613	loss	NA	NA	NA	NA	NA
Fvb1	22185603	22185702	100	*	35	227	0.154185022026432	140	329	0.425531914893617	16	CHG	1	8.07008870398614e-10	gain	NA	NA	NA	NA	NA
Fvb1	22185703	22185802	100	*	23	121	0.190082644628099	88	187	0.470588235294118	6	CHG	1	8.32740251849764e-06	gain	NA	NA	NA	NA	NA
Fvb1	22185803	22185902	100	*	48	183	0.262295081967213	155	328	0.472560975609756	17	CHG	1	3.05385419836511e-05	gain	NA	NA	NA	NA	NA
Fvb1	22424903	22425002	100	*	15	44	0.340909090909091	3	49	0.0612244897959184	7	CHG	-1	0.000715774568260408	loss	NA	NA	NA	NA	NA
Fvb1	22477403	22477502	100	*	20	31	0.645161290322581	48	51	0.941176470588235	5	CHG	1	0.000662856528711798	gain	NA	NA	NA	NA	NA
Fvb1	22573403	22573502	100	*	11	35	0.314285714285714	38	53	0.716981132075472	4	CHG	1	0.000407868382125606	gain	NA	NA	NA	NA	NA
Fvb1	23097903	23098002	100	*	21	47	0.446808510638298	54	69	0.782608695652174	8	CHG	1	0.000415506116185493	gain	NA	NA	NA	NA	NA
Fvb1	23206203	23206302	100	*	15	28	0.535714285714286	55	63	0.873015873015873	5	CHG	1	0.000578148054730042	gain	NA	NA	NA	NA	NA
Fvb1	23232903	23233002	100	*	52	93	0.559139784946237	37	138	0.268115942028986	10	CHG	-1	5.96261139484819e-05	loss	NA	NA	NA	NA	NA
Fvb1	23303303	23303402	100	*	18	32	0.5625	68	79	0.860759493670886	8	CHG	1	0.000716459809335352	gain	NA	NA	NA	NA	NA
Fvb1	23550403	23550502	100	*	24	35	0.685714285714286	71	75	0.946666666666667	6	CHG	1	0.000415506116185493	gain	NA	NA	NA	NA	NA
Fvb1	23869803	23869902	100	*	25	38	0.657894736842105	19	67	0.283582089552239	9	CHG	-1	0.00039934576099824	loss	NA	NA	NA	NA	NA
Fvb1	24211403	24211502	100	*	16	59	0.271186440677966	4	73	0.0547945205479452	6	CHG	-1	0.000672081314577094	loss	NA	NA	NA	NA	NA
Fvb2	249001	249100	100	*	37	76	0.486842105263158	126	148	0.851351351351351	12	CHG	1	2.27753252682227e-07	gain	NA	NA	NA	NA	NA
Fvb2	371001	371100	100	*	44	94	0.468085106382979	135	180	0.75	21	CHG	1	3.05385419836511e-05	gain	NA	NA	NA	NA	NA
Fvb2	390801	390900	100	*	18	29	0.620689655172414	18	76	0.236842105263158	5	CHG	-1	0.000426845406617921	loss	EVM	SO:0005836	FvH4_2g00261,FvH4_2g00262	2	NA
Fvb2	641501	641600	100	*	47	129	0.364341085271318	25	184	0.135869565217391	16	CHG	-1	2.40021836348806e-05	loss	NA	NA	NA	NA	NA
Fvb2	1013701	1013800	100	*	0	52	0	11	52	0.211538461538462	13	CHG	1	0.000597489945518577	gain	NA	NA	NA	NA	NA
Fvb2	1132201	1132300	100	*	46	66	0.696969696969697	105	116	0.905172413793103	8	CHG	1	0.000529153090458624	gain	NA	NA	NA	NA	NA
Fvb2	1133901	1134000	100	*	54	93	0.580645161290323	144	178	0.808988764044944	18	CHG	1	0.00019841956739791	gain	NA	NA	NA	NA	NA
Fvb2	1382401	1382500	100	*	31	146	0.212328767123288	99	222	0.445945945945946	16	CHG	1	3.96872330625149e-05	gain	EVM	SO:0005836	FvH4_2g01480	1	NA
Fvb2	1539901	1540000	100	*	14	35	0.4	45	60	0.75	5	CHG	1	0.000743289756992436	gain	NA	NA	NA	NA	NA
Fvb2	1748101	1748200	100	*	26	58	0.448275862068966	39	48	0.8125	6	CHG	1	0.000318159082629357	gain	NA	NA	NA	NA	NA
Fvb2	2187201	2187300	100	*	63	65	0.969230769230769	64	113	0.566371681415929	13	CHG	-1	3.30337215436996e-07	loss	NA	NA	NA	NA	NA
Fvb2	3254101	3254200	100	*	8	38	0.210526315789474	20	31	0.645161290322581	6	CHG	1	0.000467648945715545	gain	NA	NA	NA	NA	NA
Fvb2	3744601	3744700	100	*	32	55	0.581818181818182	82	95	0.863157894736842	8	CHG	1	0.000281898398294222	gain	NA	NA	NA	NA	NA
Fvb2	3773201	3773300	100	*	24	50	0.48	44	49	0.897959183673469	8	CHG	1	5.58564876219161e-05	gain	NA	NA	NA	NA	NA
Fvb2	3804701	3804800	100	*	57	73	0.780821917808219	48	48	1	12	CHG	1	0.000628633194768339	gain	NA	NA	NA	NA	NA
Fvb2	3824101	3824200	100	*	47	80	0.5875	18	71	0.253521126760563	6	CHG	-1	0.00014518182678097	loss	NA	NA	NA	NA	NA
Fvb2	4362401	4362500	100	*	36	65	0.553846153846154	37	126	0.293650793650794	9	CHG	-1	0.000597489945518577	loss	EVM	SO:0005836	FvH4_2g05280	1	NA
Fvb2	4470501	4470600	100	*	30	47	0.638297872340426	63	70	0.9	6	CHG	1	0.000681735736432819	gain	NA	NA	NA	NA	NA
Fvb2	4785401	4785500	100	*	1	36	0.0277777777777778	19	42	0.452380952380952	4	CHG	1	0.00010180480791367	gain	NA	NA	NA	NA	NA
Fvb2	4921201	4921300	100	*	70	196	0.357142857142857	230	369	0.623306233062331	16	CHG	1	6.95293305446044e-08	gain	NA	NA	NA	NA	NA
Fvb2	4921401	4921500	100	*	25	79	0.316455696202532	90	147	0.612244897959184	10	CHG	1	0.000111437357277156	gain	NA	NA	NA	NA	NA
Fvb2	5039901	5040000	100	*	39	40	0.975	44	63	0.698412698412698	9	CHG	-1	0.000658044907980977	loss	NA	NA	NA	NA	NA
Fvb2	5618101	5618200	100	*	49	84	0.583333333333333	23	107	0.214953271028037	10	CHG	-1	3.78040584374591e-06	loss	NA	NA	NA	NA	NA
Fvb2	5632701	5632800	100	*	5	31	0.161290322580645	22	38	0.578947368421053	6	CHG	1	0.000572357817261126	gain	NA	NA	NA	NA	NA
Fvb2	5849201	5849300	100	*	23	43	0.534883720930233	18	79	0.227848101265823	6	CHG	-1	0.000688779725497113	loss	NA	NA	NA	NA	NA
Fvb2	5989801	5989900	100	*	47	102	0.46078431372549	89	125	0.712	12	CHG	1	0.000313086084502275	gain	NA	NA	NA	NA	NA
Fvb2	6133001	6133100	100	*	23	78	0.294871794871795	7	99	0.0707070707070707	10	CHG	-1	0.000243611735480522	loss	EVM	SO:0005836	FvH4_2g07420	1	NA
Fvb2	6904301	6904400	100	*	44	59	0.745762711864407	31	89	0.348314606741573	8	CHG	-1	2.34638863875437e-05	loss	NA	NA	NA	NA	NA
Fvb2	6960001	6960100	100	*	7	48	0.145833333333333	40	79	0.506329113924051	6	CHG	1	0.000167981641628319	gain	NA	NA	NA	NA	NA
Fvb2	7357101	7357200	100	*	45	65	0.692307692307692	104	115	0.904347826086957	13	CHG	1	0.000501583606108818	gain	NA	NA	NA	NA	NA
Fvb2	8027501	8027600	100	*	32	63	0.507936507936508	81	92	0.880434782608696	14	CHG	1	5.45864245277073e-06	gain	NA	NA	NA	NA	NA
Fvb2	8117901	8118000	100	*	9	18	0.5	31	32	0.96875	4	CHG	1	0.000222690714732443	gain	NA	NA	NA	NA	NA
Fvb2	8461001	8461100	100	*	23	42	0.547619047619048	70	78	0.897435897435897	8	CHG	1	7.6229696000974e-05	gain	NA	NA	NA	NA	NA
Fvb2	8558401	8558500	100	*	63	93	0.67741935483871	112	125	0.896	14	CHG	1	0.000203342044781112	gain	NA	NA	NA	NA	NA
Fvb2	8782001	8782100	100	*	30	88	0.340909090909091	56	89	0.629213483146067	8	CHG	1	0.000315526701573519	gain	EVM	SO:0005836	FvH4_2g09910	1	NA
Fvb2	9839301	9839400	100	*	15	30	0.5	27	29	0.931034482758621	4	CHG	1	0.000467648945715545	gain	EVM	SO:0005836	FvH4_2g11320	1	NA
Fvb2	9915901	9916000	100	*	22	40	0.55	50	58	0.862068965517241	7	CHG	1	0.000681218665238756	gain	NA	NA	NA	NA	NA
Fvb2	9950101	9950200	100	*	31	47	0.659574468085106	75	83	0.903614457831325	8	CHG	1	0.000672392787453747	gain	NA	NA	NA	NA	NA
Fvb2	10190401	10190500	100	*	17	55	0.309090909090909	10	111	0.0900900900900901	8	CHG	-1	0.000523132045000259	loss	NA	NA	NA	NA	NA
Fvb2	10345401	10345500	100	*	3	48	0.0625	33	94	0.351063829787234	8	CHG	1	0.0003981698146294	gain	EVM	SO:0005836	FvH4_2g11820	1	NA
Fvb2	10373701	10373800	100	*	38	86	0.441860465116279	26	127	0.204724409448819	8	CHG	-1	0.000426845406617921	loss	NA	NA	NA	NA	NA
Fvb2	10536101	10536200	100	*	69	106	0.650943396226415	73	224	0.325892857142857	11	CHG	-1	7.44913223392712e-07	loss	EVM	SO:0005836	FvH4_2g12060	1	NA
Fvb2	10536801	10536900	100	*	73	102	0.715686274509804	43	101	0.425742574257426	12	CHG	-1	0.000135567754900398	loss	NA	NA	NA	NA	NA
Fvb2	10593101	10593200	100	*	18	53	0.339622641509434	65	91	0.714285714285714	6	CHG	1	7.31170091160264e-05	gain	NA	NA	NA	NA	NA
Fvb2	10600701	10600800	100	*	16	52	0.307692307692308	31	47	0.659574468085106	5	CHG	1	0.000601207483225013	gain	NA	NA	NA	NA	NA
Fvb2	10712901	10713000	100	*	42	77	0.545454545454545	72	89	0.808988764044944	12	CHG	1	0.000469705981240901	gain	NA	NA	NA	NA	NA
Fvb2	10766001	10766100	100	*	5	16	0.3125	24	26	0.923076923076923	4	CHG	1	0.000140430848689087	gain	NA	NA	NA	NA	NA
Fvb2	10769201	10769300	100	*	95	146	0.650684931506849	55	145	0.379310344827586	16	CHG	-1	3.37385296452614e-05	loss	NA	NA	NA	NA	NA
Fvb2	10961601	10961700	100	*	20	49	0.408163265306122	65	80	0.8125	8	CHG	1	2.57156431838991e-05	gain	NA	NA	NA	NA	NA
Fvb2	12002501	12002600	100	*	40	66	0.606060606060606	75	86	0.872093023255814	10	CHG	1	0.000353791664438813	gain	EVM	SO:0005836	FvH4_2g13750,FvH4_2g13760	2	NA
Fvb2	12375001	12375100	100	*	14	48	0.291666666666667	41	65	0.630769230769231	6	CHG	1	0.000553923449415194	gain	NA	NA	NA	NA	NA
Fvb2	12440601	12440700	100	*	12	55	0.218181818181818	50	96	0.520833333333333	8	CHG	1	0.000481263409228484	gain	NA	NA	NA	NA	NA
Fvb2	12728001	12728100	100	*	11	31	0.354838709677419	30	37	0.810810810810811	5	CHG	1	0.000318159082629357	gain	NA	NA	NA	NA	NA
Fvb2	13269001	13269100	100	*	11	29	0.379310344827586	27	32	0.84375	4	CHG	1	0.0003981698146294	gain	NA	NA	NA	NA	NA
Fvb2	14346601	14346700	100	*	15	22	0.681818181818182	45	45	1	4	CHG	1	0.000209503289767053	gain	NA	NA	NA	NA	NA
Fvb2	14954501	14954600	100	*	10	41	0.24390243902439	0	98	0	6	CHG	-1	6.33010008802653e-06	loss	NA	NA	NA	NA	NA
Fvb2	16167801	16167900	100	*	26	45	0.577777777777778	62	71	0.873239436619718	6	CHG	1	0.000497463361920533	gain	NA	NA	NA	NA	NA
Fvb2	16252601	16252700	100	*	0	52	0	13	63	0.206349206349206	7	CHG	1	0.000630588894113278	gain	NA	NA	NA	NA	NA
Fvb2	16339101	16339200	100	*	26	69	0.376811594202899	7	104	0.0673076923076923	9	CHG	-1	6.33010008802653e-06	loss	NA	NA	NA	NA	NA
Fvb2	16714101	16714200	100	*	27	48	0.5625	58	61	0.950819672131147	8	CHG	1	1.46012039103196e-05	gain	EVM	SO:0005836	FvH4_2g19764	1	NA
Fvb2	17354401	17354500	100	*	30	53	0.566037735849057	71	84	0.845238095238095	7	CHG	1	0.000503491238291989	gain	NA	NA	NA	NA	NA
Fvb2	18011901	18012000	100	*	29	36	0.805555555555556	23	56	0.410714285714286	9	CHG	-1	0.000403697786129613	loss	NA	NA	NA	NA	NA
Fvb2	18068101	18068200	100	*	23	61	0.377049180327869	10	108	0.0925925925925926	8	CHG	-1	5.58564876219161e-05	loss	NA	NA	NA	NA	NA
Fvb2	18561301	18561400	100	*	60	117	0.512820512820513	84	288	0.291666666666667	10	CHG	-1	0.000121357345125899	loss	EVM	SO:0005836	FvH4_2g22611	1	NA
Fvb2	18696501	18696600	100	*	40	52	0.769230769230769	55	56	0.982142857142857	9	CHG	1	0.000733420391678522	gain	NA	NA	NA	NA	NA
Fvb2	19248901	19249000	100	*	53	53	1	33	42	0.785714285714286	6	CHG	-1	0.000570407537999345	loss	NA	NA	NA	NA	NA
Fvb2	19466401	19466500	100	*	12	39	0.307692307692308	1	50	0.02	4	CHG	-1	0.000326645925104958	loss	NA	NA	NA	NA	NA
Fvb2	20150301	20150400	100	*	28	36	0.777777777777778	62	63	0.984126984126984	9	CHG	1	0.000682342321406994	gain	NA	NA	NA	NA	NA
Fvb2	20779901	20780000	100	*	32	38	0.842105263157895	17	61	0.278688524590164	6	CHG	-1	1.15185652527959e-06	loss	EVM	SO:0005836	FvH4_2g25711	1	NA
Fvb2	21246101	21246200	100	*	56	100	0.56	39	137	0.284671532846715	13	CHG	-1	0.00010180480791367	loss	NA	NA	NA	NA	NA
Fvb2	21319001	21319100	100	*	8	31	0.258064516129032	0	74	0	6	CHG	-1	4.53634923495572e-05	loss	NA	NA	NA	NA	NA
Fvb2	21666801	21666900	100	*	45	60	0.75	56	57	0.982456140350877	6	CHG	1	0.000467648945715545	gain	NA	NA	NA	NA	NA
Fvb2	22498601	22498700	100	*	17	46	0.369565217391304	55	80	0.6875	8	CHG	1	0.00063720474376015	gain	EVM	SO:0005836	FvH4_2g28830	1	NA
Fvb2	23133101	23133200	100	*	26	61	0.426229508196721	106	145	0.731034482758621	12	CHG	1	0.000139468724419782	gain	NA	NA	NA	NA	NA
Fvb2	24479901	24480000	100	*	42	46	0.91304347826087	28	46	0.608695652173913	5	CHG	-1	0.000697250100465122	loss	NA	NA	NA	NA	NA
Fvb2	25008201	25008300	100	*	16	50	0.32	43	59	0.728813559322034	6	CHG	1	0.00010180480791367	gain	EVM	SO:0005836	FvH4_2g33270	1	NA
Fvb2	25116401	25116500	100	*	11	20	0.55	47	52	0.903846153846154	4	CHG	1	0.000733420391678522	gain	NA	NA	NA	NA	NA
Fvb2	25585201	25585300	100	*	5	40	0.125	27	59	0.457627118644068	6	CHG	1	0.00063720474376015	gain	NA	NA	NA	NA	NA
Fvb2	26220501	26220600	100	*	32	47	0.680851063829787	43	45	0.955555555555556	7	CHG	1	0.000740972859703579	gain	NA	NA	NA	NA	NA
Fvb2	26811601	26811700	100	*	6	20	0.3	20	24	0.833333333333333	5	CHG	1	0.000531322935267829	gain	NA	NA	NA	NA	NA
Fvb2	29121901	29122000	100	*	54	62	0.870967741935484	61	99	0.616161616161616	8	CHG	-1	0.000628633194768339	loss	NA	NA	NA	NA	NA
Fvb2	29235201	29235300	100	*	20	43	0.465116279069767	4	63	0.0634920634920635	6	CHG	-1	1.47342122257752e-05	loss	EVM	SO:0005836	FvH4_2g41260	1	NA
Fvb3	456003	456102	100	*	12	40	0.3	24	34	0.705882352941177	4	CHG	1	0.000628902679167491	gain	NA	NA	NA	NA	NA
Fvb3	646303	646402	100	*	33	48	0.6875	19	58	0.327586206896552	10	CHG	-1	0.000434744888028592	loss	NA	NA	NA	NA	NA
Fvb3	653903	654002	100	*	13	30	0.433333333333333	46	57	0.807017543859649	5	CHG	1	0.000567619268108185	gain	NA	NA	NA	NA	NA
Fvb3	660903	661002	100	*	13	29	0.448275862068966	38	39	0.974358974358974	7	CHG	1	1.02965187938111e-05	gain	NA	NA	NA	NA	NA
Fvb3	963403	963502	100	*	22	69	0.318840579710145	7	86	0.0813953488372093	5	CHG	-1	0.000373592092984889	loss	NA	NA	NA	NA	NA
Fvb3	2645903	2646002	100	*	26	51	0.509803921568627	58	70	0.828571428571429	12	CHG	1	0.000381358788111914	gain	NA	NA	NA	NA	NA
Fvb3	2962603	2962702	100	*	22	49	0.448979591836735	4	55	0.0727272727272727	8	CHG	-1	6.58815930030889e-05	loss	NA	NA	NA	NA	NA
Fvb3	3426603	3426702	100	*	18	57	0.315789473684211	50	80	0.625	6	CHG	1	0.000553590337780357	gain	NA	NA	NA	NA	NA
Fvb3	3894603	3894702	100	*	11	32	0.34375	33	44	0.75	6	CHG	1	0.000570407537999345	gain	NA	NA	NA	NA	NA
Fvb3	3894903	3895002	100	*	50	76	0.657894736842105	87	98	0.887755102040816	12	CHG	1	0.000447462288978475	gain	NA	NA	NA	NA	NA
Fvb3	4533303	4533402	100	*	32	49	0.653061224489796	20	76	0.263157894736842	7	CHG	-1	9.13075947349855e-05	loss	EVM	SO:0005836	FvH4_3g07710	1	NA
Fvb3	5401403	5401502	100	*	17	28	0.607142857142857	24	24	1	4	CHG	1	0.000658044907980977	gain	NA	NA	NA	NA	NA
Fvb3	6437703	6437802	100	*	23	43	0.534883720930233	35	140	0.25	9	CHG	-1	0.000594376239348251	loss	EVM	SO:0005836	FvH4_3g10810	1	NA
Fvb3	7238803	7238902	100	*	27	35	0.771428571428571	14	39	0.358974358974359	5	CHG	-1	0.000553923449415194	loss	NA	NA	NA	NA	NA
Fvb3	8048703	8048802	100	*	19	43	0.441860465116279	70	90	0.777777777777778	6	CHG	1	0.000308411101538012	gain	NA	NA	NA	NA	NA
Fvb3	9384603	9384702	100	*	25	68	0.367647058823529	18	121	0.148760330578512	7	CHG	-1	0.000672392787453747	loss	NA	NA	NA	NA	NA
Fvb3	10300703	10300802	100	*	79	106	0.745283018867924	47	103	0.456310679611651	19	CHG	-1	0.00010180480791367	loss	NA	NA	NA	NA	NA
Fvb3	10343103	10343202	100	*	9	23	0.391304347826087	16	16	1	4	CHG	1	0.000276126710523015	gain	NA	NA	NA	NA	NA
Fvb3	10609503	10609602	100	*	47	64	0.734375	132	141	0.936170212765957	12	CHG	1	0.00019841956739791	gain	NA	NA	NA	NA	NA
Fvb3	11127403	11127502	100	*	25	65	0.384615384615385	96	150	0.64	11	CHG	1	0.000644401398263365	gain	NA	NA	NA	NA	NA
Fvb3	11329303	11329402	100	*	18	27	0.666666666666667	36	36	1	4	CHG	1	0.0003981698146294	gain	NA	NA	NA	NA	NA
Fvb3	11991003	11991102	100	*	42	77	0.545454545454545	95	121	0.785123966942149	14	CHG	1	0.000553996008615434	gain	NA	NA	NA	NA	NA
Fvb3	12027503	12027602	100	*	32	83	0.385542168674699	55	84	0.654761904761905	9	CHG	1	0.000628633194768339	gain	NA	NA	NA	NA	NA
Fvb3	12747103	12747202	100	*	38	61	0.622950819672131	94	106	0.886792452830189	12	CHG	1	0.000192346204252749	gain	NA	NA	NA	NA	NA
Fvb3	12777403	12777502	100	*	20	28	0.714285714285714	8	38	0.210526315789474	5	CHG	-1	0.000162494509875183	loss	NA	NA	NA	NA	NA
Fvb3	13076703	13076802	100	*	31	46	0.673913043478261	63	66	0.954545454545455	5	CHG	1	0.000222690714732443	gain	EVM	SO:0005836	FvH4_3g19921	1	NA
Fvb3	13664403	13664502	100	*	46	69	0.666666666666667	124	141	0.879432624113475	13	CHG	1	0.000436387087364968	gain	NA	NA	NA	NA	NA
Fvb3	14132303	14132402	100	*	18	18	1	24	49	0.489795918367347	4	CHG	-1	0.000318159082629357	loss	NA	NA	NA	NA	NA
Fvb3	14451203	14451302	100	*	48	96	0.5	67	88	0.761363636363636	17	CHG	1	0.000467648945715545	gain	NA	NA	NA	NA	NA
Fvb3	14532403	14532502	100	*	39	65	0.6	93	102	0.911764705882353	10	CHG	1	1.62064025398489e-05	gain	NA	NA	NA	NA	NA
Fvb3	14949803	14949902	100	*	19	20	0.95	12	34	0.352941176470588	4	CHG	-1	0.00010180480791367	loss	NA	NA	NA	NA	NA
Fvb3	14957503	14957602	100	*	6	16	0.375	40	48	0.833333333333333	4	CHG	1	0.000576410287888991	gain	NA	NA	NA	NA	NA
Fvb3	14957903	14958002	100	*	11	38	0.289473684210526	43	61	0.704918032786885	8	CHG	1	0.000190389703513152	gain	NA	NA	NA	NA	NA
Fvb3	15568103	15568202	100	*	19	43	0.441860465116279	43	50	0.86	9	CHG	1	0.000102191932508407	gain	NA	NA	NA	NA	NA
Fvb3	15568503	15568602	100	*	40	75	0.533333333333333	118	151	0.781456953642384	17	CHG	1	0.000318159082629357	gain	NA	NA	NA	NA	NA
Fvb3	15647003	15647102	100	*	12	40	0.3	3	73	0.0410958904109589	5	CHG	-1	0.000288357583401645	loss	NA	NA	NA	NA	NA
Fvb3	16009403	16009502	100	*	23	30	0.766666666666667	15	44	0.340909090909091	4	CHG	-1	0.000524091900409999	loss	NA	NA	NA	NA	NA
Fvb3	16087303	16087402	100	*	74	154	0.480519480519481	218	307	0.710097719869707	23	CHG	1	1.62064025398489e-05	gain	NA	NA	NA	NA	NA
Fvb3	16353203	16353302	100	*	29	43	0.674418604651163	63	67	0.940298507462687	10	CHG	1	0.000446691906702655	gain	NA	NA	NA	NA	NA
Fvb3	16442203	16442302	100	*	8	18	0.444444444444444	26	28	0.928571428571429	4	CHG	1	0.000469705981240901	gain	EVM	SO:0005836	FvH4_3g23401	1	NA
Fvb3	16531803	16531902	100	*	27	39	0.692307692307692	57	60	0.95	6	CHG	1	0.000609325844978623	gain	NA	NA	NA	NA	NA
Fvb3	16808603	16808702	100	*	20	41	0.48780487804878	41	46	0.891304347826087	6	CHG	1	0.000156277014545151	gain	EVM	SO:0005836	FvH4_3g23730	1	NA
Fvb3	16908003	16908102	100	*	14	92	0.152173913043478	69	192	0.359375	13	CHG	1	0.000528616582377021	gain	EVM	SO:0005836	FvH4_3g23822,FvH4_3g23830	2	NA
Fvb3	17282903	17283002	100	*	19	25	0.76	61	62	0.983870967741935	6	CHG	1	0.000636657579119269	gain	EVM	SO:0005836	FvH4_3g24282	1	NA
Fvb3	18240003	18240102	100	*	17	28	0.607142857142857	36	38	0.947368421052632	4	CHG	1	0.000682461786550565	gain	NA	NA	NA	NA	NA
Fvb3	18363703	18363802	100	*	22	32	0.6875	49	51	0.96078431372549	4	CHG	1	0.000672392787453747	gain	NA	NA	NA	NA	NA
Fvb3	18544403	18544502	100	*	30	38	0.789473684210526	61	61	1	8	CHG	1	0.0003981698146294	gain	NA	NA	NA	NA	NA
Fvb3	18836003	18836102	100	*	5	19	0.263157894736842	32	42	0.761904761904762	4	CHG	1	0.000433084993467738	gain	EVM	SO:0005836	FvH4_3g26010	1	NA
Fvb3	18904903	18905002	100	*	14	40	0.35	52	69	0.753623188405797	5	CHG	1	0.000140430848689087	gain	NA	NA	NA	NA	NA
Fvb3	18951503	18951602	100	*	2	17	0.117647058823529	18	27	0.666666666666667	4	CHG	1	0.000553996008615434	gain	NA	NA	NA	NA	NA
Fvb3	19074403	19074502	100	*	26	56	0.464285714285714	75	96	0.78125	10	CHG	1	0.000212191957370028	gain	NA	NA	NA	NA	NA
Fvb3	19369003	19369102	100	*	21	35	0.6	57	63	0.904761904761905	7	CHG	1	0.000531322935267829	gain	EVM	SO:0005836	FvH4_3g26319	1	NA
Fvb3	19377803	19377902	100	*	39	99	0.393939393939394	88	142	0.619718309859155	12	CHG	1	0.000663063214283262	gain	NA	NA	NA	NA	NA
Fvb3	19434403	19434502	100	*	84	127	0.661417322834646	125	142	0.880281690140845	14	CHG	1	9.47299158530633e-05	gain	NA	NA	NA	NA	NA
Fvb3	19621103	19621202	100	*	50	87	0.574712643678161	22	96	0.229166666666667	12	CHG	-1	1.95311825506412e-05	loss	NA	NA	NA	NA	NA
Fvb3	20312203	20312302	100	*	33	47	0.702127659574468	31	83	0.373493975903614	9	CHG	-1	0.000520094152597262	loss	NA	NA	NA	NA	NA
Fvb3	20372503	20372602	100	*	47	71	0.661971830985915	48	121	0.396694214876033	9	CHG	-1	0.000563526245834617	loss	EVM	SO:0005836	FvH4_3g27273	1	NA
Fvb3	20600703	20600802	100	*	0	33	0	20	59	0.338983050847458	8	CHG	1	0.000359502646493822	gain	NA	NA	NA	NA	NA
Fvb3	20802703	20802802	100	*	41	76	0.539473684210526	80	91	0.879120879120879	9	CHG	1	1.28426866240223e-05	gain	NA	NA	NA	NA	NA
Fvb3	20802903	20803002	100	*	29	63	0.46031746031746	55	62	0.887096774193548	7	CHG	1	6.33010008802653e-06	gain	NA	NA	NA	NA	NA
Fvb3	21656803	21656902	100	*	21	41	0.51219512195122	62	74	0.837837837837838	10	CHG	1	0.000400649959732374	gain	NA	NA	NA	NA	NA
Fvb3	21834103	21834202	100	*	19	81	0.234567901234568	2	145	0.0137931034482759	11	CHG	-1	1.01042333528951e-06	loss	NA	NA	NA	NA	NA
Fvb3	21851603	21851702	100	*	32	47	0.680851063829787	24	70	0.342857142857143	5	CHG	-1	0.000531322935267829	loss	NA	NA	NA	NA	NA
Fvb3	22659903	22660002	100	*	6	63	0.0952380952380952	49	148	0.331081081081081	13	CHG	1	0.000550267014153869	gain	NA	NA	NA	NA	NA
Fvb3	22697203	22697302	100	*	45	95	0.473684210526316	67	87	0.770114942528736	17	CHG	1	0.000156277014545151	gain	NA	NA	NA	NA	NA
Fvb3	22767203	22767302	100	*	39	93	0.419354838709677	19	122	0.155737704918033	10	CHG	-1	9.13075947349855e-05	loss	NA	NA	NA	NA	NA
Fvb3	22918503	22918602	100	*	23	35	0.657142857142857	44	156	0.282051282051282	8	CHG	-1	0.000125197819103628	loss	NA	NA	NA	NA	NA
Fvb3	23578703	23578802	100	*	66	122	0.540983606557377	174	224	0.776785714285714	19	CHG	1	4.53634923495572e-05	gain	NA	NA	NA	NA	NA
Fvb3	23651603	23651702	100	*	9	24	0.375	44	52	0.846153846153846	4	CHG	1	0.000140430848689087	gain	NA	NA	NA	NA	NA
Fvb3	24206803	24206902	100	*	53	57	0.929824561403509	53	78	0.67948717948718	7	CHG	-1	0.000602714811900264	loss	NA	NA	NA	NA	NA
Fvb3	24207003	24207102	100	*	17	37	0.459459459459459	59	74	0.797297297297297	5	CHG	1	0.000509530029284338	gain	NA	NA	NA	NA	NA
Fvb3	24398403	24398502	100	*	15	46	0.326086956521739	61	93	0.655913978494624	11	CHG	1	0.000447462288978475	gain	NA	NA	NA	NA	NA
Fvb3	24878603	24878702	100	*	3	18	0.166666666666667	25	35	0.714285714285714	4	CHG	1	0.000358851455831429	gain	NA	NA	NA	NA	NA
Fvb3	25201503	25201602	100	*	17	34	0.5	43	50	0.86	6	CHG	1	0.000531322935267829	gain	NA	NA	NA	NA	NA
Fvb3	25732003	25732102	100	*	20	26	0.769230769230769	59	59	1	6	CHG	1	0.000318159082629357	gain	EVM	SO:0005836	FvH4_3g31480	1	NA
Fvb3	25822903	25823002	100	*	21	123	0.170731707317073	71	181	0.392265193370166	12	CHG	1	0.000148245935786546	gain	NA	NA	NA	NA	NA
Fvb3	26017203	26017302	100	*	32	49	0.653061224489796	95	107	0.88785046728972	11	CHG	1	0.000602714811900264	gain	NA	NA	NA	NA	NA
Fvb3	26115103	26115202	100	*	39	86	0.453488372093023	93	135	0.688888888888889	12	CHG	1	0.000630588894113278	gain	NA	NA	NA	NA	NA
Fvb3	26518203	26518302	100	*	27	32	0.84375	20	44	0.454545454545455	8	CHG	-1	0.000670332089123643	loss	NA	NA	NA	NA	NA
Fvb3	26922703	26922802	100	*	31	57	0.543859649122807	71	77	0.922077922077922	14	CHG	1	6.33010008802653e-06	gain	NA	NA	NA	NA	NA
Fvb3	27226703	27226802	100	*	17	43	0.395348837209302	29	36	0.805555555555556	5	CHG	1	0.00044459970115049	gain	NA	NA	NA	NA	NA
Fvb3	27319803	27319902	100	*	28	44	0.636363636363636	93	105	0.885714285714286	7	CHG	1	0.000561885579003782	gain	NA	NA	NA	NA	NA
Fvb3	28161003	28161102	100	*	59	113	0.52212389380531	40	155	0.258064516129032	24	CHG	-1	6.58815930030889e-05	loss	EVM	SO:0005836	FvH4_3g32806	1	NA
Fvb3	28323703	28323802	100	*	11	31	0.354838709677419	3	53	0.0566037735849057	5	CHG	-1	0.000572076717828862	loss	NA	NA	NA	NA	NA
Fvb3	28551303	28551402	100	*	29	39	0.743589743589744	96	99	0.96969696969697	8	CHG	1	0.000162181979024537	gain	NA	NA	NA	NA	NA
Fvb3	28652103	28652202	100	*	27	76	0.355263157894737	63	98	0.642857142857143	8	CHG	1	0.000375048563937419	gain	NA	NA	NA	NA	NA
Fvb3	28732803	28732902	100	*	18	29	0.620689655172414	58	63	0.920634920634921	5	CHG	1	0.000577686128597695	gain	NA	NA	NA	NA	NA
Fvb3	29436503	29436602	100	*	40	58	0.689655172413793	66	71	0.929577464788732	9	CHG	1	0.000570407537999345	gain	NA	NA	NA	NA	NA
Fvb3	29662303	29662402	100	*	34	95	0.357894736842105	53	86	0.616279069767442	7	CHG	1	0.000636657579119269	gain	NA	NA	NA	NA	NA
Fvb3	30187503	30187602	100	*	17	45	0.377777777777778	51	61	0.836065573770492	8	CHG	1	1.46012039103196e-05	gain	NA	NA	NA	NA	NA
Fvb3	30204103	30204202	100	*	10	43	0.232558139534884	45	73	0.616438356164384	6	CHG	1	0.000209503289767053	gain	EVM	SO:0005836	FvH4_3g34980	1	NA
Fvb3	30722903	30723002	100	*	18	54	0.333333333333333	64	102	0.627450980392157	13	CHG	1	0.000601852615459007	gain	NA	NA	NA	NA	NA
Fvb3	30896303	30896402	100	*	38	52	0.730769230769231	63	66	0.954545454545455	11	CHG	1	0.000681735736432819	gain	NA	NA	NA	NA	NA
Fvb3	31346003	31346102	100	*	13	30	0.433333333333333	0	27	0	4	CHG	-1	0.000279196129657211	loss	EVM	SO:0005836	FvH4_3g36583	1	NA
Fvb3	31457903	31458002	100	*	10	54	0.185185185185185	50	102	0.490196078431373	9	CHG	1	0.000404805122676007	gain	NA	NA	NA	NA	NA
Fvb3	31571603	31571702	100	*	21	49	0.428571428571429	12	93	0.129032258064516	11	CHG	-1	0.000199896119343181	loss	NA	NA	NA	NA	NA
Fvb3	31945203	31945302	100	*	76	118	0.644067796610169	55	159	0.345911949685535	15	CHG	-1	1.16843787032549e-05	loss	NA	NA	NA	NA	NA
Fvb3	33151903	33152002	100	*	60	104	0.576923076923077	172	210	0.819047619047619	20	CHG	1	3.82920186895252e-05	gain	NA	NA	NA	NA	NA
Fvb3	33391803	33391902	100	*	8	22	0.363636363636364	42	54	0.777777777777778	5	CHG	1	0.000667946895653124	gain	NA	NA	NA	NA	NA
Fvb3	33969603	33969702	100	*	33	46	0.717391304347826	64	65	0.984615384615385	9	CHG	1	0.000134747974132736	gain	NA	NA	NA	NA	NA
Fvb3	35089103	35089202	100	*	4	46	0.0869565217391304	37	89	0.415730337078652	5	CHG	1	0.000249872739799569	gain	EVM	SO:0005836	FvH4_3g41920	1	NA
Fvb4	148603	148702	100	*	21	60	0.35	17	152	0.111842105263158	9	CHG	-1	0.000171344937169666	loss	NA	NA	NA	NA	NA
Fvb4	256303	256402	100	*	26	45	0.577777777777778	76	89	0.853932584269663	10	CHG	1	0.000570407537999345	gain	NA	NA	NA	NA	NA
Fvb4	639203	639302	100	*	17	55	0.309090909090909	11	112	0.0982142857142857	6	CHG	-1	0.000690366058565167	loss	NA	NA	NA	NA	NA
Fvb4	804603	804702	100	*	17	63	0.26984126984127	62	114	0.543859649122807	9	CHG	1	0.000594376239348251	gain	NA	NA	NA	NA	NA
Fvb4	2203503	2203602	100	*	58	91	0.637362637362637	75	214	0.350467289719626	11	CHG	-1	3.47106774058477e-05	loss	NA	NA	NA	NA	NA
Fvb4	2348403	2348502	100	*	18	24	0.75	57	58	0.982758620689655	6	CHG	1	0.00068618903865549	gain	NA	NA	NA	NA	NA
Fvb4	2549603	2549702	100	*	22	126	0.174603174603175	51	131	0.389312977099237	12	CHG	1	0.000324206653509963	gain	NA	NA	NA	NA	NA
Fvb4	2679703	2679802	100	*	42	80	0.525	104	135	0.77037037037037	13	CHG	1	0.000404805122676007	gain	NA	NA	NA	NA	NA
Fvb4	2908803	2908902	100	*	34	141	0.24113475177305	119	239	0.497907949790795	8	CHG	1	1.10702923479861e-05	gain	NA	NA	NA	NA	NA
Fvb4	3025303	3025402	100	*	42	52	0.807692307692308	48	94	0.51063829787234	7	CHG	-1	0.00057350375902238	loss	NA	NA	NA	NA	NA
Fvb4	3039003	3039102	100	*	3	35	0.0857142857142857	22	50	0.44	6	CHG	1	0.000577686128597695	gain	NA	NA	NA	NA	NA
Fvb4	3190103	3190202	100	*	12	41	0.292682926829268	7	101	0.0693069306930693	10	CHG	-1	0.000570407537999345	loss	NA	NA	NA	NA	NA
Fvb4	4546203	4546302	100	*	42	73	0.575342465753425	106	129	0.821705426356589	5	CHG	1	0.000339566389142856	gain	NA	NA	NA	NA	NA
Fvb4	5010103	5010202	100	*	62	107	0.579439252336449	56	156	0.358974358974359	11	CHG	-1	0.000576410287888991	loss	NA	NA	NA	NA	NA
Fvb4	5250603	5250702	100	*	20	38	0.526315789473684	58	69	0.840579710144927	6	CHG	1	0.000601852615459007	gain	NA	NA	NA	NA	NA
Fvb4	5852103	5852202	100	*	3	22	0.136363636363636	16	26	0.615384615384615	4	CHG	1	0.000761586581574668	gain	EVM	SO:0005836	FvH4_4g06580	1	NA
Fvb4	6074203	6074302	100	*	48	81	0.592592592592593	39	116	0.336206896551724	8	CHG	-1	0.000553923449415194	loss	NA	NA	NA	NA	NA
Fvb4	6330403	6330502	100	*	12	47	0.25531914893617	3	74	0.0405405405405405	10	CHG	-1	0.000609325844978623	loss	NA	NA	NA	NA	NA
Fvb4	6374803	6374902	100	*	34	58	0.586206896551724	56	64	0.875	5	CHG	1	0.000499372699210525	gain	NA	NA	NA	NA	NA
Fvb4	6376403	6376502	100	*	22	44	0.5	50	58	0.862068965517241	6	CHG	1	0.000224018420153601	gain	EVM	SO:0005836	FvH4_4g07020	1	NA
Fvb4	6931403	6931502	100	*	27	32	0.84375	21	65	0.323076923076923	6	CHG	-1	1.62064025398489e-05	loss	NA	NA	NA	NA	NA
Fvb4	7103003	7103102	100	*	52	104	0.5	156	193	0.808290155440414	14	CHG	1	8.47230525288731e-07	gain	NA	NA	NA	NA	NA
Fvb4	7206503	7206602	100	*	15	37	0.405405405405405	34	43	0.790697674418605	4	CHG	1	0.000577686128597695	gain	NA	NA	NA	NA	NA
Fvb4	7260003	7260102	100	*	12	41	0.292682926829268	34	52	0.653846153846154	5	CHG	1	0.000658044907980977	gain	EVM	SO:0005836	FvH4_4g07761	1	NA
Fvb4	7502303	7502402	100	*	13	23	0.565217391304348	24	24	1	4	CHG	1	0.000478491620735959	gain	NA	NA	NA	NA	NA
Fvb4	7757003	7757102	100	*	34	48	0.708333333333333	76	81	0.938271604938272	9	CHG	1	0.000553996008615434	gain	NA	NA	NA	NA	NA
Fvb4	7880603	7880702	100	*	53	87	0.609195402298851	96	115	0.834782608695652	14	CHG	1	0.000512860633523798	gain	NA	NA	NA	NA	NA
Fvb4	8023803	8023902	100	*	7	23	0.304347826086957	34	44	0.772727272727273	5	CHG	1	0.00039934576099824	gain	NA	NA	NA	NA	NA
Fvb4	8249003	8249102	100	*	3	49	0.0612244897959184	35	105	0.333333333333333	9	CHG	1	0.000469705981240901	gain	NA	NA	NA	NA	NA
Fvb4	8501703	8501802	100	*	8	32	0.25	33	52	0.634615384615385	5	CHG	1	0.000694264878099552	gain	NA	NA	NA	NA	NA
Fvb4	8670903	8671002	100	*	10	22	0.454545454545455	32	36	0.888888888888889	4	CHG	1	0.000530088860698043	gain	NA	NA	NA	NA	NA
Fvb4	8672003	8672102	100	*	44	91	0.483516483516484	57	76	0.75	15	CHG	1	0.000597489945518577	gain	NA	NA	NA	NA	NA
Fvb4	8702003	8702102	100	*	40	54	0.740740740740741	119	126	0.944444444444444	10	CHG	1	0.000273310544600651	gain	NA	NA	NA	NA	NA
Fvb4	8776003	8776102	100	*	10	41	0.24390243902439	32	54	0.592592592592593	8	CHG	1	0.00074592391244555	gain	NA	NA	NA	NA	NA
Fvb4	9004703	9004802	100	*	14	25	0.56	34	36	0.944444444444444	5	CHG	1	0.000513559823002327	gain	NA	NA	NA	NA	NA
Fvb4	9173003	9173102	100	*	32	55	0.581818181818182	31	121	0.256198347107438	10	CHG	-1	0.000134747974132736	loss	NA	NA	NA	NA	NA
Fvb4	9423103	9423202	100	*	56	82	0.682926829268293	136	154	0.883116883116883	20	CHG	1	0.000379569117695208	gain	NA	NA	NA	NA	NA
Fvb4	9489403	9489502	100	*	23	41	0.560975609756098	57	64	0.890625	6	CHG	1	0.000296217715771551	gain	EVM	SO:0005836	FvH4_4g08801	1	NA
Fvb4	9540803	9540902	100	*	51	67	0.761194029850746	73	75	0.973333333333333	7	CHG	1	0.000349251728721219	gain	NA	NA	NA	NA	NA
Fvb4	9591803	9591902	100	*	4	38	0.105263157894737	56	116	0.482758620689655	9	CHG	1	0.000144343468749088	gain	NA	NA	NA	NA	NA
Fvb4	9711003	9711102	100	*	29	56	0.517857142857143	124	150	0.826666666666667	12	CHG	1	5.22743085669876e-05	gain	NA	NA	NA	NA	NA
Fvb4	9966403	9966502	100	*	73	83	0.879518072289157	43	67	0.641791044776119	7	CHG	-1	0.000658044907980977	loss	NA	NA	NA	NA	NA
Fvb4	10052703	10052802	100	*	17	54	0.314814814814815	86	135	0.637037037037037	8	CHG	1	0.000199896119343181	gain	NA	NA	NA	NA	NA
Fvb4	10177103	10177202	100	*	49	74	0.662162162162162	106	118	0.898305084745763	14	CHG	1	0.000190389703513152	gain	NA	NA	NA	NA	NA
Fvb4	10850603	10850702	100	*	8	90	0.0888888888888889	57	194	0.293814432989691	9	CHG	1	0.000319073572418495	gain	NA	NA	NA	NA	NA
Fvb4	10934003	10934102	100	*	25	89	0.280898876404494	105	200	0.525	16	CHG	1	0.000308411101538012	gain	NA	NA	NA	NA	NA
Fvb4	11674603	11674702	100	*	32	49	0.653061224489796	70	74	0.945945945945946	9	CHG	1	0.000117469665669298	gain	NA	NA	NA	NA	NA
Fvb4	11676203	11676302	100	*	37	45	0.822222222222222	43	87	0.494252873563218	9	CHG	-1	0.000467648945715545	loss	NA	NA	NA	NA	NA
Fvb4	11813203	11813302	100	*	16	33	0.484848484848485	48	58	0.827586206896552	4	CHG	1	0.000680125310911006	gain	NA	NA	NA	NA	NA
Fvb4	11855603	11855702	100	*	19	21	0.904761904761905	15	34	0.441176470588235	5	CHG	-1	0.000681735736432819	loss	NA	NA	NA	NA	NA
Fvb4	11955803	11955902	100	*	22	23	0.956521739130435	10	23	0.434782608695652	4	CHG	-1	0.000310390220430166	loss	NA	NA	NA	NA	NA
Fvb4	12015203	12015302	100	*	32	47	0.680851063829787	59	63	0.936507936507937	7	CHG	1	0.000597489945518577	gain	NA	NA	NA	NA	NA
Fvb4	12346303	12346402	100	*	24	42	0.571428571428571	70	81	0.864197530864197	6	CHG	1	0.000494138246033145	gain	NA	NA	NA	NA	NA
Fvb4	12414903	12415002	100	*	20	25	0.8	8	26	0.307692307692308	4	CHG	-1	0.000576410287888991	loss	NA	NA	NA	NA	NA
Fvb4	12437003	12437102	100	*	18	23	0.782608695652174	49	49	1	4	CHG	1	0.000757341698277653	gain	NA	NA	NA	NA	NA
Fvb4	12546203	12546302	100	*	50	82	0.609756097560976	161	186	0.865591397849462	15	CHG	1	2.49701751569401e-05	gain	NA	NA	NA	NA	NA
Fvb4	13306703	13306802	100	*	54	60	0.9	57	88	0.647727272727273	10	CHG	-1	0.000630588894113278	loss	NA	NA	NA	NA	NA
Fvb4	13441503	13441602	100	*	24	46	0.521739130434783	89	108	0.824074074074074	9	CHG	1	0.000283977859761156	gain	NA	NA	NA	NA	NA
Fvb4	13460903	13461002	100	*	53	123	0.430894308943089	112	165	0.678787878787879	17	CHG	1	0.000123600639016113	gain	EVM	SO:0005836	FvH4_4g10231	1	NA
Fvb4	13493603	13493702	100	*	48	89	0.539325842696629	92	114	0.807017543859649	12	CHG	1	0.000162668126450764	gain	NA	NA	NA	NA	NA
Fvb4	13493703	13493802	100	*	36	67	0.537313432835821	80	96	0.833333333333333	12	CHG	1	0.000156277014545151	gain	NA	NA	NA	NA	NA
Fvb4	13986903	13987002	100	*	29	30	0.966666666666667	20	39	0.512820512820513	4	CHG	-1	0.000152100902916987	loss	NA	NA	NA	NA	NA
Fvb4	14074703	14074802	100	*	69	137	0.503649635036496	206	229	0.899563318777293	23	CHG	1	3.90024595376956e-15	gain	NA	NA	NA	NA	NA
Fvb4	14139703	14139802	100	*	47	129	0.364341085271318	138	226	0.610619469026549	11	CHG	1	5.80221378876748e-05	gain	NA	NA	NA	NA	NA
Fvb4	14140003	14140102	100	*	19	43	0.441860465116279	12	81	0.148148148148148	8	CHG	-1	0.000527234148324086	loss	NA	NA	NA	NA	NA
Fvb4	14212103	14212202	100	*	16	22	0.727272727272727	39	39	1	4	CHG	1	0.000682461786550565	gain	NA	NA	NA	NA	NA
Fvb4	14304203	14304302	100	*	51	76	0.671052631578947	73	80	0.9125	8	CHG	1	0.000400649959732374	gain	NA	NA	NA	NA	NA
Fvb4	14375303	14375402	100	*	39	44	0.886363636363636	46	79	0.582278481012658	6	CHG	-1	0.000602714811900264	loss	NA	NA	NA	NA	NA
Fvb4	14612103	14612202	100	*	2	60	0.0333333333333333	14	51	0.274509803921569	5	CHG	1	0.000513857051625487	gain	NA	NA	NA	NA	NA
Fvb4	14707403	14707502	100	*	72	139	0.517985611510791	68	260	0.261538461538462	16	CHG	-1	5.63556835880415e-06	loss	EVM	SO:0005836	FvH4_4g11010	1	NA
Fvb4	14886303	14886402	100	*	16	38	0.421052631578947	8	70	0.114285714285714	6	CHG	-1	0.000466509540347542	loss	NA	NA	NA	NA	NA
Fvb4	15067803	15067902	100	*	6	25	0.24	0	55	0	4	CHG	-1	0.000359502646493822	loss	NA	NA	NA	NA	NA
Fvb4	15152203	15152302	100	*	56	108	0.518518518518518	133	181	0.734806629834254	12	CHG	1	0.0003981698146294	gain	NA	NA	NA	NA	NA
Fvb4	15168703	15168802	100	*	12	17	0.705882352941177	37	37	1	4	CHG	1	0.000650775850167007	gain	NA	NA	NA	NA	NA
Fvb4	15430103	15430202	100	*	12	36	0.333333333333333	41	57	0.719298245614035	6	CHG	1	0.000466509540347542	gain	EVM	SO:0005836	FvH4_4g11702	1	NA
Fvb4	15442603	15442702	100	*	21	40	0.525	43	46	0.934782608695652	8	CHG	1	8.69885890901315e-05	gain	NA	NA	NA	NA	NA
Fvb4	15669003	15669102	100	*	8	54	0.148148148148148	39	91	0.428571428571429	9	CHG	1	0.000619390669718364	gain	NA	NA	NA	NA	NA
Fvb4	15702603	15702702	100	*	30	46	0.652173913043478	54	58	0.931034482758621	6	CHG	1	0.000531322935267829	gain	NA	NA	NA	NA	NA
Fvb4	16172103	16172202	100	*	41	47	0.872340425531915	43	74	0.581081081081081	10	CHG	-1	0.00074592391244555	loss	NA	NA	NA	NA	NA
Fvb4	16309303	16309402	100	*	63	100	0.63	126	147	0.857142857142857	16	CHG	1	0.000145967163761758	gain	NA	NA	NA	NA	NA
Fvb4	16631403	16631502	100	*	25	37	0.675675675675676	68	70	0.971428571428571	9	CHG	1	9.13075947349855e-05	gain	NA	NA	NA	NA	NA
Fvb4	16848803	16848902	100	*	5	22	0.227272727272727	20	26	0.769230769230769	5	CHG	1	0.000396658383755624	gain	NA	NA	NA	NA	NA
Fvb4	16970603	16970702	100	*	3	27	0.111111111111111	24	48	0.5	6	CHG	1	0.000790380268043084	gain	NA	NA	NA	NA	NA
Fvb4	17190403	17190502	100	*	9	43	0.209302325581395	41	71	0.577464788732394	7	CHG	1	0.00031469663773346	gain	NA	NA	NA	NA	NA
Fvb4	17484903	17485002	100	*	53	62	0.854838709677419	36	83	0.433734939759036	15	CHG	-1	4.97619825358067e-06	loss	NA	NA	NA	NA	NA
Fvb4	17907903	17908002	100	*	21	31	0.67741935483871	67	71	0.943661971830986	6	CHG	1	0.00052776810154072	gain	NA	NA	NA	NA	NA
Fvb4	17986103	17986202	100	*	6	29	0.206896551724138	39	46	0.847826086956522	4	CHG	1	8.87042120344775e-07	gain	NA	NA	NA	NA	NA
Fvb4	17986203	17986302	100	*	10	40	0.25	56	60	0.933333333333333	5	CHG	1	1.10455592214758e-10	gain	NA	NA	NA	NA	NA
Fvb4	18016003	18016102	100	*	49	78	0.628205128205128	114	135	0.844444444444444	8	CHG	1	0.000531322935267829	gain	NA	NA	NA	NA	NA
Fvb4	18131103	18131202	100	*	29	39	0.743589743589744	33	86	0.383720930232558	8	CHG	-1	0.000403697786129613	loss	NA	NA	NA	NA	NA
Fvb4	18305403	18305502	100	*	75	151	0.496688741721854	226	320	0.70625	11	CHG	1	6.62891085502688e-05	gain	NA	NA	NA	NA	NA
Fvb4	18310303	18310402	100	*	26	45	0.577777777777778	5	41	0.121951219512195	10	CHG	-1	7.11973431150499e-05	loss	NA	NA	NA	NA	NA
Fvb4	18320403	18320502	100	*	28	42	0.666666666666667	29	29	1	4	CHG	1	0.000639775199546428	gain	NA	NA	NA	NA	NA
Fvb4	18436903	18437002	100	*	31	92	0.33695652173913	14	158	0.0886075949367089	9	CHG	-1	1.10702923479861e-05	loss	NA	NA	NA	NA	NA
Fvb4	18458003	18458102	100	*	7	27	0.259259259259259	0	44	0	6	CHG	-1	0.000557291608840928	loss	NA	NA	NA	NA	NA
Fvb4	18458103	18458202	100	*	7	31	0.225806451612903	0	61	0	6	CHG	-1	0.000302899836963097	loss	NA	NA	NA	NA	NA
Fvb4	18603103	18603202	100	*	24	56	0.428571428571429	45	59	0.76271186440678	5	CHG	1	0.000467648945715545	gain	NA	NA	NA	NA	NA
Fvb4	18891203	18891302	100	*	38	66	0.575757575757576	15	57	0.263157894736842	8	CHG	-1	0.000614047109306834	loss	EVM	SO:0005836	FvH4_4g15270	1	NA
Fvb4	18905003	18905102	100	*	69	75	0.92	65	92	0.706521739130435	14	CHG	-1	0.000672392787453747	loss	NA	NA	NA	NA	NA
Fvb4	19271103	19271202	100	*	22	33	0.666666666666667	52	54	0.962962962962963	8	CHG	1	0.000379569117695208	gain	NA	NA	NA	NA	NA
Fvb4	19391003	19391102	100	*	13	21	0.619047619047619	32	33	0.96969696969697	4	CHG	1	0.000784374489983544	gain	EVM	SO:0005836	FvH4_4g15595	1	NA
Fvb4	19445203	19445302	100	*	66	132	0.5	47	166	0.283132530120482	19	CHG	-1	0.000318159082629357	loss	NA	NA	NA	NA	NA
Fvb4	19455003	19455102	100	*	41	57	0.719298245614035	149	157	0.949044585987261	14	CHG	1	2.56087884176782e-05	gain	NA	NA	NA	NA	NA
Fvb4	19560603	19560702	100	*	21	40	0.525	50	57	0.87719298245614	6	CHG	1	0.000307945883423542	gain	NA	NA	NA	NA	NA
Fvb4	19726203	19726302	100	*	69	132	0.522727272727273	133	168	0.791666666666667	12	CHG	1	1.10702923479861e-05	gain	NA	NA	NA	NA	NA
Fvb4	19798403	19798502	100	*	5	73	0.0684931506849315	31	115	0.269565217391304	8	CHG	1	0.00070388052196415	gain	NA	NA	NA	NA	NA
Fvb4	19935003	19935102	100	*	42	71	0.591549295774648	87	102	0.852941176470588	8	CHG	1	0.000284785077270873	gain	NA	NA	NA	NA	NA
Fvb4	20191703	20191802	100	*	38	72	0.527777777777778	57	70	0.814285714285714	17	CHG	1	0.000494138246033145	gain	NA	NA	NA	NA	NA
Fvb4	20227803	20227902	100	*	14	24	0.583333333333333	32	33	0.96969696969697	4	CHG	1	0.000469705981240901	gain	NA	NA	NA	NA	NA
Fvb4	20581503	20581602	100	*	27	41	0.658536585365854	65	71	0.915492957746479	6	CHG	1	0.000697250100465122	gain	NA	NA	NA	NA	NA
Fvb4	20843203	20843302	100	*	25	43	0.581395348837209	57	62	0.919354838709677	8	CHG	1	0.000152100902916987	gain	NA	NA	NA	NA	NA
Fvb4	22452903	22453002	100	*	43	67	0.641791044776119	76	87	0.873563218390805	12	CHG	1	0.00072578670291141	gain	NA	NA	NA	NA	NA
Fvb4	22821903	22822002	100	*	24	26	0.923076923076923	13	26	0.5	6	CHG	-1	0.000791605960776811	loss	NA	NA	NA	NA	NA
Fvb4	23488103	23488202	100	*	11	31	0.354838709677419	1	49	0.0204081632653061	4	CHG	-1	0.00016791504583338	loss	EVM	SO:0005836	FvH4_4g20060	1	NA
Fvb4	23574003	23574102	100	*	12	17	0.705882352941177	8	43	0.186046511627907	4	CHG	-1	0.000309520940982251	loss	NA	NA	NA	NA	NA
Fvb4	23785203	23785302	100	*	16	29	0.551724137931034	28	29	0.96551724137931	4	CHG	1	0.00044459970115049	gain	NA	NA	NA	NA	NA
Fvb4	23787803	23787902	100	*	56	76	0.736842105263158	73	146	0.5	12	CHG	-1	0.000740972859703579	loss	EVM	SO:0005836	FvH4_4g20641	1	NA
Fvb4	24035203	24035302	100	*	15	38	0.394736842105263	22	27	0.814814814814815	4	CHG	1	0.000784374489983544	gain	NA	NA	NA	NA	NA
Fvb4	24392903	24393002	100	*	78	151	0.516556291390728	195	270	0.722222222222222	12	CHG	1	0.000111786654977196	gain	NA	NA	NA	NA	NA
Fvb4	26635803	26635902	100	*	22	60	0.366666666666667	8	95	0.0842105263157895	9	CHG	-1	8.78324912485304e-05	loss	NA	NA	NA	NA	NA
Fvb4	27617803	27617902	100	*	11	20	0.55	2	27	0.0740740740740741	5	CHG	-1	0.000513559823002327	loss	EVM	SO:0005836	FvH4_4g26051	1	NA
Fvb4	27951003	27951102	100	*	2	49	0.0408163265306122	21	61	0.344262295081967	7	CHG	1	0.000280939818729505	gain	NA	NA	NA	NA	NA
Fvb4	28674303	28674402	100	*	14	35	0.4	43	54	0.796296296296296	4	CHG	1	0.000334108592117534	gain	NA	NA	NA	NA	NA
Fvb4	28914203	28914302	100	*	8	37	0.216216216216216	48	77	0.623376623376623	7	CHG	1	0.000171344937169666	gain	NA	NA	NA	NA	NA
Fvb4	29723603	29723702	100	*	65	72	0.902777777777778	88	131	0.67175572519084	9	CHG	-1	0.000467648945715545	loss	NA	NA	NA	NA	NA
Fvb4	30201903	30202002	100	*	23	43	0.534883720930233	96	119	0.80672268907563	9	CHG	1	0.000657205715423496	gain	NA	NA	NA	NA	NA
Fvb4	30429003	30429102	100	*	58	69	0.840579710144927	75	148	0.506756756756757	11	CHG	-1	2.57156431838991e-05	loss	NA	NA	NA	NA	NA
Fvb4	31485203	31485302	100	*	2	32	0.0625	24	60	0.4	8	CHG	1	0.000694264878099552	gain	NA	NA	NA	NA	NA
Fvb4	32014103	32014202	100	*	16	30	0.533333333333333	70	77	0.909090909090909	7	CHG	1	7.11973431150499e-05	gain	EVM	SO:0005836	FvH4_4g34010	1	NA
Fvb4	32502603	32502702	100	*	12	45	0.266666666666667	44	70	0.628571428571429	7	CHG	1	0.000353105417018312	gain	EVM	SO:0005836	FvH4_4g35031	1	NA
Fvb4	32509903	32510002	100	*	1	117	0.00854700854700855	34	133	0.255639097744361	10	CHG	1	5.84868594724324e-07	gain	NA	NA	NA	NA	NA
Fvb4	32699603	32699702	100	*	27	59	0.457627118644068	12	70	0.171428571428571	8	CHG	-1	0.000577686128597695	loss	NA	NA	NA	NA	NA
Fvb4	33756103	33756202	100	*	1	34	0.0294117647058824	33	74	0.445945945945946	6	CHG	1	8.78324912485304e-05	gain	NA	NA	NA	NA	NA
Fvb5	404903	405002	100	*	30	41	0.731707317073171	7	24	0.291666666666667	5	CHG	-1	0.000658044907980977	loss	EVM	SO:0005836	FvH4_5g00690	1	NA
Fvb5	1510803	1510902	100	*	44	50	0.88	51	84	0.607142857142857	5	CHG	-1	0.000797745088822616	loss	EVM	SO:0005836	FvH4_5g02480	1	NA
Fvb5	1511403	1511502	100	*	24	66	0.363636363636364	0	70	0	11	CHG	-1	7.53881247788542e-07	loss	NA	NA	NA	NA	NA
Fvb5	1780603	1780702	100	*	18	43	0.418604651162791	11	80	0.1375	6	CHG	-1	0.000600108968795738	loss	NA	NA	NA	NA	NA
Fvb5	2243603	2243702	100	*	19	40	0.475	12	81	0.148148148148148	6	CHG	-1	0.000292057241492057	loss	NA	NA	NA	NA	NA
Fvb5	2310903	2311002	100	*	3	51	0.0588235294117647	32	74	0.432432432432432	6	CHG	1	4.20646156048876e-05	gain	NA	NA	NA	NA	NA
Fvb5	2621403	2621502	100	*	0	26	0	12	31	0.387096774193548	4	CHG	1	0.000550670637800043	gain	EVM	SO:0005836	FvH4_5g04480	1	NA
Fvb5	3343603	3343702	100	*	31	32	0.96875	21	33	0.636363636363636	7	CHG	-1	0.000833150313016897	loss	NA	NA	NA	NA	NA
Fvb5	3656903	3657002	100	*	38	98	0.387755102040816	53	78	0.67948717948718	9	CHG	1	0.000310390220430166	gain	NA	NA	NA	NA	NA
Fvb5	4443203	4443302	100	*	0	52	0	24	77	0.311688311688312	6	CHG	1	5.88612774267626e-05	gain	NA	NA	NA	NA	NA
Fvb5	4451703	4451802	100	*	37	64	0.578125	83	94	0.882978723404255	8	CHG	1	7.07199317907738e-05	gain	NA	NA	NA	NA	NA
Fvb5	4947503	4947602	100	*	14	32	0.4375	33	40	0.825	6	CHG	1	0.00068618903865549	gain	NA	NA	NA	NA	NA
Fvb5	6213503	6213602	100	*	0	24	0	15	40	0.375	4	CHG	1	0.000690366058565167	gain	NA	NA	NA	NA	NA
Fvb5	7204303	7204402	100	*	8	34	0.235294117647059	36	60	0.6	6	CHG	1	0.000721833929118127	gain	NA	NA	NA	NA	NA
Fvb5	7231703	7231802	100	*	16	29	0.551724137931034	50	57	0.87719298245614	5	CHG	1	0.000769595016900726	gain	NA	NA	NA	NA	NA
Fvb5	7233703	7233802	100	*	23	33	0.696969696969697	40	41	0.975609756097561	4	CHG	1	0.000833150313016897	gain	NA	NA	NA	NA	NA
Fvb5	7380303	7380402	100	*	0	49	0	15	74	0.202702702702703	4	CHG	1	0.000797745088822616	gain	NA	NA	NA	NA	NA
Fvb5	7630803	7630902	100	*	13	29	0.448275862068966	23	25	0.92	4	CHG	1	0.000460493906137352	gain	NA	NA	NA	NA	NA
Fvb5	8201303	8201402	100	*	45	91	0.494505494505495	62	78	0.794871794871795	8	CHG	1	0.000190389703513152	gain	NA	NA	NA	NA	NA
Fvb5	8459703	8459802	100	*	4	45	0.0888888888888889	12	26	0.461538461538462	5	CHG	1	0.000499651377081331	gain	EVM	SO:0005836	FvH4_5g14950	1	NA
Fvb5	9725403	9725502	100	*	25	72	0.347222222222222	73	111	0.657657657657658	18	CHG	1	0.000152793497592733	gain	NA	NA	NA	NA	NA
Fvb5	10072703	10072802	100	*	21	54	0.388888888888889	65	93	0.698924731182796	8	CHG	1	0.000446691906702655	gain	EVM	SO:0005836	FvH4_5g17591	1	NA
Fvb5	10127603	10127702	100	*	12	22	0.545454545454545	21	21	1	5	CHG	1	0.000577686128597695	gain	NA	NA	NA	NA	NA
Fvb5	10603603	10603702	100	*	26	35	0.742857142857143	50	51	0.980392156862745	6	CHG	1	0.000772320953534157	gain	NA	NA	NA	NA	NA
Fvb5	10952003	10952102	100	*	13	25	0.52	39	43	0.906976744186046	5	CHG	1	0.000494138246033145	gain	NA	NA	NA	NA	NA
Fvb5	11028303	11028402	100	*	62	72	0.861111111111111	74	118	0.627118644067797	12	CHG	-1	0.000640751544424703	loss	NA	NA	NA	NA	NA
Fvb5	11028403	11028502	100	*	43	71	0.605633802816901	27	91	0.296703296703297	10	CHG	-1	0.000249858259550578	loss	NA	NA	NA	NA	NA
Fvb5	11629403	11629502	100	*	37	81	0.45679012345679	46	60	0.766666666666667	9	CHG	1	0.000432989754637263	gain	NA	NA	NA	NA	NA
Fvb5	11720803	11720902	100	*	2	19	0.105263157894737	28	51	0.549019607843137	4	CHG	1	0.00086896556478633	gain	NA	NA	NA	NA	NA
Fvb5	12882603	12882702	100	*	14	39	0.358974358974359	29	39	0.743589743589744	5	CHG	1	0.00070388052196415	gain	EVM	SO:0005836	FvH4_5g21360	1	NA
Fvb5	12907603	12907702	100	*	41	57	0.719298245614035	71	73	0.972602739726027	13	CHG	1	0.000142643988026935	gain	EVM	SO:0005836	FvH4_5g21430	1	NA
Fvb5	13186003	13186102	100	*	30	41	0.731707317073171	21	55	0.381818181818182	6	CHG	-1	0.000733420391678522	loss	NA	NA	NA	NA	NA
Fvb5	13199803	13199902	100	*	53	122	0.434426229508197	157	240	0.654166666666667	22	CHG	1	0.000207515316847751	gain	NA	NA	NA	NA	NA
Fvb5	13282003	13282102	100	*	24	36	0.666666666666667	73	79	0.924050632911392	9	CHG	1	0.000578993640309807	gain	NA	NA	NA	NA	NA
Fvb5	13342303	13342402	100	*	42	44	0.954545454545455	87	126	0.69047619047619	9	CHG	-1	0.000578148054730042	loss	EVM	SO:0005836	FvH4_5g21970	1	NA
Fvb5	13411403	13411502	100	*	10	27	0.37037037037037	41	51	0.803921568627451	5	CHG	1	0.000318159082629357	gain	NA	NA	NA	NA	NA
Fvb5	13546303	13546402	100	*	36	55	0.654545454545455	63	69	0.91304347826087	13	CHG	1	0.000553923449415194	gain	NA	NA	NA	NA	NA
Fvb5	13770503	13770602	100	*	34	55	0.618181818181818	79	92	0.858695652173913	9	CHG	1	0.000839977339506318	gain	EVM	SO:0005836	FvH4_5g22380	1	NA
Fvb5	14056903	14057002	100	*	26	32	0.8125	6	20	0.3	5	CHG	-1	0.000432989754637263	loss	NA	NA	NA	NA	NA
Fvb5	14507303	14507402	100	*	41	67	0.611940298507463	141	151	0.933774834437086	10	CHG	1	1.36778961390859e-07	gain	NA	NA	NA	NA	NA
Fvb5	14533403	14533502	100	*	33	51	0.647058823529412	105	120	0.875	9	CHG	1	0.000661426819990048	gain	NA	NA	NA	NA	NA
Fvb5	14539603	14539702	100	*	7	92	0.0760869565217391	40	102	0.392156862745098	12	CHG	1	5.43997433960314e-06	gain	NA	NA	NA	NA	NA
Fvb5	14727003	14727102	100	*	15	36	0.416666666666667	34	43	0.790697674418605	5	CHG	1	0.000710210936316623	gain	NA	NA	NA	NA	NA
Fvb5	14781403	14781502	100	*	36	57	0.631578947368421	73	80	0.9125	6	CHG	1	0.000199896119343181	gain	NA	NA	NA	NA	NA
Fvb5	15141303	15141402	100	*	8	39	0.205128205128205	32	58	0.551724137931034	4	CHG	1	0.000730255825516306	gain	NA	NA	NA	NA	NA
Fvb5	15365903	15366002	100	*	23	39	0.58974358974359	50	54	0.925925925925926	7	CHG	1	0.000279196129657211	gain	NA	NA	NA	NA	NA
Fvb5	15511403	15511502	100	*	66	107	0.616822429906542	41	106	0.386792452830189	14	CHG	-1	0.000813091177250788	loss	NA	NA	NA	NA	NA
Fvb5	15557003	15557102	100	*	20	33	0.606060606060606	45	49	0.918367346938776	5	CHG	1	0.000697250100465122	gain	NA	NA	NA	NA	NA
Fvb5	15593803	15593902	100	*	11	19	0.578947368421053	47	49	0.959183673469388	4	CHG	1	0.000224265727585185	gain	NA	NA	NA	NA	NA
Fvb5	15656003	15656102	100	*	23	38	0.605263157894737	41	42	0.976190476190476	7	CHG	1	0.000144343468749088	gain	NA	NA	NA	NA	NA
Fvb5	15684203	15684302	100	*	12	49	0.244897959183673	36	64	0.5625	7	CHG	1	0.000755929199838211	gain	NA	NA	NA	NA	NA
Fvb5	16107903	16108002	100	*	15	61	0.245901639344262	70	133	0.526315789473684	9	CHG	1	0.000467648945715545	gain	NA	NA	NA	NA	NA
Fvb5	16131703	16131802	100	*	12	25	0.48	21	22	0.954545454545455	4	CHG	1	0.000563526245834617	gain	NA	NA	NA	NA	NA
Fvb5	17138003	17138102	100	*	13	21	0.619047619047619	33	34	0.970588235294118	4	CHG	1	0.000694264878099552	gain	NA	NA	NA	NA	NA
Fvb5	17337003	17337102	100	*	43	78	0.551282051282051	24	87	0.275862068965517	9	CHG	-1	0.000525006373476395	loss	NA	NA	NA	NA	NA
Fvb5	17595303	17595402	100	*	28	28	1	42	63	0.666666666666667	5	CHG	-1	0.000628633194768339	loss	NA	NA	NA	NA	NA
Fvb5	17750003	17750102	100	*	34	51	0.666666666666667	40	42	0.952380952380952	10	CHG	1	0.000729253687831997	gain	NA	NA	NA	NA	NA
Fvb5	17752703	17752802	100	*	101	149	0.677852348993289	95	107	0.88785046728972	14	CHG	1	0.000264552842884811	gain	NA	NA	NA	NA	NA
Fvb5	18119203	18119302	100	*	13	22	0.590909090909091	27	27	1	4	CHG	1	0.000446691906702655	gain	NA	NA	NA	NA	NA
Fvb5	18206103	18206202	100	*	14	50	0.28	49	75	0.653333333333333	8	CHG	1	0.000162668126450764	gain	EVM	SO:0005836	FvH4_5g26822	1	NA
Fvb5	18503103	18503202	100	*	25	40	0.625	73	77	0.948051948051948	8	CHG	1	5.46928383557821e-05	gain	NA	NA	NA	NA	NA
Fvb5	19180203	19180302	100	*	57	71	0.802816901408451	69	129	0.534883720930233	9	CHG	-1	0.000384051228325672	loss	NA	NA	NA	NA	NA
Fvb5	19180303	19180402	100	*	21	25	0.84	20	56	0.357142857142857	4	CHG	-1	0.000200994945452525	loss	NA	NA	NA	NA	NA
Fvb5	19451503	19451602	100	*	1	23	0.0434782608695652	19	29	0.655172413793103	5	CHG	1	5.36594254712096e-05	gain	NA	NA	NA	NA	NA
Fvb5	19467203	19467302	100	*	16	33	0.484848484848485	7	66	0.106060606060606	6	CHG	-1	0.000123600639016113	loss	NA	NA	NA	NA	NA
Fvb5	19470403	19470502	100	*	22	68	0.323529411764706	52	68	0.764705882352941	8	CHG	1	4.78552800112409e-06	gain	NA	NA	NA	NA	NA
Fvb5	20303703	20303802	100	*	5	66	0.0757575757575758	25	79	0.316455696202532	9	CHG	1	0.000553996008615434	gain	NA	NA	NA	NA	NA
Fvb5	21353203	21353302	100	*	45	63	0.714285714285714	124	134	0.925373134328358	14	CHG	1	0.000235893954037671	gain	NA	NA	NA	NA	NA
Fvb5	21631703	21631802	100	*	30	131	0.229007633587786	92	213	0.431924882629108	10	CHG	1	0.000321809606609593	gain	NA	NA	NA	NA	NA
Fvb5	21960003	21960102	100	*	26	42	0.619047619047619	45	49	0.918367346938776	6	CHG	1	0.000681735736432819	gain	NA	NA	NA	NA	NA
Fvb5	22048503	22048602	100	*	33	48	0.6875	67	71	0.943661971830986	9	CHG	1	0.0003981698146294	gain	NA	NA	NA	NA	NA
Fvb5	22279403	22279502	100	*	37	39	0.948717948717949	43	81	0.530864197530864	9	CHG	-1	4.53634923495572e-05	loss	EVM	SO:0005836	FvH4_5g31390	1	NA
Fvb5	22391603	22391702	100	*	60	120	0.5	149	208	0.716346153846154	15	CHG	1	0.000253783505737912	gain	NA	NA	NA	NA	NA
Fvb5	22877203	22877302	100	*	32	42	0.761904761904762	66	68	0.970588235294118	6	CHG	1	0.000710894945117392	gain	NA	NA	NA	NA	NA
Fvb5	23310503	23310602	100	*	49	57	0.859649122807018	60	117	0.512820512820513	8	CHG	-1	6.30986313099858e-05	loss	NA	NA	NA	NA	NA
Fvb5	23310603	23310702	100	*	80	117	0.683760683760684	72	187	0.385026737967914	17	CHG	-1	6.34692295567476e-06	loss	NA	NA	NA	NA	NA
Fvb5	23395003	23395102	100	*	39	58	0.672413793103448	84	93	0.903225806451613	9	CHG	1	0.000563526245834617	gain	EVM	SO:0005836	FvH4_5g32420	1	NA
Fvb5	23396803	23396902	100	*	34	64	0.53125	58	71	0.816901408450704	6	CHG	1	0.000557291608840928	gain	NA	NA	NA	NA	NA
Fvb5	24132903	24133002	100	*	68	90	0.755555555555556	48	95	0.505263157894737	11	CHG	-1	0.000582741876073303	loss	NA	NA	NA	NA	NA
Fvb5	24500003	24500102	100	*	16	64	0.25	44	67	0.656716417910448	6	CHG	1	2.91073893498195e-05	gain	NA	NA	NA	NA	NA
Fvb5	24503503	24503602	100	*	55	72	0.763888888888889	53	106	0.5	8	CHG	-1	0.000572357817261126	loss	NA	NA	NA	NA	NA
Fvb5	24941603	24941702	100	*	23	45	0.511111111111111	18	101	0.178217821782178	7	CHG	-1	0.000145967163761758	loss	NA	NA	NA	NA	NA
Fvb5	25015703	25015802	100	*	33	43	0.767441860465116	58	59	0.983050847457627	6	CHG	1	0.000644401398263365	gain	NA	NA	NA	NA	NA
Fvb5	25186603	25186702	100	*	58	155	0.374193548387097	22	136	0.161764705882353	14	CHG	-1	0.000184351196866818	loss	NA	NA	NA	NA	NA
Fvb5	25540303	25540402	100	*	15	32	0.46875	50	59	0.847457627118644	5	CHG	1	0.000321869536408884	gain	NA	NA	NA	NA	NA
Fvb5	25968503	25968602	100	*	12	41	0.292682926829268	47	74	0.635135135135135	6	CHG	1	0.000582555620581829	gain	EVM	SO:0005836	FvH4_5g35460	1	NA
Fvb5	26299003	26299102	100	*	17	30	0.566666666666667	34	37	0.918918918918919	4	CHG	1	0.000797745088822616	gain	NA	NA	NA	NA	NA
Fvb5	26414803	26414902	100	*	92	153	0.601307189542484	187	213	0.877934272300469	23	CHG	1	4.31782025527483e-08	gain	NA	NA	NA	NA	NA
Fvb5	26751903	26752002	100	*	35	77	0.454545454545455	13	90	0.144444444444444	12	CHG	-1	6.73569550498086e-05	loss	NA	NA	NA	NA	NA
Fvb5	27295603	27295702	100	*	50	81	0.617283950617284	49	54	0.907407407407407	8	CHG	1	0.000399854594951518	gain	NA	NA	NA	NA	NA
Fvb5	27617103	27617202	100	*	54	75	0.72	100	107	0.934579439252336	12	CHG	1	0.000241850739096557	gain	NA	NA	NA	NA	NA
Fvb5	28253703	28253802	100	*	8	19	0.421052631578947	40	46	0.869565217391304	4	CHG	1	0.0003981698146294	gain	NA	NA	NA	NA	NA
Fvb5	28495403	28495502	100	*	35	109	0.321100917431193	74	112	0.660714285714286	8	CHG	1	6.88930478256432e-06	gain	EVM	SO:0005836	FvH4_5g38540	1	NA
Fvb5	28495903	28496002	100	*	10	50	0.2	58	114	0.508771929824561	7	CHG	1	0.000433047523128204	gain	NA	NA	NA	NA	NA
Fvb5	28522103	28522202	100	*	13	36	0.361111111111111	5	61	0.0819672131147541	6	CHG	-1	0.00070388052196415	loss	EVM	SO:0005836	FvH4_5g38561	1	NA
Fvb5	29259103	29259202	100	*	11	30	0.366666666666667	0	47	0	4	CHG	-1	5.58564876219161e-05	loss	NA	NA	NA	NA	NA
Fvb6	212603	212702	100	*	15	94	0.159574468085106	48	119	0.403361344537815	8	CHG	1	0.000295124801486417	gain	NA	NA	NA	NA	NA
Fvb6	459003	459102	100	*	19	57	0.333333333333333	3	51	0.0588235294117647	6	CHG	-1	0.000572357817261126	loss	EVM	SO:0005836	FvH4_6g00770	1	NA
Fvb6	1066303	1066402	100	*	45	52	0.865384615384615	48	84	0.571428571428571	9	CHG	-1	0.000531322935267829	loss	EVM	SO:0005836	FvH4_6g01901	1	NA
Fvb6	1070703	1070802	100	*	59	85	0.694117647058824	85	185	0.459459459459459	13	CHG	-1	0.000531254986875734	loss	NA	NA	NA	NA	NA
Fvb6	1715803	1715902	100	*	25	39	0.641025641025641	120	131	0.916030534351145	9	CHG	1	0.000104759029682323	gain	EVM	SO:0005836	FvH4_6g03052	1	NA
Fvb6	2302503	2302602	100	*	27	71	0.380281690140845	138	187	0.737967914438503	12	CHG	1	2.04249267183903e-06	gain	NA	NA	NA	NA	NA
Fvb6	2951503	2951602	100	*	10	33	0.303030303030303	26	35	0.742857142857143	6	CHG	1	0.000490762456160533	gain	NA	NA	NA	NA	NA
Fvb6	3390903	3391002	100	*	54	80	0.675	87	96	0.90625	13	CHG	1	0.000318159082629357	gain	NA	NA	NA	NA	NA
Fvb6	3416503	3416602	100	*	19	71	0.267605633802817	1	74	0.0135135135135135	6	CHG	-1	6.33687159042755e-05	loss	EVM	SO:0005836	FvH4_6g05960	1	NA
Fvb6	5624203	5624302	100	*	33	55	0.6	56	60	0.933333333333333	7	CHG	1	0.00010180480791367	gain	NA	NA	NA	NA	NA
Fvb6	5626403	5626502	100	*	24	24	1	18	31	0.580645161290323	5	CHG	-1	0.000491888210135092	loss	NA	NA	NA	NA	NA
Fvb6	5765903	5766002	100	*	41	59	0.694915254237288	101	112	0.901785714285714	13	CHG	1	0.000692814614552208	gain	NA	NA	NA	NA	NA
Fvb6	5830203	5830302	100	*	37	54	0.685185185185185	83	89	0.932584269662921	7	CHG	1	0.000271451800336237	gain	NA	NA	NA	NA	NA
Fvb6	5830603	5830702	100	*	54	83	0.650602409638554	55	61	0.901639344262295	9	CHG	1	0.000639775199546428	gain	NA	NA	NA	NA	NA
Fvb6	6366703	6366802	100	*	62	96	0.645833333333333	97	109	0.889908256880734	10	CHG	1	0.000134584859267148	gain	NA	NA	NA	NA	NA
Fvb6	6804803	6804902	100	*	56	90	0.622222222222222	27	78	0.346153846153846	16	CHG	-1	0.000551806899277287	loss	NA	NA	NA	NA	NA
Fvb6	7745203	7745302	100	*	15	181	0.0828729281767956	55	175	0.314285714285714	18	CHG	1	9.88687033152657e-07	gain	NA	NA	NA	NA	NA
Fvb6	8478303	8478402	100	*	12	37	0.324324324324324	27	37	0.72972972972973	4	CHG	1	0.000611900151512798	gain	NA	NA	NA	NA	NA
Fvb6	9166503	9166602	100	*	30	58	0.517241379310345	68	84	0.80952380952381	10	CHG	1	0.000426845406617921	gain	NA	NA	NA	NA	NA
Fvb6	9243803	9243902	100	*	16	26	0.615384615384615	2	25	0.08	6	CHG	-1	0.000209503289767053	loss	EVM	SO:0005836	FvH4_6g14910	1	NA
Fvb6	9687903	9688002	100	*	10	68	0.147058823529412	38	85	0.447058823529412	6	CHG	1	0.000224018420153601	gain	NA	NA	NA	NA	NA
Fvb6	10337703	10337802	100	*	39	89	0.438202247191011	99	145	0.682758620689655	13	CHG	1	0.000433084993467738	gain	NA	NA	NA	NA	NA
Fvb6	10484103	10484202	100	*	24	57	0.421052631578947	4	71	0.0563380281690141	6	CHG	-1	1.01977194364099e-05	loss	NA	NA	NA	NA	NA
Fvb6	11201503	11201602	100	*	17	28	0.607142857142857	37	37	1	6	CHG	1	0.000133734713383746	gain	EVM	SO:0005836	FvH4_6g17250	1	NA
Fvb6	11774803	11774902	100	*	27	35	0.771428571428571	66	67	0.985074626865672	6	CHG	1	0.000509530029284338	gain	NA	NA	NA	NA	NA
Fvb6	12494303	12494402	100	*	28	70	0.4	67	95	0.705263157894737	8	CHG	1	0.000256979455384913	gain	NA	NA	NA	NA	NA
Fvb6	14919503	14919602	100	*	19	30	0.633333333333333	15	59	0.254237288135593	6	CHG	-1	0.000630588894113278	loss	NA	NA	NA	NA	NA
Fvb6	15058403	15058502	100	*	18	26	0.692307692307692	41	41	1	4	CHG	1	0.000355982727698191	gain	NA	NA	NA	NA	NA
Fvb6	15244403	15244502	100	*	20	31	0.645161290322581	33	33	1	7	CHG	1	0.000379569117695208	gain	EVM	SO:0005836	FvH4_6g21700	1	NA
Fvb6	15544403	15544502	100	*	15	42	0.357142857142857	39	54	0.722222222222222	7	CHG	1	0.000539463709500436	gain	NA	NA	NA	NA	NA
Fvb6	15697703	15697802	100	*	79	99	0.797979797979798	77	137	0.562043795620438	12	CHG	-1	0.000359502646493822	loss	EVM	SO:0005836	FvH4_6g22010	1	NA
Fvb6	15784003	15784102	100	*	41	49	0.836734693877551	56	105	0.533333333333333	8	CHG	-1	0.000490762456160533	loss	NA	NA	NA	NA	NA
Fvb6	15939203	15939302	100	*	46	62	0.741935483870968	65	139	0.467625899280576	12	CHG	-1	0.000509530029284338	loss	NA	NA	NA	NA	NA
Fvb6	16021603	16021702	100	*	22	61	0.360655737704918	54	77	0.701298701298701	12	CHG	1	0.000210465938840262	gain	NA	NA	NA	NA	NA
Fvb6	16224703	16224802	100	*	58	60	0.966666666666667	32	45	0.711111111111111	7	CHG	-1	0.000426845406617921	loss	NA	NA	NA	NA	NA
Fvb6	16508603	16508702	100	*	32	46	0.695652173913043	68	73	0.931506849315068	11	CHG	1	0.000697250100465122	gain	NA	NA	NA	NA	NA
Fvb6	16729803	16729902	100	*	29	40	0.725	81	84	0.964285714285714	6	CHG	1	0.000249936121483961	gain	NA	NA	NA	NA	NA
Fvb6	16950103	16950202	100	*	2	52	0.0384615384615385	15	44	0.340909090909091	5	CHG	1	0.000296562235171194	gain	NA	NA	NA	NA	NA
Fvb6	17135803	17135902	100	*	25	48	0.520833333333333	13	66	0.196969696969697	8	CHG	-1	0.000499372699210525	loss	NA	NA	NA	NA	NA
Fvb6	17210503	17210602	100	*	27	42	0.642857142857143	71	77	0.922077922077922	7	CHG	1	0.000321869536408884	gain	NA	NA	NA	NA	NA
Fvb6	17320503	17320602	100	*	19	33	0.575757575757576	78	89	0.876404494382023	5	CHG	1	0.000467648945715545	gain	NA	NA	NA	NA	NA
Fvb6	17411403	17411502	100	*	16	36	0.444444444444444	47	59	0.796610169491525	7	CHG	1	0.000578993640309807	gain	NA	NA	NA	NA	NA
Fvb6	17482503	17482602	100	*	7	26	0.269230769230769	25	34	0.735294117647059	4	CHG	1	0.000531322935267829	gain	NA	NA	NA	NA	NA
Fvb6	17602103	17602202	100	*	28	41	0.682926829268293	40	41	0.975609756097561	7	CHG	1	0.000578993640309807	gain	NA	NA	NA	NA	NA
Fvb6	17787603	17787702	100	*	25	39	0.641025641025641	63	68	0.926470588235294	8	CHG	1	0.000410629053795451	gain	NA	NA	NA	NA	NA
Fvb6	18213603	18213702	100	*	52	69	0.753623188405797	73	74	0.986486486486487	14	CHG	1	0.000127936871740672	gain	EVM	SO:0005836	FvH4_6g24140	1	NA
Fvb6	18487403	18487502	100	*	65	69	0.942028985507246	43	63	0.682539682539683	11	CHG	-1	0.000302899836963097	loss	NA	NA	NA	NA	NA
Fvb6	18513603	18513702	100	*	23	44	0.522727272727273	39	45	0.866666666666667	7	CHG	1	0.000577686128597695	gain	NA	NA	NA	NA	NA
Fvb6	18913003	18913102	100	*	17	23	0.739130434782609	43	43	1	4	CHG	1	0.00059340197075093	gain	NA	NA	NA	NA	NA
Fvb6	19339803	19339902	100	*	46	59	0.779661016949153	31	73	0.424657534246575	10	CHG	-1	0.000152793497592733	loss	NA	NA	NA	NA	NA
Fvb6	19381303	19381402	100	*	18	31	0.580645161290323	62	69	0.898550724637681	6	CHG	1	0.000447462288978475	gain	NA	NA	NA	NA	NA
Fvb6	19400703	19400802	100	*	52	63	0.825396825396825	85	169	0.502958579881657	14	CHG	-1	6.2738173376659e-05	loss	NA	NA	NA	NA	NA
Fvb6	19404703	19404802	100	*	26	52	0.5	15	111	0.135135135135135	11	CHG	-1	8.32740251849764e-06	loss	NA	NA	NA	NA	NA
Fvb6	19493303	19493402	100	*	35	95	0.368421052631579	75	118	0.635593220338983	14	CHG	1	0.000288357583401645	gain	NA	NA	NA	NA	NA
Fvb6	19788903	19789002	100	*	9	23	0.391304347826087	2	40	0.05	4	CHG	-1	0.000682342321406994	loss	NA	NA	NA	NA	NA
Fvb6	20883003	20883102	100	*	2	20	0.1	18	29	0.620689655172414	4	CHG	1	0.000473342818908664	gain	NA	NA	NA	NA	NA
Fvb6	20906403	20906502	100	*	10	32	0.3125	60	89	0.674157303370786	8	CHG	1	0.000561885579003782	gain	EVM	SO:0005836	FvH4_6g27250	1	NA
Fvb6	21589303	21589402	100	*	17	22	0.772727272727273	14	43	0.325581395348837	4	CHG	-1	0.00070388052196415	loss	NA	NA	NA	NA	NA
Fvb6	21651903	21652002	100	*	65	86	0.755813953488372	57	119	0.478991596638655	10	CHG	-1	0.000218139846810654	loss	NA	NA	NA	NA	NA
Fvb6	21652103	21652202	100	*	45	59	0.76271186440678	21	54	0.388888888888889	5	CHG	-1	0.000196679847617931	loss	NA	NA	NA	NA	NA
Fvb6	21922303	21922402	100	*	25	46	0.543478260869565	62	72	0.861111111111111	10	CHG	1	0.00031941431917875	gain	EVM	SO:0005836	FvH4_6g28450	1	NA
Fvb6	21999703	21999802	100	*	26	34	0.764705882352941	17	53	0.320754716981132	7	CHG	-1	0.000190068740951005	loss	NA	NA	NA	NA	NA
Fvb6	22483203	22483302	100	*	39	53	0.735849056603774	95	100	0.95	8	CHG	1	0.000320548482752057	gain	EVM	SO:0005836	FvH4_6g29150	1	NA
Fvb6	22498203	22498302	100	*	13	46	0.282608695652174	41	62	0.661290322580645	6	CHG	1	0.000279480850081399	gain	NA	NA	NA	NA	NA
Fvb6	22562903	22563002	100	*	32	67	0.477611940298507	13	67	0.194029850746269	8	CHG	-1	0.000636019354493402	loss	NA	NA	NA	NA	NA
Fvb6	23252203	23252302	100	*	67	96	0.697916666666667	71	77	0.922077922077922	10	CHG	1	0.000469705981240901	gain	NA	NA	NA	NA	NA
Fvb6	23915803	23915902	100	*	30	45	0.666666666666667	69	75	0.92	9	CHG	1	0.000572357817261126	gain	NA	NA	NA	NA	NA
Fvb6	24596303	24596402	100	*	51	52	0.980769230769231	50	67	0.746268656716418	9	CHG	-1	0.000570407537999345	loss	EVM	SO:0005836	FvH4_6g31470	1	NA
Fvb6	25031503	25031602	100	*	38	58	0.655172413793103	92	102	0.901960784313726	12	CHG	1	0.000310390220430166	gain	NA	NA	NA	NA	NA
Fvb6	25031603	25031702	100	*	41	63	0.650793650793651	64	68	0.941176470588235	15	CHG	1	0.000139468724419782	gain	NA	NA	NA	NA	NA
Fvb6	27125703	27125802	100	*	79	108	0.731481481481482	66	144	0.458333333333333	13	CHG	-1	8.73829338340796e-05	loss	EVM	SO:0005836	FvH4_6g34370	1	NA
Fvb6	27259203	27259302	100	*	15	41	0.365853658536585	63	83	0.759036144578313	4	CHG	1	0.000102191932508407	gain	NA	NA	NA	NA	NA
Fvb6	27286103	27286202	100	*	23	59	0.389830508474576	61	89	0.685393258426966	9	CHG	1	0.000561885579003782	gain	NA	NA	NA	NA	NA
Fvb6	27414303	27414402	100	*	24	75	0.32	45	72	0.625	7	CHG	1	0.000426845406617921	gain	NA	NA	NA	NA	NA
Fvb6	27997803	27997902	100	*	8	36	0.222222222222222	35	56	0.625	4	CHG	1	0.000359502646493822	gain	NA	NA	NA	NA	NA
Fvb6	28060303	28060402	100	*	3	26	0.115384615384615	25	45	0.555555555555556	4	CHG	1	0.000467648945715545	gain	NA	NA	NA	NA	NA
Fvb6	28301803	28301902	100	*	41	51	0.803921568627451	20	52	0.384615384615385	6	CHG	-1	8.78324912485304e-05	loss	NA	NA	NA	NA	NA
Fvb6	28431303	28431402	100	*	78	85	0.917647058823529	90	132	0.681818181818182	10	CHG	-1	0.000181310393750444	loss	NA	NA	NA	NA	NA
Fvb6	28523803	28523902	100	*	50	76	0.657894736842105	184	205	0.897560975609756	18	CHG	1	1.95311825506412e-05	gain	NA	NA	NA	NA	NA
Fvb6	29332003	29332102	100	*	25	63	0.396825396825397	6	63	0.0952380952380952	13	CHG	-1	0.000249951539150095	loss	NA	NA	NA	NA	NA
Fvb6	29617903	29618002	100	*	62	62	1	46	59	0.779661016949153	8	CHG	-1	0.000264552842884811	loss	NA	NA	NA	NA	NA
Fvb6	30384603	30384702	100	*	10	40	0.25	37	62	0.596774193548387	6	CHG	1	0.000688696727425297	gain	NA	NA	NA	NA	NA
Fvb6	30403003	30403102	100	*	11	38	0.289473684210526	53	85	0.623529411764706	6	CHG	1	0.000692814614552208	gain	NA	NA	NA	NA	NA
Fvb6	30769803	30769902	100	*	20	77	0.25974025974026	3	86	0.0348837209302326	7	CHG	-1	0.000152100902916987	loss	NA	NA	NA	NA	NA
Fvb6	31026703	31026802	100	*	38	62	0.612903225806452	21	69	0.304347826086957	13	CHG	-1	0.000570407537999345	loss	NA	NA	NA	NA	NA
Fvb6	31076303	31076402	100	*	3	48	0.0625	18	41	0.439024390243902	6	CHG	1	0.000136968662089313	gain	NA	NA	NA	NA	NA
Fvb6	31301103	31301202	100	*	5	50	0.1	31	81	0.382716049382716	6	CHG	1	0.000578993640309807	gain	EVM	SO:0005836	FvH4_6g39660	1	NA
Fvb6	31614703	31614802	100	*	29	50	0.58	60	70	0.857142857142857	6	CHG	1	0.000698722619613238	gain	NA	NA	NA	NA	NA
Fvb6	31786003	31786102	100	*	0	39	0	19	75	0.253333333333333	5	CHG	1	0.000675559480425898	gain	NA	NA	NA	NA	NA
Fvb6	32306503	32306602	100	*	2	70	0.0285714285714286	37	111	0.333333333333333	6	CHG	1	1.46012039103196e-05	gain	EVM	SO:0005836	FvH4_6g40880	1	NA
Fvb6	33444903	33445002	100	*	28	96	0.291666666666667	93	181	0.513812154696133	6	CHG	1	0.000566343185326177	gain	NA	NA	NA	NA	NA
Fvb6	33503003	33503102	100	*	46	64	0.71875	91	97	0.938144329896907	13	CHG	1	0.000319073572418495	gain	NA	NA	NA	NA	NA
Fvb6	33672103	33672202	100	*	3	71	0.0422535211267606	37	93	0.397849462365591	10	CHG	1	3.13967673125234e-06	gain	NA	NA	NA	NA	NA
Fvb6	35331703	35331802	100	*	64	121	0.528925619834711	162	214	0.757009345794392	17	CHG	1	0.00010180480791367	gain	NA	NA	NA	NA	NA
Fvb6	35789503	35789602	100	*	7	75	0.0933333333333333	30	84	0.357142857142857	6	CHG	1	0.000249951539150095	gain	EVM	SO:0005836	FvH4_6g47090	1	NA
Fvb6	35838703	35838802	100	*	28	63	0.444444444444444	4	38	0.105263157894737	6	CHG	-1	0.000563526245834617	loss	NA	NA	NA	NA	NA
Fvb6	36206203	36206302	100	*	59	64	0.921875	42	62	0.67741935483871	6	CHG	-1	0.000681218665238756	loss	NA	NA	NA	NA	NA
Fvb6	36974803	36974902	100	*	8	82	0.0975609756097561	20	60	0.333333333333333	6	CHG	1	0.000619390669718364	gain	NA	NA	NA	NA	NA
Fvb6	37822103	37822202	100	*	30	114	0.263157894736842	51	88	0.579545454545455	10	CHG	1	4.53634923495572e-05	gain	EVM	SO:0005836	FvH4_6g50920	1	NA
Fvb7	1615002	1615101	100	*	33	65	0.507692307692308	94	125	0.752	13	CHG	1	0.000740972859703579	gain	NA	NA	NA	NA	NA
Fvb7	1655702	1655801	100	*	39	76	0.513157894736842	30	122	0.245901639344262	13	CHG	-1	0.000315274712434665	loss	NA	NA	NA	NA	NA
Fvb7	2214402	2214501	100	*	12	27	0.444444444444444	41	47	0.872340425531915	5	CHG	1	0.000249951539150095	gain	NA	NA	NA	NA	NA
Fvb7	3028502	3028601	100	*	22	59	0.372881355932203	70	108	0.648148148148148	8	CHG	1	0.000700177924477361	gain	NA	NA	NA	NA	NA
Fvb7	3028602	3028701	100	*	16	43	0.372093023255814	51	72	0.708333333333333	6	CHG	1	0.000572357817261126	gain	NA	NA	NA	NA	NA
Fvb7	3088202	3088301	100	*	11	24	0.458333333333333	36	41	0.878048780487805	5	CHG	1	0.000469705981240901	gain	NA	NA	NA	NA	NA
Fvb7	3491202	3491301	100	*	15	24	0.625	49	52	0.942307692307692	4	CHG	1	0.000577686128597695	gain	NA	NA	NA	NA	NA
Fvb7	3944002	3944101	100	*	42	46	0.91304347826087	45	71	0.633802816901408	9	CHG	-1	0.000767746615018623	loss	NA	NA	NA	NA	NA
Fvb7	4209302	4209401	100	*	26	49	0.530612244897959	46	54	0.851851851851852	5	CHG	1	0.000563526245834617	gain	EVM	SO:0005836	FvH4_7g03690	1	NA
Fvb7	4735302	4735401	100	*	33	46	0.717391304347826	83	89	0.932584269662921	6	CHG	1	0.000716459809335352	gain	NA	NA	NA	NA	NA
Fvb7	4765602	4765701	100	*	7	18	0.388888888888889	0	27	0	4	CHG	-1	0.000577686128597695	loss	NA	NA	NA	NA	NA
Fvb7	5175802	5175901	100	*	10	26	0.384615384615385	22	26	0.846153846153846	6	CHG	1	0.000697250100465122	gain	NA	NA	NA	NA	NA
Fvb7	5711502	5711601	100	*	1	60	0.0166666666666667	13	57	0.228070175438596	10	CHG	1	0.000578993640309807	gain	NA	NA	NA	NA	NA
Fvb7	5747302	5747401	100	*	11	34	0.323529411764706	26	36	0.722222222222222	4	CHG	1	0.000859350915879002	gain	NA	NA	NA	NA	NA
Fvb7	5747402	5747501	100	*	21	40	0.525	38	44	0.863636363636364	6	CHG	1	0.000745301833257212	gain	NA	NA	NA	NA	NA
Fvb7	5767802	5767901	100	*	108	161	0.670807453416149	102	231	0.441558441558442	12	CHG	-1	5.60300319527873e-05	loss	NA	NA	NA	NA	NA
Fvb7	5767902	5768001	100	*	39	51	0.764705882352941	43	97	0.443298969072165	4	CHG	-1	0.0003981698146294	loss	NA	NA	NA	NA	NA
Fvb7	5819002	5819101	100	*	47	92	0.510869565217391	87	110	0.790909090909091	13	CHG	1	0.000127936871740672	gain	NA	NA	NA	NA	NA
Fvb7	5820102	5820201	100	*	19	30	0.633333333333333	69	76	0.907894736842105	6	CHG	1	0.000743289756992436	gain	NA	NA	NA	NA	NA
Fvb7	5948802	5948901	100	*	14	74	0.189189189189189	43	92	0.467391304347826	6	CHG	1	0.000386800900354316	gain	NA	NA	NA	NA	NA
Fvb7	6026302	6026401	100	*	11	35	0.314285714285714	53	73	0.726027397260274	5	CHG	1	0.000169989837256759	gain	NA	NA	NA	NA	NA
Fvb7	6265802	6265901	100	*	41	43	0.953488372093023	47	69	0.681159420289855	10	CHG	-1	0.00070388052196415	loss	NA	NA	NA	NA	NA
Fvb7	6283302	6283401	100	*	31	45	0.688888888888889	52	53	0.981132075471698	10	CHG	1	0.000207515316847751	gain	NA	NA	NA	NA	NA
Fvb7	6287502	6287601	100	*	34	41	0.829268292682927	29	60	0.483333333333333	6	CHG	-1	0.00057824120479543	loss	NA	NA	NA	NA	NA
Fvb7	6860802	6860901	100	*	36	66	0.545454545454545	98	119	0.823529411764706	14	CHG	1	0.000181310393750444	gain	NA	NA	NA	NA	NA
Fvb7	6882002	6882101	100	*	12	53	0.226415094339623	0	91	0	10	CHG	-1	2.31635081393767e-05	loss	EVM	SO:0005836	FvH4_7g06880	1	NA
Fvb7	7188702	7188801	100	*	30	35	0.857142857142857	16	41	0.390243902439024	6	CHG	-1	0.000142640845562991	loss	NA	NA	NA	NA	NA
Fvb7	7591202	7591301	100	*	22	28	0.785714285714286	55	55	1	6	CHG	1	0.000553923449415194	gain	NA	NA	NA	NA	NA
Fvb7	7605902	7606001	100	*	51	86	0.593023255813954	52	61	0.852459016393443	15	CHG	1	0.000756134665111954	gain	NA	NA	NA	NA	NA
Fvb7	8756902	8757001	100	*	20	47	0.425531914893617	120	165	0.727272727272727	11	CHG	1	0.00030836363102785	gain	NA	NA	NA	NA	NA
Fvb7	8876702	8876801	100	*	17	26	0.653846153846154	11	44	0.25	5	CHG	-1	0.00087695222293739	loss	NA	NA	NA	NA	NA
Fvb7	9051002	9051101	100	*	56	95	0.589473684210526	80	91	0.879120879120879	21	CHG	1	5.99352316384253e-05	gain	NA	NA	NA	NA	NA
Fvb7	9608102	9608201	100	*	26	61	0.426229508196721	20	113	0.176991150442478	12	CHG	-1	0.000557291608840928	loss	NA	NA	NA	NA	NA
Fvb7	9628002	9628101	100	*	5	37	0.135135135135135	34	68	0.5	7	CHG	1	0.000432989754637263	gain	EVM	SO:0005836	FvH4_7g10191	1	NA
Fvb7	9840302	9840401	100	*	27	57	0.473684210526316	5	51	0.0980392156862745	8	CHG	-1	0.00010180480791367	loss	NA	NA	NA	NA	NA
Fvb7	10310002	10310101	100	*	23	38	0.605263157894737	75	86	0.872093023255814	8	CHG	1	0.000795061823652243	gain	NA	NA	NA	NA	NA
Fvb7	10545202	10545301	100	*	48	67	0.716417910447761	74	80	0.925	7	CHG	1	0.000825745475527385	gain	NA	NA	NA	NA	NA
Fvb7	10546602	10546701	100	*	25	48	0.520833333333333	55	67	0.82089552238806	12	CHG	1	0.000670332089123643	gain	NA	NA	NA	NA	NA
Fvb7	10585002	10585101	100	*	26	70	0.371428571428571	17	122	0.139344262295082	12	CHG	-1	0.000416581906020251	loss	NA	NA	NA	NA	NA
Fvb7	10889902	10890001	100	*	23	72	0.319444444444444	58	100	0.58	8	CHG	1	0.000769595016900726	gain	NA	NA	NA	NA	NA
Fvb7	10946102	10946201	100	*	25	42	0.595238095238095	45	50	0.9	5	CHG	1	0.000706104049208878	gain	NA	NA	NA	NA	NA
Fvb7	11330102	11330201	100	*	27	53	0.509433962264151	39	46	0.847826086956522	11	CHG	1	0.000553996008615434	gain	EVM	SO:0005836	FvH4_7g12520	1	NA
Fvb7	11477202	11477301	100	*	60	61	0.983606557377049	55	72	0.763888888888889	6	CHG	-1	0.000433786898924243	loss	NA	NA	NA	NA	NA
Fvb7	11647502	11647601	100	*	43	72	0.597222222222222	89	106	0.839622641509434	10	CHG	1	0.000494655512451267	gain	NA	NA	NA	NA	NA
Fvb7	11771502	11771601	100	*	19	36	0.527777777777778	2	28	0.0714285714285714	4	CHG	-1	0.00030627137480563	loss	NA	NA	NA	NA	NA
Fvb7	11869602	11869701	100	*	10	22	0.454545454545455	45	53	0.849056603773585	4	CHG	1	0.000583759184222923	gain	NA	NA	NA	NA	NA
Fvb7	12513502	12513601	100	*	18	35	0.514285714285714	52	61	0.852459016393443	6	CHG	1	0.000531254986875734	gain	NA	NA	NA	NA	NA
Fvb7	12529102	12529201	100	*	5	22	0.227272727272727	26	32	0.8125	4	CHG	1	0.00010180480791367	gain	EVM	SO:0005836	FvH4_7g14120	1	NA
Fvb7	12533302	12533401	100	*	51	84	0.607142857142857	98	120	0.816666666666667	8	CHG	1	0.000913968781134287	gain	NA	NA	NA	NA	NA
Fvb7	13760702	13760801	100	*	34	52	0.653846153846154	106	119	0.890756302521008	13	CHG	1	0.000430645774799533	gain	NA	NA	NA	NA	NA
Fvb7	13854402	13854501	100	*	39	51	0.764705882352941	57	58	0.982758620689655	9	CHG	1	0.000597489945518577	gain	EVM	SO:0005836	FvH4_7g16110	1	NA
Fvb7	13946002	13946101	100	*	22	40	0.55	86	101	0.851485148514851	9	CHG	1	0.000327445945057053	gain	NA	NA	NA	NA	NA
Fvb7	14091802	14091901	100	*	21	30	0.7	34	34	1	5	CHG	1	0.000672392787453747	gain	EVM	SO:0005836	FvH4_7g16440	1	NA
Fvb7	15106502	15106601	100	*	16	48	0.333333333333333	8	126	0.0634920634920635	6	CHG	-1	3.5827637338503e-05	loss	NA	NA	NA	NA	NA
Fvb7	16134402	16134501	100	*	41	60	0.683333333333333	49	120	0.408333333333333	8	CHG	-1	0.000630588894113278	loss	NA	NA	NA	NA	NA
Fvb7	17356402	17356501	100	*	2	74	0.027027027027027	32	117	0.273504273504274	9	CHG	1	8.78170243784995e-05	gain	NA	NA	NA	NA	NA
Fvb7	18367702	18367801	100	*	10	47	0.212765957446809	48	81	0.592592592592593	8	CHG	1	0.000139654354466494	gain	EVM	SO:0005836	FvH4_7g23590	1	NA
Fvb7	19363202	19363301	100	*	42	66	0.636363636363636	17	98	0.173469387755102	10	CHG	-1	6.43831057142229e-08	loss	NA	NA	NA	NA	NA
Fvb7	19363302	19363401	100	*	36	58	0.620689655172414	9	87	0.103448275862069	8	CHG	-1	2.4624974766785e-09	loss	NA	NA	NA	NA	NA
Fvb7	20628102	20628201	100	*	8	108	0.0740740740740741	34	112	0.303571428571429	11	CHG	1	8.78324912485304e-05	gain	NA	NA	NA	NA	NA
Fvb7	20646202	20646301	100	*	6	45	0.133333333333333	26	58	0.448275862068966	11	CHG	1	0.000693478922519757	gain	EVM	SO:0005836	FvH4_7g27672	1	NA
Fvb7	21246202	21246301	100	*	19	29	0.655172413793103	50	52	0.961538461538462	5	CHG	1	0.000407868382125606	gain	NA	NA	NA	NA	NA
Fvb7	21422602	21422701	100	*	37	54	0.685185185185185	66	72	0.916666666666667	7	CHG	1	0.000887625997865067	gain	EVM	SO:0005836	FvH4_7g29000	1	NA
Fvb7	21454402	21454501	100	*	35	36	0.972222222222222	37	54	0.685185185185185	6	CHG	-1	0.00087153859561073	loss	EVM	SO:0005836	FvH4_7g29023	1	NA
Fvb7	21492602	21492701	100	*	3	28	0.107142857142857	24	50	0.48	4	CHG	1	0.000910733748103248	gain	NA	NA	NA	NA	NA
Fvb7	21911402	21911501	100	*	23	31	0.741935483870968	108	114	0.947368421052632	7	CHG	1	0.00068317822090665	gain	NA	NA	NA	NA	NA
Fvb7	22098702	22098801	100	*	34	83	0.409638554216867	15	85	0.176470588235294	7	CHG	-1	0.000899302957048591	loss	NA	NA	NA	NA	NA
Fvb7	22203902	22204001	100	*	12	32	0.375	35	46	0.760869565217391	5	CHG	1	0.000693478922519757	gain	NA	NA	NA	NA	NA
Fvb7	22624702	22624801	100	*	19	28	0.678571428571429	50	52	0.961538461538462	4	CHG	1	0.000597489945518577	gain	NA	NA	NA	NA	NA
Fvb7	22625902	22626001	100	*	41	60	0.683333333333333	92	102	0.901960784313726	9	CHG	1	0.000597489945518577	gain	NA	NA	NA	NA	NA
Fvb7	22741302	22741401	100	*	27	46	0.58695652173913	57	65	0.876923076923077	8	CHG	1	0.000597489945518577	gain	EVM	SO:0005836	FvH4_7g31480	1	NA
