seqnames	start	end	width	strand	sumReadsM1	sumReadsN1	proportion1	sumReadsM2	sumReadsN2	proportion2	cytosinesCount	context	direction	pValue	regionType	source	type	tss	score	phase
contig_10	4404	4503	100	*	1	22	0.0454545454545455	26	77	0.337662337662338	4	CHG	1	0.00664659846813848	gain	NA	NA	NA	NA	NA
contig_12	21401	21500	100	*	24	295	0.0813559322033898	166	560	0.296428571428571	25	CHG	1	2.5663140306896e-11	gain	NA	NA	NA	NA	NA
contig_17	8606	8705	100	*	45	62	0.725806451612903	55	111	0.495495495495495	8	CHG	-1	0.00327361891819968	loss	NA	NA	NA	NA	NA
contig_17	40106	40205	100	*	5	61	0.0819672131147541	17	56	0.303571428571429	6	CHG	1	0.00219018142886145	gain	NA	NA	NA	NA	NA
contig_17	41806	41905	100	*	0	33	0	13	45	0.288888888888889	4	CHG	1	0.000732849599122657	gain	EVM	SO:0001952	FvH4_c17g00080	1	NA
contig_17	45106	45205	100	*	64	78	0.82051282051282	70	119	0.588235294117647	8	CHG	-1	0.000656743811703928	loss	NA	NA	NA	NA	NA
contig_17	51706	51805	100	*	7	93	0.0752688172043011	54	169	0.319526627218935	10	CHG	1	4.40069234407904e-05	gain	NA	NA	NA	NA	NA
contig_17	57406	57505	100	*	50	113	0.442477876106195	50	244	0.204918032786885	17	CHG	-1	2.50896904246235e-05	loss	NA	NA	NA	NA	NA
contig_17	68006	68105	100	*	20	68	0.294117647058824	6	87	0.0689655172413793	8	CHG	-1	0.000330534206693016	loss	NA	NA	NA	NA	NA
contig_2	21203	21302	100	*	25	75	0.333333333333333	84	150	0.56	12	CHG	1	0.00134874609346145	gain	NA	NA	NA	NA	NA
contig_2	44703	44802	100	*	8	94	0.0851063829787234	27	94	0.287234042553192	7	CHG	1	0.000457955652001491	gain	NA	NA	NA	NA	NA
contig_2	47703	47802	100	*	61	116	0.525862068965517	33	133	0.24812030075188	14	CHG	-1	3.92642981727502e-05	loss	EVM	SO:0001952	FvH4_c2g00053	1	NA
contig_20	4502	4601	100	*	88	977	0.09007164790174	752	2354	0.31945624468989	25	CHG	1	1.14262444563799e-41	gain	NA	NA	NA	NA	NA
contig_20	4602	4701	100	*	33	187	0.176470588235294	430	815	0.52760736196319	27	CHG	1	2.82567403490016e-16	gain	NA	NA	NA	NA	NA
contig_20	4702	4801	100	*	84	336	0.25	653	1427	0.45760336370007	25	CHG	1	1.38731287427434e-10	gain	NA	NA	NA	NA	NA
contig_20	4902	5001	100	*	102	471	0.21656050955414	579	1240	0.466935483870968	24	CHG	1	3.27279558379196e-19	gain	NA	NA	NA	NA	NA
contig_21	24504	24603	100	*	12	56	0.214285714285714	41	83	0.493975903614458	10	CHG	1	0.000875242149084675	gain	NA	NA	NA	NA	NA
contig_21	48704	48803	100	*	1	41	0.024390243902439	20	66	0.303030303030303	8	CHG	1	0.000496124611185255	gain	NA	NA	NA	NA	NA
contig_22	12402	12501	100	*	25	154	0.162337662337662	184	412	0.446601941747573	24	CHG	1	1.32011555326258e-08	gain	NA	NA	NA	NA	NA
contig_22	20602	20701	100	*	76	469	0.162046908315565	399	1008	0.395833333333333	23	CHG	1	2.89005824882636e-17	gain	NA	NA	NA	NA	NA
contig_22	20702	20801	100	*	21	167	0.125748502994012	221	484	0.456611570247934	20	CHG	1	1.07186500301138e-12	gain	NA	NA	NA	NA	NA
contig_4	11002	11101	100	*	18	31	0.580645161290323	14	55	0.254545454545455	4	CHG	-1	0.00267304246305175	loss	NA	NA	NA	NA	NA
contig_4	14102	14201	100	*	48	101	0.475247524752475	31	129	0.24031007751938	8	CHG	-1	0.000330534206693016	loss	NA	NA	NA	NA	NA
contig_7	37001	37100	100	*	11	60	0.183333333333333	54	114	0.473684210526316	6	CHG	1	0.000305539271618665	gain	NA	NA	NA	NA	NA
contig_9	20803	20902	100	*	27	134	0.201492537313433	82	175	0.468571428571429	23	CHG	1	1.08502464222982e-05	gain	NA	NA	NA	NA	NA
contig_9	21303	21402	100	*	227	1681	0.135038667459845	1196	3378	0.354055654233274	23	CHG	1	2.42746686512144e-57	gain	NA	NA	NA	NA	NA
contig_9	21403	21502	100	*	137	1243	0.110217216411907	842	2316	0.363557858376511	23	CHG	1	3.26569975289906e-56	gain	NA	NA	NA	NA	NA
contig_9	21503	21602	100	*	24	105	0.228571428571429	361	544	0.663602941176471	24	CHG	1	5.67548945589718e-15	gain	NA	NA	NA	NA	NA
contig_9	31903	32002	100	*	29	293	0.0989761092150171	308	876	0.351598173515982	24	CHG	1	7.3499019422015e-15	gain	NA	NA	NA	NA	NA
contig_9	42503	42602	100	*	296	1642	0.18026796589525	1233	3203	0.384951607867624	27	CHG	1	1.76067124479796e-45	gain	NA	NA	NA	NA	NA
contig_9	43203	43302	100	*	55	354	0.155367231638418	416	860	0.483720930232558	21	CHG	1	1.57534154388799e-24	gain	NA	NA	NA	NA	NA
contig_9	43303	43402	100	*	270	1524	0.177165354330709	1323	3017	0.438515081206497	23	CHG	1	3.53030448347015e-65	gain	NA	NA	NA	NA	NA
Fvb1	268103	268202	100	*	6	28	0.214285714285714	25	34	0.735294117647059	6	CHG	1	0.000132107986535135	gain	EVM	SO:0001952	FvH4_1g00492	1	NA
Fvb1	710503	710602	100	*	27	40	0.675	11	49	0.224489795918367	10	CHG	-1	8.27400586934035e-05	loss	NA	NA	NA	NA	NA
Fvb1	1200603	1200702	100	*	0	96	0	44	177	0.248587570621469	16	CHG	1	1.62998466145275e-06	gain	NA	NA	NA	NA	NA
Fvb1	1691703	1691802	100	*	21	32	0.65625	61	64	0.953125	7	CHG	1	0.000229856058234778	gain	EVM	SO:0001952	FvH4_1g02993	1	NA
Fvb1	2588203	2588302	100	*	16	29	0.551724137931034	30	32	0.9375	7	CHG	1	0.000538167882109845	gain	NA	NA	NA	NA	NA
Fvb1	3055903	3056002	100	*	16	32	0.5	52	54	0.962962962962963	8	CHG	1	4.43161747539867e-06	gain	NA	NA	NA	NA	NA
Fvb1	3066403	3066502	100	*	65	110	0.590909090909091	130	152	0.855263157894737	13	CHG	1	1.23607367592184e-05	gain	NA	NA	NA	NA	NA
Fvb1	3066603	3066702	100	*	32	61	0.524590163934426	119	150	0.793333333333333	11	CHG	1	0.000212466344795289	gain	NA	NA	NA	NA	NA
Fvb1	3068503	3068602	100	*	69	75	0.92	79	114	0.692982456140351	13	CHG	-1	0.000340058007754044	loss	NA	NA	NA	NA	NA
Fvb1	3070403	3070502	100	*	26	48	0.541666666666667	110	126	0.873015873015873	9	CHG	1	1.91878560902552e-05	gain	NA	NA	NA	NA	NA
Fvb1	3071903	3072002	100	*	20	36	0.555555555555556	74	86	0.86046511627907	9	CHG	1	0.000382211941840292	gain	NA	NA	NA	NA	NA
Fvb1	3709503	3709602	100	*	3	56	0.0535714285714286	15	50	0.3	10	CHG	1	0.000751800693285277	gain	EVM	SO:0001952	FvH4_1g07040	1	NA
Fvb1	3709603	3709702	100	*	7	97	0.0721649484536082	44	101	0.435643564356436	19	CHG	1	1.21381548604179e-07	gain	EVM	SO:0001952	FvH4_1g07040	1	NA
Fvb1	3900403	3900502	100	*	64	81	0.790123456790123	36	68	0.529411764705882	11	CHG	-1	0.000750651485480894	loss	NA	NA	NA	NA	NA
Fvb1	4128103	4128202	100	*	75	82	0.914634146341463	67	95	0.705263157894737	18	CHG	-1	0.000547630718685021	loss	NA	NA	NA	NA	NA
Fvb1	4355003	4355102	100	*	6	21	0.285714285714286	38	53	0.716981132075472	4	CHG	1	0.000679806510404623	gain	EVM	SO:0001952	FvH4_1g08223	1	NA
Fvb1	5222703	5222802	100	*	14	33	0.424242424242424	70	76	0.921052631578947	7	CHG	1	3.1530461150246e-07	gain	NA	NA	NA	NA	NA
Fvb1	5232503	5232602	100	*	10	32	0.3125	33	43	0.767441860465116	7	CHG	1	0.00020176639967685	gain	NA	NA	NA	NA	NA
Fvb1	5253303	5253402	100	*	17	68	0.25	20	33	0.606060606060606	8	CHG	1	0.000552057815211596	gain	EVM	SO:0001952	FvH4_1g09712	1	NA
Fvb1	5256303	5256402	100	*	18	46	0.391304347826087	62	78	0.794871794871795	8	CHG	1	3.61135508704049e-05	gain	NA	NA	NA	NA	NA
Fvb1	5264603	5264702	100	*	33	61	0.540983606557377	69	86	0.802325581395349	10	CHG	1	0.0007202736384952	gain	EVM	SO:0001952	FvH4_1g09715	1	NA
Fvb1	5264703	5264802	100	*	34	79	0.430379746835443	46	59	0.779661016949153	8	CHG	1	0.0001240569768109	gain	EVM	SO:0001952	FvH4_1g09715	1	NA
Fvb1	5267203	5267302	100	*	28	57	0.491228070175439	54	68	0.794117647058823	8	CHG	1	0.000470553525335516	gain	NA	NA	NA	NA	NA
Fvb1	5722003	5722102	100	*	52	59	0.88135593220339	35	58	0.603448275862069	6	CHG	-1	0.000613590964600823	loss	NA	NA	NA	NA	NA
Fvb1	6721403	6721502	100	*	32	44	0.727272727272727	57	59	0.966101694915254	9	CHG	1	0.000534673361756857	gain	NA	NA	NA	NA	NA
Fvb1	6785003	6785102	100	*	60	62	0.967741935483871	41	56	0.732142857142857	14	CHG	-1	0.000391845758724717	loss	NA	NA	NA	NA	NA
Fvb1	6917003	6917102	100	*	60	97	0.618556701030928	154	176	0.875	18	CHG	1	8.71016605665202e-06	gain	NA	NA	NA	NA	NA
Fvb1	7596103	7596202	100	*	17	96	0.177083333333333	76	196	0.387755102040816	14	CHG	1	0.000400503858939103	gain	EVM	SO:0001952	FvH4_1g13790	1	NA
Fvb1	7702703	7702802	100	*	43	56	0.767857142857143	66	67	0.985074626865672	14	CHG	1	0.000297544419918996	gain	NA	NA	NA	NA	NA
Fvb1	7730403	7730502	100	*	9	20	0.45	24	25	0.96	4	CHG	1	0.00025325832461558	gain	NA	NA	NA	NA	NA
Fvb1	8078703	8078802	100	*	29	70	0.414285714285714	20	109	0.18348623853211	12	CHG	-1	0.000738124027264288	loss	NA	NA	NA	NA	NA
Fvb1	8511003	8511102	100	*	62	69	0.898550724637681	76	121	0.628099173553719	12	CHG	-1	0.000160861383898578	loss	NA	NA	NA	NA	NA
Fvb1	11354903	11355002	100	*	21	22	0.954545454545455	14	29	0.482758620689655	4	CHG	-1	0.000431759910191615	loss	NA	NA	NA	NA	NA
Fvb1	11423803	11423902	100	*	5	30	0.166666666666667	14	20	0.7	5	CHG	1	0.000277668076182265	gain	NA	NA	NA	NA	NA
Fvb1	11446403	11446502	100	*	10	20	0.5	26	27	0.962962962962963	4	CHG	1	0.000338648246610516	gain	EVM	SO:0001952	FvH4_1g19241	1	NA
Fvb1	11463503	11463602	100	*	24	76	0.315789473684211	11	140	0.0785714285714286	15	CHG	-1	3.84285378452199e-05	loss	NA	NA	NA	NA	NA
Fvb1	11633103	11633202	100	*	57	60	0.95	50	79	0.632911392405063	13	CHG	-1	5.68333294445782e-05	loss	NA	NA	NA	NA	NA
Fvb1	11674303	11674402	100	*	48	64	0.75	91	95	0.957894736842105	15	CHG	1	0.000234523414516209	gain	NA	NA	NA	NA	NA
Fvb1	12138603	12138702	100	*	18	26	0.692307692307692	50	51	0.980392156862745	6	CHG	1	0.000330534206693016	gain	NA	NA	NA	NA	NA
Fvb1	12284403	12284502	100	*	83	102	0.813725490196078	54	104	0.519230769230769	18	CHG	-1	4.40069234407904e-05	loss	NA	NA	NA	NA	NA
Fvb1	12557103	12557202	100	*	31	52	0.596153846153846	67	74	0.905405405405405	11	CHG	1	0.000124123488017235	gain	NA	NA	NA	NA	NA
Fvb1	12592803	12592902	100	*	29	78	0.371794871794872	13	97	0.134020618556701	12	CHG	-1	0.000375598782860122	loss	NA	NA	NA	NA	NA
Fvb1	12669903	12670002	100	*	33	48	0.6875	64	67	0.955223880597015	8	CHG	1	0.000226969988459305	gain	NA	NA	NA	NA	NA
Fvb1	12779503	12779602	100	*	17	64	0.265625	2	81	0.0246913580246914	10	CHG	-1	8.27400586934035e-05	loss	NA	NA	NA	NA	NA
Fvb1	13347003	13347102	100	*	60	79	0.759493670886076	49	49	1	11	CHG	1	0.000330534206693016	gain	NA	NA	NA	NA	NA
Fvb1	13483003	13483102	100	*	8	18	0.444444444444444	22	24	0.916666666666667	4	CHG	1	0.000808162825180758	gain	NA	NA	NA	NA	NA
Fvb1	13796003	13796102	100	*	42	65	0.646153846153846	75	84	0.892857142857143	12	CHG	1	0.000395145062682341	gain	NA	NA	NA	NA	NA
Fvb1	14057903	14058002	100	*	13	70	0.185714285714286	56	116	0.482758620689655	12	CHG	1	0.000141775915554933	gain	NA	NA	NA	NA	NA
Fvb1	14349103	14349202	100	*	7	58	0.120689655172414	29	67	0.432835820895522	8	CHG	1	0.00025325832461558	gain	NA	NA	NA	NA	NA
Fvb1	14505903	14506002	100	*	26	36	0.722222222222222	58	60	0.966666666666667	8	CHG	1	0.000523623796310246	gain	NA	NA	NA	NA	NA
Fvb1	14894903	14895002	100	*	32	61	0.524590163934426	13	58	0.224137931034483	9	CHG	-1	0.000740116057284923	loss	EVM	SO:0001952	FvH4_1g23040	1	NA
Fvb1	15064803	15064902	100	*	21	37	0.567567567567568	33	36	0.916666666666667	8	CHG	1	0.000694964486962787	gain	NA	NA	NA	NA	NA
Fvb1	15445503	15445602	100	*	29	46	0.630434782608696	50	52	0.961538461538462	11	CHG	1	0.000115762940322384	gain	NA	NA	NA	NA	NA
Fvb1	15487003	15487102	100	*	32	54	0.592592592592593	44	48	0.916666666666667	10	CHG	1	0.000310741908612461	gain	NA	NA	NA	NA	NA
Fvb1	15682503	15682602	100	*	20	21	0.952380952380952	20	38	0.526315789473684	5	CHG	-1	0.000806325315313314	loss	EVM	SO:0001952	FvH4_1g23803	1	NA
Fvb1	16104103	16104202	100	*	62	85	0.729411764705882	129	138	0.934782608695652	10	CHG	1	8.70120641518527e-05	gain	EVM	SO:0001952	FvH4_1g24222	1	NA
Fvb1	16237803	16237902	100	*	40	52	0.769230769230769	74	76	0.973684210526316	12	CHG	1	0.000391755223218937	gain	NA	NA	NA	NA	NA
Fvb1	16583103	16583202	100	*	14	39	0.358974358974359	48	69	0.695652173913043	7	CHG	1	0.000694964486962787	gain	NA	NA	NA	NA	NA
Fvb1	17420703	17420802	100	*	35	53	0.660377358490566	56	61	0.918032786885246	9	CHG	1	0.000656395735724052	gain	NA	NA	NA	NA	NA
Fvb1	17586803	17586902	100	*	7	16	0.4375	27	28	0.964285714285714	4	CHG	1	0.00016338385777992	gain	NA	NA	NA	NA	NA
Fvb1	17586903	17587002	100	*	41	58	0.706896551724138	64	68	0.941176470588235	10	CHG	1	0.000510010708319858	gain	NA	NA	NA	NA	NA
Fvb1	17590103	17590202	100	*	34	53	0.641509433962264	59	64	0.921875	7	CHG	1	0.000317741463749289	gain	NA	NA	NA	NA	NA
Fvb1	18119203	18119302	100	*	44	46	0.956521739130435	19	30	0.633333333333333	7	CHG	-1	0.000377263276320533	loss	NA	NA	NA	NA	NA
Fvb1	18149903	18150002	100	*	49	52	0.942307692307692	35	56	0.625	9	CHG	-1	0.000189227280291529	loss	NA	NA	NA	NA	NA
Fvb1	18804803	18804902	100	*	74	80	0.925	51	75	0.68	18	CHG	-1	0.00024579184828222	loss	EVM	SO:0001952	FvH4_1g27030,FvH4_1g27031	2	NA
Fvb1	18937203	18937302	100	*	8	28	0.285714285714286	22	28	0.785714285714286	6	CHG	1	0.000310008418948003	gain	EVM	SO:0001952	FvH4_1g27180	1	NA
Fvb1	19181003	19181102	100	*	30	49	0.612244897959184	56	61	0.918032786885246	11	CHG	1	0.000245387058900579	gain	EVM	SO:0001952	FvH4_1g27520	1	NA
Fvb1	19604103	19604202	100	*	32	70	0.457142857142857	23	108	0.212962962962963	17	CHG	-1	0.00061131809143469	loss	NA	NA	NA	NA	NA
Fvb1	19930303	19930402	100	*	21	49	0.428571428571429	42	51	0.823529411764706	8	CHG	1	0.000129935206770127	gain	EVM	SO:0001952	FvH4_1g28082	1	NA
Fvb1	19958203	19958302	100	*	58	77	0.753246753246753	39	81	0.481481481481481	10	CHG	-1	0.000522177166937459	loss	EVM	SO:0001952	FvH4_1g28110	1	NA
Fvb1	20351603	20351702	100	*	69	107	0.644859813084112	176	208	0.846153846153846	24	CHG	1	0.000139285475515995	gain	NA	NA	NA	NA	NA
Fvb1	20438703	20438802	100	*	27	39	0.692307692307692	49	51	0.96078431372549	9	CHG	1	0.000553316463676251	gain	NA	NA	NA	NA	NA
Fvb1	20682303	20682402	100	*	70	74	0.945945945945946	51	75	0.68	13	CHG	-1	0.000112568750175449	loss	NA	NA	NA	NA	NA
Fvb1	20772203	20772302	100	*	17	29	0.586206896551724	49	54	0.907407407407407	5	CHG	1	0.000590239143613972	gain	NA	NA	NA	NA	NA
Fvb1	20788603	20788702	100	*	24	42	0.571428571428571	60	70	0.857142857142857	10	CHG	1	0.000736263936546053	gain	NA	NA	NA	NA	NA
Fvb1	21286503	21286602	100	*	68	87	0.781609195402299	53	107	0.495327102803738	18	CHG	-1	0.000129200237283414	loss	NA	NA	NA	NA	NA
Fvb1	21313003	21313102	100	*	75	81	0.925925925925926	48	70	0.685714285714286	17	CHG	-1	0.000290403251894676	loss	NA	NA	NA	NA	NA
Fvb1	21498403	21498502	100	*	33	64	0.515625	108	135	0.8	15	CHG	1	0.000121126867168645	gain	NA	NA	NA	NA	NA
Fvb1	21590503	21590602	100	*	37	60	0.616666666666667	142	163	0.871165644171779	14	CHG	1	8.90500462170488e-05	gain	NA	NA	NA	NA	NA
Fvb1	21646003	21646102	100	*	61	118	0.516949152542373	142	196	0.724489795918367	23	CHG	1	0.000330534206693016	gain	EVM	SO:0001952	FvH4_1g29102	1	NA
Fvb1	21654203	21654302	100	*	47	51	0.92156862745098	40	67	0.597014925373134	10	CHG	-1	0.000185867146278198	loss	NA	NA	NA	NA	NA
Fvb1	21893003	21893102	100	*	60	99	0.606060606060606	281	312	0.900641025641026	24	CHG	1	3.71023687086746e-10	gain	NA	NA	NA	NA	NA
Fvb1	21898103	21898202	100	*	24	28	0.857142857142857	19	43	0.441860465116279	4	CHG	-1	0.000534384303010305	loss	NA	NA	NA	NA	NA
Fvb1	22136303	22136402	100	*	39	39	1	30	43	0.697674418604651	8	CHG	-1	0.000314957467945676	loss	NA	NA	NA	NA	NA
Fvb1	22390303	22390402	100	*	60	82	0.731707317073171	35	88	0.397727272727273	16	CHG	-1	5.98679176055705e-05	loss	NA	NA	NA	NA	NA
Fvb1	22482003	22482102	100	*	9	35	0.257142857142857	32	49	0.653061224489796	6	CHG	1	0.000438616896068844	gain	NA	NA	NA	NA	NA
Fvb1	22493403	22493502	100	*	52	68	0.764705882352941	41	84	0.488095238095238	10	CHG	-1	0.000558342392639058	loss	NA	NA	NA	NA	NA
Fvb1	22552303	22552402	100	*	27	45	0.6	54	61	0.885245901639344	11	CHG	1	0.000656395735724052	gain	NA	NA	NA	NA	NA
Fvb1	22575703	22575802	100	*	71	98	0.724489795918367	112	232	0.482758620689655	22	CHG	-1	0.000154205491014773	loss	NA	NA	NA	NA	NA
Fvb1	22679903	22680002	100	*	58	61	0.950819672131147	67	94	0.712765957446808	9	CHG	-1	0.000373732610305221	loss	NA	NA	NA	NA	NA
Fvb1	22841003	22841102	100	*	13	29	0.448275862068966	32	35	0.914285714285714	6	CHG	1	0.000141775915554933	gain	NA	NA	NA	NA	NA
Fvb1	22932403	22932502	100	*	43	53	0.811320754716981	31	63	0.492063492063492	11	CHG	-1	0.000454382363171643	loss	NA	NA	NA	NA	NA
Fvb1	22946303	22946402	100	*	22	50	0.44	41	48	0.854166666666667	8	CHG	1	8.2145894540691e-05	gain	NA	NA	NA	NA	NA
Fvb1	23100703	23100802	100	*	23	39	0.58974358974359	34	36	0.944444444444444	9	CHG	1	0.000432556402053554	gain	NA	NA	NA	NA	NA
Fvb1	23334703	23334802	100	*	43	91	0.472527472527473	72	89	0.808988764044944	19	CHG	1	2.16439759554367e-05	gain	NA	NA	NA	NA	NA
Fvb1	23335103	23335202	100	*	38	88	0.431818181818182	78	106	0.735849056603774	20	CHG	1	7.67989499149685e-05	gain	NA	NA	NA	NA	NA
Fvb1	23399103	23399202	100	*	18	49	0.36734693877551	79	100	0.79	12	CHG	1	4.68609755844681e-06	gain	NA	NA	NA	NA	NA
Fvb1	23496803	23496902	100	*	32	48	0.666666666666667	55	56	0.982142857142857	9	CHG	1	6.76939787731376e-05	gain	NA	NA	NA	NA	NA
Fvb1	23532103	23532202	100	*	34	80	0.425	120	174	0.689655172413793	17	CHG	1	0.00016338385777992	gain	NA	NA	NA	NA	NA
Fvb1	24148403	24148502	100	*	42	45	0.933333333333333	36	63	0.571428571428571	11	CHG	-1	0.000115550786105965	loss	NA	NA	NA	NA	NA
Fvb2	190901	191000	100	*	61	72	0.847222222222222	44	79	0.556962025316456	11	CHG	-1	0.000238956142479891	loss	NA	NA	NA	NA	NA
Fvb2	280601	280700	100	*	10	50	0.2	38	63	0.603174603174603	9	CHG	1	7.52227485749716e-05	gain	NA	NA	NA	NA	NA
Fvb2	1112001	1112100	100	*	1	114	0.0087719298245614	31	143	0.216783216783217	10	CHG	1	6.3301499116889e-06	gain	NA	NA	NA	NA	NA
Fvb2	1608501	1608600	100	*	22	45	0.488888888888889	41	49	0.836734693877551	11	CHG	1	0.000436380223874597	gain	NA	NA	NA	NA	NA
Fvb2	1713501	1713600	100	*	31	51	0.607843137254902	48	52	0.923076923076923	9	CHG	1	0.000291788873832458	gain	NA	NA	NA	NA	NA
Fvb2	1943201	1943300	100	*	14	30	0.466666666666667	36	39	0.923076923076923	7	CHG	1	9.677641691105e-05	gain	NA	NA	NA	NA	NA
Fvb2	2614201	2614300	100	*	22	31	0.709677419354839	58	59	0.983050847457627	6	CHG	1	0.000212856339881103	gain	NA	NA	NA	NA	NA
Fvb2	2902301	2902400	100	*	4	42	0.0952380952380952	30	72	0.416666666666667	10	CHG	1	0.000408974390783332	gain	NA	NA	NA	NA	NA
Fvb2	3759801	3759900	100	*	21	28	0.75	15	63	0.238095238095238	6	CHG	-1	2.76816136330397e-05	loss	NA	NA	NA	NA	NA
Fvb2	3759901	3760000	100	*	22	26	0.846153846153846	24	60	0.4	6	CHG	-1	0.000276729721908172	loss	NA	NA	NA	NA	NA
Fvb2	3875401	3875500	100	*	22	68	0.323529411764706	30	45	0.666666666666667	8	CHG	1	0.000436380223874597	gain	NA	NA	NA	NA	NA
Fvb2	4444901	4445000	100	*	27	35	0.771428571428571	18	51	0.352941176470588	7	CHG	-1	0.000275566457204912	loss	EVM	SO:0001952	FvH4_2g05400	1	NA
Fvb2	4726501	4726600	100	*	33	54	0.611111111111111	70	78	0.897435897435897	9	CHG	1	0.000221539031241168	gain	NA	NA	NA	NA	NA
Fvb2	5239701	5239800	100	*	57	80	0.7125	150	159	0.943396226415094	20	CHG	1	8.2269967755284e-06	gain	EVM	SO:0001952	FvH4_2g06310	1	NA
Fvb2	5395101	5395200	100	*	28	42	0.666666666666667	63	65	0.969230769230769	9	CHG	1	8.02419453870802e-05	gain	NA	NA	NA	NA	NA
Fvb2	6250301	6250400	100	*	41	75	0.546666666666667	119	153	0.777777777777778	17	CHG	1	0.000436380223874597	gain	NA	NA	NA	NA	NA
Fvb2	6277501	6277600	100	*	2	21	0.0952380952380952	15	24	0.625	5	CHG	1	0.000377263276320533	gain	NA	NA	NA	NA	NA
Fvb2	6304301	6304400	100	*	32	56	0.571428571428571	19	99	0.191919191919192	9	CHG	-1	1.28202252802288e-05	loss	NA	NA	NA	NA	NA
Fvb2	6478601	6478700	100	*	39	69	0.565217391304348	63	75	0.84	13	CHG	1	0.000403684647502821	gain	NA	NA	NA	NA	NA
Fvb2	6586401	6586500	100	*	35	94	0.372340425531915	113	188	0.601063829787234	23	CHG	1	0.000401991033408559	gain	NA	NA	NA	NA	NA
Fvb2	6929901	6930000	100	*	45	74	0.608108108108108	69	76	0.907894736842105	13	CHG	1	7.6839584934629e-05	gain	NA	NA	NA	NA	NA
Fvb2	7284401	7284500	100	*	6	56	0.107142857142857	35	63	0.555555555555556	8	CHG	1	3.92656147603142e-06	gain	NA	NA	NA	NA	NA
Fvb2	8198601	8198700	100	*	16	25	0.64	33	33	1	6	CHG	1	0.00031068164499843	gain	NA	NA	NA	NA	NA
Fvb2	8543301	8543400	100	*	1	38	0.0263157894736842	17	47	0.361702127659574	7	CHG	1	0.000305539271618665	gain	NA	NA	NA	NA	NA
Fvb2	8995501	8995600	100	*	22	30	0.733333333333333	16	53	0.30188679245283	6	CHG	-1	0.000289067459303178	loss	EVM	SO:0001952	FvH4_2g10160	1	NA
Fvb2	10532901	10533000	100	*	30	204	0.147058823529412	193	401	0.481296758104738	14	CHG	1	3.80779937223143e-14	gain	NA	NA	NA	NA	NA
Fvb2	10533001	10533100	100	*	53	192	0.276041666666667	147	295	0.498305084745763	15	CHG	1	1.08362735120271e-05	gain	NA	NA	NA	NA	NA
Fvb2	10533801	10533900	100	*	28	64	0.4375	94	127	0.740157480314961	14	CHG	1	0.000124123488017235	gain	NA	NA	NA	NA	NA
Fvb2	10546701	10546800	100	*	33	40	0.825	18	43	0.418604651162791	10	CHG	-1	0.000280434569735382	loss	EVM	SO:0001952	FvH4_2g12061	1	NA
Fvb2	10603601	10603700	100	*	82	177	0.463276836158192	48	206	0.233009708737864	8	CHG	-1	1.81402383260297e-05	loss	NA	NA	NA	NA	NA
Fvb2	11078101	11078200	100	*	30	41	0.731707317073171	13	39	0.333333333333333	8	CHG	-1	0.000444609158212278	loss	NA	NA	NA	NA	NA
Fvb2	11459001	11459100	100	*	36	41	0.878048780487805	24	46	0.521739130434783	10	CHG	-1	0.000436380223874597	loss	NA	NA	NA	NA	NA
Fvb2	12268701	12268800	100	*	52	108	0.481481481481481	69	93	0.741935483870968	17	CHG	1	0.000305539271618665	gain	NA	NA	NA	NA	NA
Fvb2	12462101	12462200	100	*	14	46	0.304347826086957	49	70	0.7	10	CHG	1	0.000103430055510765	gain	NA	NA	NA	NA	NA
Fvb2	13030901	13031000	100	*	14	32	0.4375	24	25	0.96	6	CHG	1	0.000113227266719615	gain	NA	NA	NA	NA	NA
Fvb2	14157001	14157100	100	*	12	17	0.705882352941177	3	24	0.125	4	CHG	-1	0.000277823677746848	loss	NA	NA	NA	NA	NA
Fvb2	14299001	14299100	100	*	35	80	0.4375	108	135	0.8	16	CHG	1	9.8208109917779e-07	gain	EVM	SO:0001952	FvH4_2g16371	1	NA
Fvb2	14299201	14299300	100	*	31	93	0.333333333333333	92	122	0.754098360655738	20	CHG	1	1.83628747742994e-08	gain	EVM	SO:0001952	FvH4_2g16371	1	NA
Fvb2	14394101	14394200	100	*	31	40	0.775	65	66	0.984848484848485	10	CHG	1	0.000436380223874597	gain	EVM	SO:0001952	FvH4_2g16471	1	NA
Fvb2	14966201	14966300	100	*	66	102	0.647058823529412	134	155	0.864516129032258	8	CHG	1	0.000125535446042398	gain	EVM	SO:0001952	FvH4_2g17332	1	NA
Fvb2	14977101	14977200	100	*	23	46	0.5	38	42	0.904761904761905	9	CHG	1	0.0001240569768109	gain	NA	NA	NA	NA	NA
Fvb2	15215001	15215100	100	*	2	61	0.0327868852459016	20	75	0.266666666666667	10	CHG	1	0.000355715997527944	gain	NA	NA	NA	NA	NA
Fvb2	16372501	16372600	100	*	22	38	0.578947368421053	43	47	0.914893617021277	9	CHG	1	0.000400503858939103	gain	NA	NA	NA	NA	NA
Fvb2	16738101	16738200	100	*	62	63	0.984126984126984	82	111	0.738738738738739	14	CHG	-1	0.00012231695755974	loss	EVM	SO:0001952	FvH4_2g19792	1	NA
Fvb2	17404201	17404300	100	*	20	114	0.175438596491228	43	90	0.477777777777778	12	CHG	1	2.52882520982695e-05	gain	NA	NA	NA	NA	NA
Fvb2	17404301	17404400	100	*	14	266	0.0526315789473684	60	188	0.319148936170213	12	CHG	1	1.54593400306451e-12	gain	NA	NA	NA	NA	NA
Fvb2	17404401	17404500	100	*	16	315	0.0507936507936508	90	294	0.306122448979592	14	CHG	1	5.67548945589718e-15	gain	NA	NA	NA	NA	NA
Fvb2	19191201	19191300	100	*	22	40	0.55	46	50	0.92	10	CHG	1	0.000142454535969608	gain	NA	NA	NA	NA	NA
Fvb2	19480801	19480900	100	*	43	91	0.472527472527473	13	71	0.183098591549296	16	CHG	-1	0.00025325832461558	loss	NA	NA	NA	NA	NA
Fvb2	23081401	23081500	100	*	32	62	0.516129032258065	35	39	0.897435897435897	9	CHG	1	0.000198662501228747	gain	NA	NA	NA	NA	NA
Fvb2	24482701	24482800	100	*	46	49	0.938775510204082	34	56	0.607142857142857	9	CHG	-1	0.000178704624618457	loss	NA	NA	NA	NA	NA
Fvb3	351503	351602	100	*	16	35	0.457142857142857	27	30	0.9	5	CHG	1	0.000305539271618665	gain	NA	NA	NA	NA	NA
Fvb3	361803	361902	100	*	26	45	0.577777777777778	42	47	0.893617021276596	7	CHG	1	0.000605254341016479	gain	NA	NA	NA	NA	NA
Fvb3	361903	362002	100	*	47	88	0.534090909090909	92	103	0.893203883495146	10	CHG	1	5.29385204098093e-07	gain	EVM	SO:0001952	FvH4_3g00713	1	NA
Fvb3	516203	516302	100	*	82	88	0.931818181818182	54	76	0.710526315789474	13	CHG	-1	0.000309553711250432	loss	NA	NA	NA	NA	NA
Fvb3	640303	640402	100	*	31	54	0.574074074074074	69	79	0.873417721518987	11	CHG	1	0.000211444017921116	gain	NA	NA	NA	NA	NA
Fvb3	657303	657402	100	*	35	68	0.514705882352941	60	72	0.833333333333333	11	CHG	1	0.000155164869018092	gain	EVM	SO:0001952	FvH4_3g01286	1	NA
Fvb3	661303	661402	100	*	8	51	0.156862745098039	26	50	0.52	7	CHG	1	0.000244386577214883	gain	NA	NA	NA	NA	NA
Fvb3	1495703	1495802	100	*	10	23	0.434782608695652	1	31	0.032258064516129	4	CHG	-1	0.000400289879288995	loss	NA	NA	NA	NA	NA
Fvb3	1648803	1648902	100	*	1	45	0.0222222222222222	17	43	0.395348837209302	5	CHG	1	6.76939787731376e-05	gain	EVM	SO:0001952	FvH4_3g03081	1	NA
Fvb3	1683703	1683802	100	*	26	76	0.342105263157895	14	118	0.11864406779661	10	CHG	-1	0.000309553711250432	loss	NA	NA	NA	NA	NA
Fvb3	1787403	1787502	100	*	2	46	0.0434782608695652	17	54	0.314814814814815	6	CHG	1	0.000607395143175628	gain	NA	NA	NA	NA	NA
Fvb3	1787503	1787602	100	*	18	65	0.276923076923077	56	85	0.658823529411765	10	CHG	1	2.56263710101023e-05	gain	NA	NA	NA	NA	NA
Fvb3	1822303	1822402	100	*	4	44	0.0909090909090909	31	78	0.397435897435897	10	CHG	1	0.000432556402053554	gain	NA	NA	NA	NA	NA
Fvb3	1905603	1905702	100	*	16	81	0.197530864197531	52	96	0.541666666666667	13	CHG	1	2.21050661176484e-05	gain	NA	NA	NA	NA	NA
Fvb3	3054503	3054602	100	*	12	32	0.375	56	76	0.736842105263158	8	CHG	1	0.000462976311985513	gain	NA	NA	NA	NA	NA
Fvb3	3064803	3064902	100	*	13	45	0.288888888888889	52	79	0.658227848101266	9	CHG	1	0.000191198659469743	gain	NA	NA	NA	NA	NA
Fvb3	3756003	3756102	100	*	39	80	0.4875	97	132	0.734848484848485	19	CHG	1	0.000391755223218937	gain	NA	NA	NA	NA	NA
Fvb3	3897703	3897802	100	*	10	23	0.434782608695652	16	16	1	4	CHG	1	0.000355858457197419	gain	NA	NA	NA	NA	NA
Fvb3	4262903	4263002	100	*	24	58	0.413793103448276	64	84	0.761904761904762	12	CHG	1	9.81297986985359e-05	gain	EVM	SO:0001952	FvH4_3g07200	1	NA
Fvb3	5560603	5560702	100	*	28	43	0.651162790697674	63	67	0.940298507462687	9	CHG	1	0.000216304780532371	gain	NA	NA	NA	NA	NA
Fvb3	6645003	6645102	100	*	45	57	0.789473684210526	44	94	0.468085106382979	11	CHG	-1	0.000228093924292281	loss	NA	NA	NA	NA	NA
Fvb3	7553603	7553702	100	*	4	18	0.222222222222222	27	36	0.75	4	CHG	1	0.000345924089397021	gain	NA	NA	NA	NA	NA
Fvb3	7564903	7565002	100	*	65	68	0.955882352941177	67	95	0.705263157894737	15	CHG	-1	0.000160861383898578	loss	EVM	SO:0001952	FvH4_3g12672	1	NA
Fvb3	8147303	8147402	100	*	41	55	0.745454545454545	20	49	0.408163265306122	10	CHG	-1	0.000548231879786142	loss	NA	NA	NA	NA	NA
Fvb3	9067703	9067802	100	*	5	28	0.178571428571429	28	44	0.636363636363636	6	CHG	1	0.000280434569735382	gain	EVM	SO:0001952	FvH4_3g14711	1	NA
Fvb3	9142503	9142602	100	*	41	68	0.602941176470588	103	123	0.83739837398374	14	CHG	1	0.000426307407899025	gain	EVM	SO:0001952	FvH4_3g14801	1	NA
Fvb3	9602803	9602902	100	*	24	45	0.533333333333333	49	55	0.890909090909091	11	CHG	1	0.000164841468717904	gain	NA	NA	NA	NA	NA
Fvb3	10292103	10292202	100	*	31	64	0.484375	84	99	0.848484848484849	16	CHG	1	7.2916945642635e-06	gain	NA	NA	NA	NA	NA
Fvb3	10734203	10734302	100	*	12	32	0.375	31	40	0.775	7	CHG	1	0.000618046898985011	gain	NA	NA	NA	NA	NA
Fvb3	11125303	11125402	100	*	18	58	0.310344827586207	65	107	0.607476635514019	14	CHG	1	0.000387136347750385	gain	NA	NA	NA	NA	NA
Fvb3	11125803	11125902	100	*	58	90	0.644444444444444	98	107	0.91588785046729	22	CHG	1	2.31869943119907e-05	gain	NA	NA	NA	NA	NA
Fvb3	11560203	11560302	100	*	21	54	0.388888888888889	41	55	0.745454545454545	10	CHG	1	0.000308530856483799	gain	NA	NA	NA	NA	NA
Fvb3	11887103	11887202	100	*	14	35	0.4	7	66	0.106060606060606	8	CHG	-1	0.00058213255338481	loss	EVM	SO:0001952	FvH4_3g18570	1	NA
Fvb3	12040803	12040902	100	*	19	49	0.387755102040816	44	61	0.721311475409836	11	CHG	1	0.00051154033987926	gain	NA	NA	NA	NA	NA
Fvb3	12067303	12067402	100	*	14	20	0.7	7	34	0.205882352941176	4	CHG	-1	0.000431680126741058	loss	NA	NA	NA	NA	NA
Fvb3	12443103	12443202	100	*	12	59	0.203389830508475	43	65	0.661538461538462	11	CHG	1	4.04022530572058e-06	gain	NA	NA	NA	NA	NA
Fvb3	12712403	12712502	100	*	54	79	0.683544303797468	43	44	0.977272727272727	10	CHG	1	0.000270949740230726	gain	NA	NA	NA	NA	NA
Fvb3	12837303	12837402	100	*	13	30	0.433333333333333	31	37	0.837837837837838	4	CHG	1	0.000577930586521165	gain	NA	NA	NA	NA	NA
Fvb3	13351403	13351502	100	*	46	75	0.613333333333333	70	80	0.875	13	CHG	1	0.000310008418948003	gain	NA	NA	NA	NA	NA
Fvb3	13505103	13505202	100	*	29	54	0.537037037037037	40	43	0.930232558139535	8	CHG	1	8.70120641518527e-05	gain	NA	NA	NA	NA	NA
Fvb3	14092803	14092902	100	*	25	38	0.657894736842105	66	69	0.956521739130435	9	CHG	1	0.000114470640742507	gain	NA	NA	NA	NA	NA
Fvb3	14112803	14112902	100	*	49	85	0.576470588235294	70	85	0.823529411764706	16	CHG	1	0.00051154033987926	gain	EVM	SO:0001952	FvH4_3g21083	1	NA
Fvb3	14126503	14126602	100	*	38	59	0.644067796610169	65	71	0.915492957746479	8	CHG	1	0.00028235350310347	gain	NA	NA	NA	NA	NA
Fvb3	14415403	14415502	100	*	29	60	0.483333333333333	60	74	0.810810810810811	11	CHG	1	0.000173859424025176	gain	NA	NA	NA	NA	NA
Fvb3	14480803	14480902	100	*	63	108	0.583333333333333	167	205	0.814634146341463	21	CHG	1	5.57911863739646e-05	gain	NA	NA	NA	NA	NA
Fvb3	14609103	14609202	100	*	14	42	0.333333333333333	36	51	0.705882352941177	10	CHG	1	0.000436380223874597	gain	EVM	SO:0001952	FvH4_3g21494	1	NA
Fvb3	14868203	14868302	100	*	33	52	0.634615384615385	58	64	0.90625	13	CHG	1	0.000483423345597917	gain	NA	NA	NA	NA	NA
Fvb3	14924603	14924702	100	*	51	72	0.708333333333333	67	72	0.930555555555556	11	CHG	1	0.000579477329273681	gain	NA	NA	NA	NA	NA
Fvb3	15364103	15364202	100	*	38	43	0.883720930232558	18	40	0.45	10	CHG	-1	9.51111169246479e-05	loss	NA	NA	NA	NA	NA
Fvb3	15370603	15370702	100	*	54	77	0.701298701298701	91	99	0.919191919191919	14	CHG	1	0.000305539271618665	gain	NA	NA	NA	NA	NA
Fvb3	15402403	15402502	100	*	27	62	0.435483870967742	8	60	0.133333333333333	12	CHG	-1	0.000352848638598889	loss	NA	NA	NA	NA	NA
Fvb3	15496103	15496202	100	*	13	16	0.8125	4	20	0.2	4	CHG	-1	0.000377263276320533	loss	NA	NA	NA	NA	NA
Fvb3	15571003	15571102	100	*	39	63	0.619047619047619	72	80	0.9	13	CHG	1	0.000167640374783605	gain	NA	NA	NA	NA	NA
Fvb3	16451303	16451402	100	*	32	48	0.666666666666667	22	70	0.314285714285714	8	CHG	-1	0.000300256769198215	loss	NA	NA	NA	NA	NA
Fvb3	16729303	16729402	100	*	4	26	0.153846153846154	21	34	0.617647058823529	6	CHG	1	0.000414409798290018	gain	EVM	SO:0001952	FvH4_3g23621	1	NA
Fvb3	16831303	16831402	100	*	17	50	0.34	28	36	0.777777777777778	8	CHG	1	0.00016338385777992	gain	NA	NA	NA	NA	NA
Fvb3	17783503	17783602	100	*	58	84	0.69047619047619	168	181	0.92817679558011	21	CHG	1	4.68609755844681e-06	gain	NA	NA	NA	NA	NA
Fvb3	18247603	18247702	100	*	28	52	0.538461538461538	66	79	0.835443037974684	12	CHG	1	0.000349481367590667	gain	EVM	SO:0001952	FvH4_3g25270	1	NA
Fvb3	18363403	18363502	100	*	45	49	0.918367346938776	39	63	0.619047619047619	8	CHG	-1	0.000400548342573731	loss	NA	NA	NA	NA	NA
Fvb3	18618903	18619002	100	*	6	16	0.375	22	23	0.956521739130435	4	CHG	1	0.00018559467773175	gain	EVM	SO:0001952	FvH4_3g25770	1	NA
Fvb3	18795403	18795502	100	*	13	21	0.619047619047619	30	30	1	4	CHG	1	0.00035632049285813	gain	NA	NA	NA	NA	NA
Fvb3	19985503	19985602	100	*	32	35	0.914285714285714	31	56	0.553571428571429	8	CHG	-1	0.000401894888878525	loss	NA	NA	NA	NA	NA
Fvb3	19987903	19988002	100	*	34	52	0.653846153846154	44	46	0.956521739130435	10	CHG	1	0.000337913182728851	gain	NA	NA	NA	NA	NA
Fvb3	20197103	20197202	100	*	2	20	0.1	18	27	0.666666666666667	5	CHG	1	0.000229856058234778	gain	NA	NA	NA	NA	NA
Fvb3	20394503	20394602	100	*	46	60	0.766666666666667	36	92	0.391304347826087	12	CHG	-1	3.61135508704049e-05	loss	NA	NA	NA	NA	NA
Fvb3	20421103	20421202	100	*	17	30	0.566666666666667	3	26	0.115384615384615	5	CHG	-1	0.00051154033987926	loss	NA	NA	NA	NA	NA
Fvb3	20458203	20458302	100	*	25	33	0.757575757575758	11	33	0.333333333333333	6	CHG	-1	0.000585917698921363	loss	NA	NA	NA	NA	NA
Fvb3	20527003	20527102	100	*	23	66	0.348484848484849	52	77	0.675324675324675	14	CHG	1	0.000224245829446423	gain	NA	NA	NA	NA	NA
Fvb3	20564603	20564702	100	*	9	44	0.204545454545455	31	57	0.543859649122807	6	CHG	1	0.000590239143613972	gain	NA	NA	NA	NA	NA
Fvb3	20566403	20566502	100	*	22	46	0.478260869565217	59	72	0.819444444444444	5	CHG	1	0.000226969988459305	gain	NA	NA	NA	NA	NA
Fvb3	21044403	21044502	100	*	77	87	0.885057471264368	50	94	0.531914893617021	18	CHG	-1	3.19972155431743e-06	loss	NA	NA	NA	NA	NA
Fvb3	21437303	21437402	100	*	13	31	0.419354838709677	38	46	0.826086956521739	6	CHG	1	0.000342114368252137	gain	NA	NA	NA	NA	NA
Fvb3	21574403	21574502	100	*	32	69	0.463768115942029	18	96	0.1875	9	CHG	-1	0.000276729721908172	loss	NA	NA	NA	NA	NA
Fvb3	21619803	21619902	100	*	43	66	0.651515151515151	81	83	0.975903614457831	15	CHG	1	2.27949046463094e-06	gain	NA	NA	NA	NA	NA
Fvb3	21678903	21679002	100	*	33	78	0.423076923076923	120	160	0.75	15	CHG	1	8.24756377583516e-06	gain	NA	NA	NA	NA	NA
Fvb3	22172703	22172802	100	*	2	28	0.0714285714285714	16	32	0.5	4	CHG	1	0.000412093158183831	gain	EVM	SO:0001952	FvH4_3g29041	1	NA
Fvb3	22295103	22295202	100	*	106	158	0.670886075949367	94	105	0.895238095238095	26	CHG	1	0.000106556853747109	gain	NA	NA	NA	NA	NA
Fvb3	22391003	22391102	100	*	12	43	0.27906976744186	0	73	0	9	CHG	-1	1.6617279326258e-05	loss	NA	NA	NA	NA	NA
Fvb3	23324103	23324202	100	*	2	48	0.0416666666666667	19	45	0.422222222222222	11	CHG	1	5.91862533413562e-05	gain	NA	NA	NA	NA	NA
Fvb3	23754703	23754802	100	*	8	20	0.4	0	35	0	4	CHG	-1	0.000148038162429691	loss	EVM	SO:0001952	FvH4_3g30480	1	NA
Fvb3	23917503	23917602	100	*	32	32	1	25	40	0.625	6	CHG	-1	0.000228093924292281	loss	NA	NA	NA	NA	NA
Fvb3	23962903	23963002	100	*	31	42	0.738095238095238	24	65	0.369230769230769	9	CHG	-1	0.00032899954810687	loss	NA	NA	NA	NA	NA
Fvb3	24091803	24091902	100	*	20	47	0.425531914893617	50	65	0.769230769230769	8	CHG	1	0.000337913182728851	gain	NA	NA	NA	NA	NA
Fvb3	24204203	24204302	100	*	17	33	0.515151515151515	36	40	0.9	7	CHG	1	0.000368243230194292	gain	NA	NA	NA	NA	NA
Fvb3	24656903	24657002	100	*	42	67	0.626865671641791	79	89	0.887640449438202	11	CHG	1	0.000242322194895002	gain	NA	NA	NA	NA	NA
Fvb3	24676603	24676702	100	*	46	48	0.958333333333333	80	119	0.672268907563025	10	CHG	-1	0.000229856058234778	loss	NA	NA	NA	NA	NA
Fvb3	24890103	24890202	100	*	102	165	0.618181818181818	150	183	0.819672131147541	23	CHG	1	9.81297986985359e-05	gain	NA	NA	NA	NA	NA
Fvb3	25089103	25089202	100	*	9	27	0.333333333333333	32	42	0.761904761904762	5	CHG	1	0.000483423345597917	gain	NA	NA	NA	NA	NA
Fvb3	25165803	25165902	100	*	37	62	0.596774193548387	18	64	0.28125	12	CHG	-1	0.000446205161165105	loss	NA	NA	NA	NA	NA
Fvb3	25350903	25351002	100	*	70	77	0.909090909090909	68	102	0.666666666666667	19	CHG	-1	0.000272688405020547	loss	NA	NA	NA	NA	NA
Fvb3	25462703	25462802	100	*	37	39	0.948717948717949	16	28	0.571428571428571	7	CHG	-1	0.000311786249499907	loss	NA	NA	NA	NA	NA
Fvb3	25572103	25572202	100	*	45	67	0.671641791044776	81	89	0.910112359550562	10	CHG	1	0.000317060801991183	gain	NA	NA	NA	NA	NA
Fvb3	25624703	25624802	100	*	70	112	0.625	159	187	0.850267379679144	19	CHG	1	4.79710497917544e-05	gain	NA	NA	NA	NA	NA
Fvb3	25726503	25726602	100	*	26	36	0.722222222222222	57	59	0.966101694915254	9	CHG	1	0.000571130467145178	gain	NA	NA	NA	NA	NA
Fvb3	25822903	25823002	100	*	9	65	0.138461538461538	41	104	0.394230769230769	12	CHG	1	0.00047866935728591	gain	NA	NA	NA	NA	NA
Fvb3	26130403	26130502	100	*	17	58	0.293103448275862	39	63	0.619047619047619	11	CHG	1	0.000432556402053554	gain	NA	NA	NA	NA	NA
Fvb3	26406903	26407002	100	*	29	43	0.674418604651163	48	49	0.979591836734694	10	CHG	1	0.000195570256212739	gain	NA	NA	NA	NA	NA
Fvb3	26426203	26426302	100	*	81	118	0.686440677966102	106	116	0.913793103448276	20	CHG	1	6.76939787731376e-05	gain	NA	NA	NA	NA	NA
Fvb3	26447403	26447502	100	*	42	80	0.525	126	152	0.828947368421053	19	CHG	1	8.73759314182434e-06	gain	NA	NA	NA	NA	NA
Fvb3	26463003	26463102	100	*	11	32	0.34375	29	37	0.783783783783784	7	CHG	1	0.000350515441224445	gain	NA	NA	NA	NA	NA
Fvb3	26588503	26588602	100	*	41	53	0.773584905660377	42	106	0.39622641509434	11	CHG	-1	4.26274701589605e-05	loss	NA	NA	NA	NA	NA
Fvb3	26761203	26761302	100	*	48	72	0.666666666666667	96	109	0.880733944954128	12	CHG	1	0.000537736212200737	gain	NA	NA	NA	NA	NA
Fvb3	26860603	26860702	100	*	24	67	0.358208955223881	77	111	0.693693693693694	13	CHG	1	6.0882972431795e-05	gain	NA	NA	NA	NA	NA
Fvb3	26867203	26867302	100	*	30	70	0.428571428571429	71	93	0.763440860215054	17	CHG	1	6.44593037733334e-05	gain	NA	NA	NA	NA	NA
Fvb3	27115003	27115102	100	*	5	22	0.227272727272727	43	64	0.671875	4	CHG	1	0.000404520720074741	gain	NA	NA	NA	NA	NA
Fvb3	27142903	27143002	100	*	69	123	0.560975609756098	114	149	0.76510067114094	22	CHG	1	0.000445451620157878	gain	NA	NA	NA	NA	NA
Fvb3	27685803	27685902	100	*	57	161	0.354037267080745	51	87	0.586206896551724	19	CHG	1	0.000507986541356244	gain	NA	NA	NA	NA	NA
Fvb3	27856603	27856702	100	*	25	39	0.641025641025641	63	69	0.91304347826087	8	CHG	1	0.000537736212200737	gain	NA	NA	NA	NA	NA
Fvb3	28026303	28026402	100	*	22	39	0.564102564102564	51	58	0.879310344827586	8	CHG	1	0.000496403253913997	gain	NA	NA	NA	NA	NA
Fvb3	28133603	28133702	100	*	55	96	0.572916666666667	72	84	0.857142857142857	18	CHG	1	0.000106556853747109	gain	NA	NA	NA	NA	NA
Fvb3	28241203	28241302	100	*	35	51	0.686274509803922	74	80	0.925	11	CHG	1	0.000454382363171643	gain	EVM	SO:0001952	FvH4_3g32842	1	NA
Fvb3	28896403	28896502	100	*	24	41	0.585365853658537	71	81	0.876543209876543	9	CHG	1	0.000376481793517385	gain	EVM	SO:0001952	FvH4_3g33500	1	NA
Fvb3	28924503	28924602	100	*	5	44	0.113636363636364	35	84	0.416666666666667	11	CHG	1	0.000513397496199331	gain	NA	NA	NA	NA	NA
Fvb3	29249603	29249702	100	*	48	70	0.685714285714286	87	91	0.956043956043956	7	CHG	1	2.69895273704608e-05	gain	NA	NA	NA	NA	NA
Fvb3	29477303	29477402	100	*	18	30	0.6	36	38	0.947368421052632	7	CHG	1	0.000510010708319858	gain	NA	NA	NA	NA	NA
Fvb3	29724603	29724702	100	*	39	55	0.709090909090909	54	56	0.964285714285714	12	CHG	1	0.000386084108739894	gain	NA	NA	NA	NA	NA
Fvb3	29910403	29910502	100	*	29	29	1	24	40	0.6	5	CHG	-1	0.000229856058234778	loss	EVM	SO:0001952	FvH4_3g34510	1	NA
Fvb3	30274303	30274402	100	*	47	63	0.746031746031746	120	126	0.952380952380952	12	CHG	1	0.000107635995230492	gain	NA	NA	NA	NA	NA
Fvb3	30563303	30563402	100	*	63	90	0.7	167	180	0.927777777777778	20	CHG	1	7.70054227088061e-06	gain	NA	NA	NA	NA	NA
Fvb3	31241403	31241502	100	*	8	49	0.163265306122449	54	105	0.514285714285714	9	CHG	1	0.000115762940322384	gain	NA	NA	NA	NA	NA
Fvb3	31334303	31334402	100	*	10	43	0.232558139534884	1	84	0.0119047619047619	10	CHG	-1	0.000103430055510765	loss	NA	NA	NA	NA	NA
Fvb3	32235603	32235702	100	*	25	38	0.657894736842105	62	67	0.925373134328358	8	CHG	1	0.000537975815812006	gain	EVM	SO:0001952	FvH4_3g37591	1	NA
Fvb3	32418403	32418502	100	*	16	51	0.313725490196078	1	43	0.0232558139534884	8	CHG	-1	0.000387136347750385	loss	NA	NA	NA	NA	NA
Fvb3	32653503	32653602	100	*	23	42	0.547619047619048	66	77	0.857142857142857	10	CHG	1	0.000333818519163977	gain	NA	NA	NA	NA	NA
Fvb3	32907503	32907602	100	*	44	56	0.785714285714286	17	56	0.303571428571429	12	CHG	-1	4.07806420929496e-06	loss	NA	NA	NA	NA	NA
Fvb3	34234803	34234902	100	*	16	22	0.727272727272727	4	22	0.181818181818182	4	CHG	-1	0.000398751054459451	loss	NA	NA	NA	NA	NA
Fvb3	34485803	34485902	100	*	40	44	0.909090909090909	24	49	0.489795918367347	10	CHG	-1	6.44593037733334e-05	loss	NA	NA	NA	NA	NA
Fvb3	34810403	34810502	100	*	37	49	0.755102040816326	32	74	0.432432432432432	9	CHG	-1	0.000493001459017478	loss	NA	NA	NA	NA	NA
Fvb4	36703	36802	100	*	3	47	0.0638297872340425	21	57	0.368421052631579	10	CHG	1	0.000368243230194292	gain	NA	NA	NA	NA	NA
Fvb4	333403	333502	100	*	37	49	0.755102040816326	72	75	0.96	10	CHG	1	0.000654466551651106	gain	NA	NA	NA	NA	NA
Fvb4	1273803	1273902	100	*	6	61	0.0983606557377049	30	76	0.394736842105263	13	CHG	1	0.000215481177783581	gain	EVM	SO:0001952	FvH4_4g01400	1	NA
Fvb4	1634203	1634302	100	*	50	50	1	63	80	0.7875	12	CHG	-1	0.000537736212200737	loss	EVM	SO:0001952	FvH4_4g01851	1	NA
Fvb4	1869003	1869102	100	*	5	26	0.192307692307692	26	39	0.666666666666667	4	CHG	1	0.000310008418948003	gain	NA	NA	NA	NA	NA
Fvb4	1931903	1932002	100	*	26	37	0.702702702702703	16	61	0.262295081967213	8	CHG	-1	8.27400586934035e-05	loss	NA	NA	NA	NA	NA
Fvb4	1932003	1932102	100	*	19	30	0.633333333333333	13	60	0.216666666666667	6	CHG	-1	0.000228093924292281	loss	NA	NA	NA	NA	NA
Fvb4	1972603	1972702	100	*	1	32	0.03125	11	26	0.423076923076923	6	CHG	1	0.000374795082927839	gain	NA	NA	NA	NA	NA
Fvb4	2114303	2114402	100	*	55	64	0.859375	23	43	0.534883720930233	10	CHG	-1	0.000342114368252137	loss	NA	NA	NA	NA	NA
Fvb4	2186303	2186402	100	*	88	158	0.556962025316456	152	187	0.812834224598931	24	CHG	1	3.83573227259333e-06	gain	NA	NA	NA	NA	NA
Fvb4	2507303	2507402	100	*	6	55	0.109090909090909	24	61	0.39344262295082	11	CHG	1	0.000540976296674943	gain	NA	NA	NA	NA	NA
Fvb4	2550503	2550602	100	*	35	57	0.614035087719298	66	74	0.891891891891892	10	CHG	1	0.000310008418948003	gain	NA	NA	NA	NA	NA
Fvb4	2691103	2691202	100	*	26	38	0.684210526315789	6	38	0.157894736842105	7	CHG	-1	2.50896904246235e-05	loss	NA	NA	NA	NA	NA
Fvb4	2703603	2703702	100	*	42	60	0.7	85	91	0.934065934065934	15	CHG	1	0.000251743559762519	gain	NA	NA	NA	NA	NA
Fvb4	2768403	2768502	100	*	43	63	0.682539682539683	89	97	0.917525773195876	15	CHG	1	0.000272688405020547	gain	NA	NA	NA	NA	NA
Fvb4	2955103	2955202	100	*	25	43	0.581395348837209	36	36	1	9	CHG	1	5.45298338484914e-05	gain	NA	NA	NA	NA	NA
Fvb4	3125303	3125402	100	*	34	35	0.971428571428571	16	25	0.64	5	CHG	-1	0.000698916022031036	loss	EVM	SO:0001952	FvH4_4g03471	1	NA
Fvb4	3223303	3223402	100	*	17	32	0.53125	5	38	0.131578947368421	7	CHG	-1	0.000436380223874597	loss	NA	NA	NA	NA	NA
Fvb4	4661003	4661102	100	*	37	63	0.587301587301587	42	47	0.893617021276596	10	CHG	1	0.000490351226517765	gain	NA	NA	NA	NA	NA
Fvb4	5031803	5031902	100	*	49	54	0.907407407407407	24	41	0.585365853658537	8	CHG	-1	0.000355024370024271	loss	EVM	SO:0001952	FvH4_4g05690	1	NA
Fvb4	5528803	5528902	100	*	22	26	0.846153846153846	8	22	0.363636363636364	4	CHG	-1	0.000614877510124289	loss	NA	NA	NA	NA	NA
Fvb4	5758503	5758602	100	*	30	44	0.681818181818182	61	65	0.938461538461538	11	CHG	1	0.000482589880752396	gain	EVM	SO:0001952	FvH4_4g06470	1	NA
Fvb4	5953503	5953602	100	*	46	67	0.686567164179104	104	110	0.945454545454545	14	CHG	1	2.50896904246235e-05	gain	NA	NA	NA	NA	NA
Fvb4	6206803	6206902	100	*	25	41	0.609756097560976	68	77	0.883116883116883	10	CHG	1	0.000586453834489643	gain	EVM	SO:0001952	FvH4_4g06881	1	NA
Fvb4	6489703	6489802	100	*	16	25	0.64	38	39	0.974358974358974	5	CHG	1	0.000432556402053554	gain	NA	NA	NA	NA	NA
Fvb4	6549003	6549102	100	*	14	34	0.411764705882353	57	74	0.77027027027027	8	CHG	1	0.000386491085121938	gain	NA	NA	NA	NA	NA
Fvb4	6804503	6804602	100	*	16	28	0.571428571428571	34	36	0.944444444444444	6	CHG	1	0.000436380223874597	gain	NA	NA	NA	NA	NA
Fvb4	6941803	6941902	100	*	12	18	0.666666666666667	3	25	0.12	4	CHG	-1	0.000337913182728851	loss	NA	NA	NA	NA	NA
Fvb4	7235503	7235602	100	*	20	29	0.689655172413793	33	33	1	6	CHG	1	0.000585917698921363	gain	NA	NA	NA	NA	NA
Fvb4	7720703	7720802	100	*	15	27	0.555555555555556	37	40	0.925	5	CHG	1	0.000460008508695634	gain	NA	NA	NA	NA	NA
Fvb4	7882703	7882802	100	*	36	37	0.972972972972973	35	56	0.625	9	CHG	-1	0.000242322194895002	loss	NA	NA	NA	NA	NA
Fvb4	7975803	7975902	100	*	34	57	0.596491228070175	70	76	0.921052631578947	13	CHG	1	4.28029949095179e-05	gain	NA	NA	NA	NA	NA
Fvb4	8422303	8422402	100	*	62	69	0.898550724637681	40	62	0.645161290322581	11	CHG	-1	0.000547630718685021	loss	NA	NA	NA	NA	NA
Fvb4	9000103	9000202	100	*	45	61	0.737704918032787	69	72	0.958333333333333	14	CHG	1	0.000404312767267782	gain	NA	NA	NA	NA	NA
Fvb4	9024403	9024502	100	*	31	71	0.436619718309859	85	106	0.80188679245283	14	CHG	1	6.41725081727134e-06	gain	NA	NA	NA	NA	NA
Fvb4	9048703	9048802	100	*	38	66	0.575757575757576	39	130	0.3	16	CHG	-1	0.000319600398213821	loss	NA	NA	NA	NA	NA
Fvb4	9090803	9090902	100	*	10	67	0.149253731343284	19	39	0.487179487179487	6	CHG	1	0.000305539271618665	gain	NA	NA	NA	NA	NA
Fvb4	9352303	9352402	100	*	22	33	0.666666666666667	76	81	0.938271604938272	8	CHG	1	0.000290403251894676	gain	NA	NA	NA	NA	NA
Fvb4	9389303	9389402	100	*	15	26	0.576923076923077	2	25	0.08	5	CHG	-1	0.000305539271618665	loss	NA	NA	NA	NA	NA
Fvb4	9416303	9416402	100	*	11	38	0.289473684210526	27	35	0.771428571428571	6	CHG	1	0.00012231695755974	gain	NA	NA	NA	NA	NA
Fvb4	9482003	9482102	100	*	35	66	0.53030303030303	70	81	0.864197530864197	14	CHG	1	4.73079768780812e-05	gain	NA	NA	NA	NA	NA
Fvb4	9551303	9551402	100	*	16	25	0.64	28	28	1	4	CHG	1	0.000551615495992916	gain	NA	NA	NA	NA	NA
Fvb4	9594403	9594502	100	*	43	78	0.551282051282051	79	97	0.814432989690722	12	CHG	1	0.000305539271618665	gain	NA	NA	NA	NA	NA
Fvb4	9629703	9629802	100	*	56	61	0.918032786885246	50	78	0.641025641025641	11	CHG	-1	0.000276729721908172	loss	NA	NA	NA	NA	NA
Fvb4	9734803	9734902	100	*	35	64	0.546875	60	73	0.821917808219178	8	CHG	1	0.000552057815211596	gain	NA	NA	NA	NA	NA
Fvb4	9840403	9840502	100	*	66	71	0.929577464788732	63	91	0.692307692307692	11	CHG	-1	0.000330534206693016	loss	NA	NA	NA	NA	NA
Fvb4	10002403	10002502	100	*	22	66	0.333333333333333	35	48	0.729166666666667	12	CHG	1	0.000106556853747109	gain	NA	NA	NA	NA	NA
Fvb4	10050403	10050502	100	*	60	95	0.631578947368421	105	125	0.84	15	CHG	1	0.000484957528852462	gain	NA	NA	NA	NA	NA
Fvb4	10103303	10103402	100	*	11	24	0.458333333333333	5	49	0.102040816326531	4	CHG	-1	0.000590239143613972	loss	NA	NA	NA	NA	NA
Fvb4	10103503	10103602	100	*	34	86	0.395348837209302	18	113	0.15929203539823	13	CHG	-1	0.00030969192697123	loss	NA	NA	NA	NA	NA
Fvb4	10384503	10384602	100	*	9	42	0.214285714285714	30	52	0.576923076923077	8	CHG	1	0.000473848109107395	gain	NA	NA	NA	NA	NA
Fvb4	10445203	10445302	100	*	35	54	0.648148148148148	46	49	0.938775510204082	9	CHG	1	0.000432556402053554	gain	NA	NA	NA	NA	NA
Fvb4	10454103	10454202	100	*	49	63	0.777777777777778	59	59	1	13	CHG	1	0.000251832972931151	gain	NA	NA	NA	NA	NA
Fvb4	10578603	10578702	100	*	107	164	0.652439024390244	107	243	0.440329218106996	20	CHG	-1	9.79642501261584e-05	loss	NA	NA	NA	NA	NA
Fvb4	10724703	10724802	100	*	32	75	0.426666666666667	65	83	0.783132530120482	13	CHG	1	2.92069550658401e-05	gain	NA	NA	NA	NA	NA
Fvb4	10751503	10751602	100	*	58	131	0.442748091603053	114	157	0.726114649681529	16	CHG	1	1.04772741120162e-05	gain	NA	NA	NA	NA	NA
Fvb4	10751603	10751702	100	*	40	136	0.294117647058824	91	168	0.541666666666667	21	CHG	1	6.80756915449616e-05	gain	NA	NA	NA	NA	NA
Fvb4	10751703	10751802	100	*	32	72	0.444444444444444	62	84	0.738095238095238	10	CHG	1	0.000319600398213821	gain	NA	NA	NA	NA	NA
Fvb4	10761103	10761202	100	*	8	36	0.222222222222222	32	47	0.680851063829787	6	CHG	1	0.000114475833153664	gain	NA	NA	NA	NA	NA
Fvb4	10778403	10778502	100	*	44	80	0.55	103	133	0.774436090225564	14	CHG	1	0.000632953678413846	gain	NA	NA	NA	NA	NA
Fvb4	10822703	10822802	100	*	24	25	0.96	13	24	0.541666666666667	4	CHG	-1	0.000684996564375684	loss	NA	NA	NA	NA	NA
Fvb4	10826503	10826602	100	*	59	60	0.983333333333333	49	65	0.753846153846154	9	CHG	-1	0.000317741463749289	loss	NA	NA	NA	NA	NA
Fvb4	11055403	11055502	100	*	5	57	0.087719298245614	33	94	0.351063829787234	9	CHG	1	0.000411718286144867	gain	NA	NA	NA	NA	NA
Fvb4	11263103	11263202	100	*	37	52	0.711538461538462	60	138	0.434782608695652	12	CHG	-1	0.000687184772913884	loss	NA	NA	NA	NA	NA
Fvb4	11289503	11289602	100	*	37	42	0.880952380952381	25	48	0.520833333333333	9	CHG	-1	0.00035632049285813	loss	NA	NA	NA	NA	NA
Fvb4	11336303	11336402	100	*	32	33	0.96969696969697	23	37	0.621621621621622	5	CHG	-1	0.00048008603087313	loss	NA	NA	NA	NA	NA
Fvb4	11605803	11605902	100	*	41	63	0.650793650793651	84	91	0.923076923076923	12	CHG	1	8.70120641518527e-05	gain	NA	NA	NA	NA	NA
Fvb4	11648603	11648702	100	*	14	24	0.583333333333333	39	41	0.951219512195122	6	CHG	1	0.000352848638598889	gain	NA	NA	NA	NA	NA
Fvb4	11653303	11653402	100	*	64	105	0.60952380952381	252	290	0.868965517241379	23	CHG	1	2.79224225374896e-07	gain	NA	NA	NA	NA	NA
Fvb4	11653403	11653502	100	*	41	66	0.621212121212121	124	145	0.855172413793103	16	CHG	1	0.000276053429989693	gain	NA	NA	NA	NA	NA
Fvb4	11837803	11837902	100	*	20	31	0.645161290322581	59	63	0.936507936507937	5	CHG	1	0.000401894888878525	gain	NA	NA	NA	NA	NA
Fvb4	11964203	11964302	100	*	44	45	0.977777777777778	42	59	0.711864406779661	10	CHG	-1	0.000469744243798941	loss	NA	NA	NA	NA	NA
Fvb4	12020003	12020102	100	*	40	67	0.597014925373134	104	119	0.873949579831933	14	CHG	1	6.76939787731376e-05	gain	NA	NA	NA	NA	NA
Fvb4	12033203	12033302	100	*	13	63	0.206349206349206	0	52	0	10	CHG	-1	0.000559275777553924	loss	NA	NA	NA	NA	NA
Fvb4	12129603	12129702	100	*	51	69	0.739130434782609	47	48	0.979166666666667	8	CHG	1	0.000583694512790663	gain	NA	NA	NA	NA	NA
Fvb4	12293903	12294002	100	*	18	40	0.45	4	50	0.08	9	CHG	-1	0.000142454535969608	loss	NA	NA	NA	NA	NA
Fvb4	12443503	12443602	100	*	32	50	0.64	108	124	0.870967741935484	10	CHG	1	0.000560595924907859	gain	NA	NA	NA	NA	NA
Fvb4	12502003	12502102	100	*	25	69	0.36231884057971	98	157	0.624203821656051	15	CHG	1	0.000391755223218937	gain	NA	NA	NA	NA	NA
Fvb4	12509203	12509302	100	*	9	45	0.2	49	90	0.544444444444444	11	CHG	1	0.000276729721908172	gain	NA	NA	NA	NA	NA
Fvb4	12514003	12514102	100	*	32	33	0.96969696969697	34	56	0.607142857142857	8	CHG	-1	0.000300256769198215	loss	NA	NA	NA	NA	NA
Fvb4	12533503	12533602	100	*	38	63	0.603174603174603	75	87	0.862068965517241	11	CHG	1	0.000400503858939103	gain	NA	NA	NA	NA	NA
Fvb4	12636703	12636802	100	*	57	88	0.647727272727273	74	188	0.393617021276596	17	CHG	-1	0.00020176639967685	loss	NA	NA	NA	NA	NA
Fvb4	12652703	12652802	100	*	56	56	1	43	55	0.781818181818182	8	CHG	-1	0.000342114368252137	loss	NA	NA	NA	NA	NA
Fvb4	12776603	12776702	100	*	38	70	0.542857142857143	60	73	0.821917808219178	13	CHG	1	0.000432556402053554	gain	NA	NA	NA	NA	NA
Fvb4	12776703	12776802	100	*	79	114	0.692982456140351	124	138	0.898550724637681	20	CHG	1	0.00012574021029783	gain	NA	NA	NA	NA	NA
Fvb4	12827503	12827602	100	*	32	44	0.727272727272727	63	66	0.954545454545455	10	CHG	1	0.000687184772913884	gain	NA	NA	NA	NA	NA
Fvb4	13072903	13073002	100	*	27	32	0.84375	14	46	0.304347826086957	7	CHG	-1	2.20265620560259e-05	loss	NA	NA	NA	NA	NA
Fvb4	13229303	13229402	100	*	39	51	0.764705882352941	46	46	1	9	CHG	1	0.00051154033987926	gain	EVM	SO:0001952	FvH4_4g10182	1	NA
Fvb4	13238903	13239002	100	*	36	37	0.972972972972973	27	44	0.613636363636364	8	CHG	-1	0.000235538261303358	loss	NA	NA	NA	NA	NA
Fvb4	13304203	13304302	100	*	26	48	0.541666666666667	67	79	0.848101265822785	11	CHG	1	0.000293290191204423	gain	NA	NA	NA	NA	NA
Fvb4	13305103	13305202	100	*	40	40	1	23	31	0.741935483870968	7	CHG	-1	0.000671557730890754	loss	NA	NA	NA	NA	NA
Fvb4	13334503	13334602	100	*	18	26	0.692307692307692	5	25	0.2	4	CHG	-1	0.000490351226517765	loss	NA	NA	NA	NA	NA
Fvb4	13407303	13407402	100	*	4	20	0.2	26	38	0.684210526315789	5	CHG	1	0.000522177166937459	gain	NA	NA	NA	NA	NA
Fvb4	13441303	13441402	100	*	31	31	1	52	74	0.702702702702703	7	CHG	-1	0.000664380899756456	loss	EVM	SO:0001952	FvH4_4g10230	1	NA
Fvb4	13491403	13491502	100	*	48	78	0.615384615384615	99	118	0.838983050847458	16	CHG	1	0.000483423345597917	gain	NA	NA	NA	NA	NA
Fvb4	13491503	13491602	100	*	44	88	0.5	103	122	0.844262295081967	21	CHG	1	1.39358751577751e-06	gain	NA	NA	NA	NA	NA
Fvb4	13493503	13493602	100	*	72	104	0.692307692307692	117	128	0.9140625	17	CHG	1	7.07445912135759e-05	gain	NA	NA	NA	NA	NA
Fvb4	13680103	13680202	100	*	51	56	0.910714285714286	67	102	0.656862745098039	12	CHG	-1	0.000518074620387724	loss	NA	NA	NA	NA	NA
Fvb4	13685703	13685802	100	*	22	32	0.6875	49	51	0.96078431372549	8	CHG	1	0.000608815479626127	gain	NA	NA	NA	NA	NA
Fvb4	13731203	13731302	100	*	40	64	0.625	68	76	0.894736842105263	15	CHG	1	0.000290403251894676	gain	NA	NA	NA	NA	NA
Fvb4	13869403	13869502	100	*	56	139	0.402877697841727	107	143	0.748251748251748	28	CHG	1	1.08683418838413e-07	gain	NA	NA	NA	NA	NA
Fvb4	13871403	13871502	100	*	52	87	0.597701149425287	111	131	0.847328244274809	19	CHG	1	0.000112568750175449	gain	NA	NA	NA	NA	NA
Fvb4	14186603	14186702	100	*	58	70	0.828571428571429	56	102	0.549019607843137	9	CHG	-1	0.000276729721908172	loss	NA	NA	NA	NA	NA
Fvb4	14702103	14702202	100	*	17	69	0.246376811594203	36	66	0.545454545454545	9	CHG	1	0.000461304533648527	gain	NA	NA	NA	NA	NA
Fvb4	14795503	14795602	100	*	38	63	0.603174603174603	33	119	0.277310924369748	8	CHG	-1	7.99995133252348e-05	loss	NA	NA	NA	NA	NA
Fvb4	15137003	15137102	100	*	31	57	0.543859649122807	18	77	0.233766233766234	12	CHG	-1	0.000355033360797836	loss	NA	NA	NA	NA	NA
Fvb4	15156403	15156502	100	*	14	37	0.378378378378378	29	36	0.805555555555556	8	CHG	1	0.000337913182728851	gain	NA	NA	NA	NA	NA
Fvb4	15612403	15612502	100	*	24	24	1	21	36	0.583333333333333	6	CHG	-1	0.000382629201462998	loss	NA	NA	NA	NA	NA
Fvb4	16165203	16165302	100	*	26	40	0.65	49	52	0.942307692307692	7	CHG	1	0.000436380223874597	gain	NA	NA	NA	NA	NA
Fvb4	16575503	16575602	100	*	16	45	0.355555555555556	26	35	0.742857142857143	6	CHG	1	0.000614339477540464	gain	EVM	SO:0001952	FvH4_4g12912	1	NA
Fvb4	17476503	17476602	100	*	10	27	0.37037037037037	0	31	0	6	CHG	-1	0.000330534206693016	loss	EVM	SO:0001952	FvH4_4g13940	1	NA
Fvb4	17520503	17520602	100	*	21	32	0.65625	9	39	0.230769230769231	7	CHG	-1	0.000414409798290018	loss	NA	NA	NA	NA	NA
Fvb4	17652703	17652802	100	*	77	81	0.950617283950617	63	84	0.75	13	CHG	-1	0.000432556402053554	loss	NA	NA	NA	NA	NA
Fvb4	17658903	17659002	100	*	67	75	0.893333333333333	51	77	0.662337662337662	14	CHG	-1	0.000659866510127517	loss	NA	NA	NA	NA	NA
Fvb4	18009703	18009802	100	*	11	25	0.44	41	48	0.854166666666667	6	CHG	1	0.000337913182728851	gain	EVM	SO:0001952	FvH4_4g14400	1	NA
Fvb4	18019703	18019802	100	*	27	41	0.658536585365854	25	79	0.316455696202532	10	CHG	-1	0.000436380223874597	loss	NA	NA	NA	NA	NA
Fvb4	18046203	18046302	100	*	3	29	0.103448275862069	16	23	0.695652173913043	4	CHG	1	5.57911863739646e-05	gain	EVM	SO:0001952	FvH4_4g14420	1	NA
Fvb4	18468003	18468102	100	*	46	99	0.464646464646465	67	91	0.736263736263736	13	CHG	1	0.000276729721908172	gain	NA	NA	NA	NA	NA
Fvb4	18530203	18530302	100	*	41	47	0.872340425531915	34	64	0.53125	10	CHG	-1	0.000287446652175375	loss	NA	NA	NA	NA	NA
Fvb4	18653203	18653302	100	*	69	90	0.766666666666667	189	194	0.974226804123711	21	CHG	1	3.53570742919761e-07	gain	NA	NA	NA	NA	NA
Fvb4	18716703	18716802	100	*	8	17	0.470588235294118	2	35	0.0571428571428571	4	CHG	-1	0.000473165493849649	loss	EVM	SO:0001952	FvH4_4g15141	1	NA
Fvb4	19036603	19036702	100	*	30	42	0.714285714285714	51	52	0.980769230769231	9	CHG	1	0.000330534206693016	gain	NA	NA	NA	NA	NA
Fvb4	19170703	19170802	100	*	51	69	0.739130434782609	92	95	0.968421052631579	13	CHG	1	6.76939787731376e-05	gain	EVM	SO:0001952	FvH4_4g15485	1	NA
Fvb4	19891603	19891702	100	*	54	56	0.964285714285714	44	65	0.676923076923077	10	CHG	-1	0.000161829382728685	loss	NA	NA	NA	NA	NA
Fvb4	20110303	20110402	100	*	10	117	0.0854700854700855	22	74	0.297297297297297	14	CHG	1	0.00027462098841334	gain	NA	NA	NA	NA	NA
Fvb4	20275303	20275402	100	*	44	72	0.611111111111111	211	230	0.917391304347826	15	CHG	1	1.21311898028553e-08	gain	NA	NA	NA	NA	NA
Fvb4	20275903	20276002	100	*	27	27	1	26	40	0.65	6	CHG	-1	0.000590239143613972	loss	NA	NA	NA	NA	NA
Fvb4	20297503	20297602	100	*	69	78	0.884615384615385	60	105	0.571428571428571	11	CHG	-1	2.92069550658401e-05	loss	EVM	SO:0001952	FvH4_4g16300	1	NA
Fvb4	20556203	20556302	100	*	50	58	0.862068965517241	37	69	0.536231884057971	13	CHG	-1	0.000202757606030416	loss	NA	NA	NA	NA	NA
Fvb4	20945103	20945202	100	*	54	99	0.545454545454545	72	92	0.782608695652174	19	CHG	1	0.000590239143613972	gain	NA	NA	NA	NA	NA
Fvb4	21215303	21215402	100	*	40	67	0.597014925373134	104	122	0.852459016393443	14	CHG	1	0.000201074592345551	gain	NA	NA	NA	NA	NA
Fvb4	21218503	21218602	100	*	18	19	0.947368421052632	6	22	0.272727272727273	4	CHG	-1	6.17088024308701e-05	loss	NA	NA	NA	NA	NA
Fvb4	21336503	21336602	100	*	74	87	0.850574712643678	44	72	0.611111111111111	18	CHG	-1	0.000622908850243103	loss	NA	NA	NA	NA	NA
Fvb4	21790603	21790702	100	*	28	37	0.756756756756757	77	80	0.9625	8	CHG	1	0.000671557730890754	gain	NA	NA	NA	NA	NA
Fvb4	22408603	22408702	100	*	35	37	0.945945945945946	27	47	0.574468085106383	9	CHG	-1	0.00025325832461558	loss	NA	NA	NA	NA	NA
Fvb4	22472603	22472702	100	*	27	40	0.675	40	40	1	9	CHG	1	0.00020176639967685	gain	EVM	SO:0001952	FvH4_4g18593	1	NA
Fvb4	22548803	22548902	100	*	30	51	0.588235294117647	47	53	0.886792452830189	10	CHG	1	0.000571119617554622	gain	NA	NA	NA	NA	NA
Fvb4	22853003	22853102	100	*	28	72	0.388888888888889	117	167	0.70059880239521	13	CHG	1	3.73685650423365e-05	gain	NA	NA	NA	NA	NA
Fvb4	22853103	22853202	100	*	40	75	0.533333333333333	167	208	0.802884615384615	18	CHG	1	3.85851181697183e-05	gain	NA	NA	NA	NA	NA
Fvb4	23106703	23106802	100	*	39	88	0.443181818181818	35	151	0.231788079470199	12	CHG	-1	0.000674210265244936	loss	NA	NA	NA	NA	NA
Fvb4	23846403	23846502	100	*	60	80	0.75	106	108	0.981481481481482	20	CHG	1	1.04772741120162e-05	gain	NA	NA	NA	NA	NA
Fvb4	24146303	24146402	100	*	25	26	0.961538461538462	13	27	0.481481481481481	5	CHG	-1	0.000233654419138705	loss	NA	NA	NA	NA	NA
Fvb4	24259903	24260002	100	*	21	21	1	26	44	0.590909090909091	5	CHG	-1	0.000607395143175628	loss	NA	NA	NA	NA	NA
Fvb4	24359003	24359102	100	*	51	72	0.708333333333333	88	96	0.916666666666667	18	CHG	1	0.000484957528852462	gain	NA	NA	NA	NA	NA
Fvb4	24634203	24634302	100	*	29	32	0.90625	16	33	0.484848484848485	7	CHG	-1	0.000356772842235313	loss	NA	NA	NA	NA	NA
Fvb4	25122203	25122302	100	*	21	31	0.67741935483871	51	53	0.962264150943396	7	CHG	1	0.000428828534296184	gain	NA	NA	NA	NA	NA
Fvb4	26167303	26167402	100	*	11	28	0.392857142857143	0	36	0	6	CHG	-1	0.000116930018589763	loss	NA	NA	NA	NA	NA
Fvb4	26416903	26417002	100	*	24	39	0.615384615384615	34	35	0.971428571428571	7	CHG	1	0.000334930388368032	gain	EVM	SO:0001952	FvH4_4g24140	1	NA
Fvb4	26714903	26715002	100	*	6	53	0.113207547169811	15	35	0.428571428571429	8	CHG	1	0.000698102007688398	gain	NA	NA	NA	NA	NA
Fvb4	27430103	27430202	100	*	70	117	0.598290598290598	109	136	0.801470588235294	22	CHG	1	0.000480593289345256	gain	EVM	SO:0001952	FvH4_4g25740	1	NA
Fvb4	28531803	28531902	100	*	5	45	0.111111111111111	28	63	0.444444444444444	9	CHG	1	0.000337913182728851	gain	EVM	SO:0001952	FvH4_4g27600	1	NA
Fvb4	28719203	28719302	100	*	10	39	0.256410256410256	31	46	0.673913043478261	4	CHG	1	0.000256659496618158	gain	NA	NA	NA	NA	NA
Fvb4	28744103	28744202	100	*	33	119	0.277310924369748	6	146	0.0410958904109589	12	CHG	-1	1.22963236373101e-06	loss	NA	NA	NA	NA	NA
Fvb4	29550803	29550902	100	*	14	27	0.518518518518518	24	25	0.96	5	CHG	1	0.000436380223874597	gain	NA	NA	NA	NA	NA
Fvb4	32740203	32740302	100	*	24	89	0.269662921348315	6	103	0.058252427184466	9	CHG	-1	0.000160844044020475	loss	NA	NA	NA	NA	NA
Fvb5	1221803	1221902	100	*	23	36	0.638888888888889	68	73	0.931506849315068	9	CHG	1	0.000239161941539301	gain	EVM	SO:0001952	FvH4_5g01944	1	NA
Fvb5	2274403	2274502	100	*	36	51	0.705882352941177	23	78	0.294871794871795	12	CHG	-1	3.0690181734203e-05	loss	NA	NA	NA	NA	NA
Fvb5	2276503	2276602	100	*	10	26	0.384615384615385	34	42	0.80952380952381	4	CHG	1	0.000455089289184883	gain	NA	NA	NA	NA	NA
Fvb5	2800203	2800302	100	*	16	37	0.432432432432432	65	83	0.783132530120482	9	CHG	1	0.000290403251894676	gain	NA	NA	NA	NA	NA
Fvb5	2805503	2805602	100	*	45	73	0.616438356164384	110	131	0.83969465648855	10	CHG	1	0.000438616896068844	gain	EVM	SO:0001952	FvH4_5g04762	1	NA
Fvb5	4460203	4460302	100	*	54	87	0.620689655172414	97	112	0.866071428571429	11	CHG	1	0.000163006342483192	gain	NA	NA	NA	NA	NA
Fvb5	4466403	4466502	100	*	13	37	0.351351351351351	35	41	0.853658536585366	6	CHG	1	3.44252468869809e-05	gain	NA	NA	NA	NA	NA
Fvb5	4466503	4466602	100	*	26	62	0.419354838709677	53	68	0.779411764705882	9	CHG	1	9.81297986985359e-05	gain	NA	NA	NA	NA	NA
Fvb5	5655103	5655202	100	*	27	38	0.710526315789474	14	48	0.291666666666667	6	CHG	-1	0.000244214465509696	loss	NA	NA	NA	NA	NA
Fvb5	6162503	6162602	100	*	76	126	0.603174603174603	48	127	0.377952755905512	23	CHG	-1	0.000436380223874597	loss	NA	NA	NA	NA	NA
Fvb5	6908603	6908702	100	*	16	34	0.470588235294118	46	55	0.836363636363636	6	CHG	1	0.000386084108739894	gain	NA	NA	NA	NA	NA
Fvb5	7592303	7592402	100	*	28	32	0.875	26	60	0.433333333333333	7	CHG	-1	0.000127384672317318	loss	NA	NA	NA	NA	NA
Fvb5	9578903	9579002	100	*	60	60	1	53	69	0.768115942028985	11	CHG	-1	0.000175991851705239	loss	NA	NA	NA	NA	NA
Fvb5	10707503	10707602	100	*	32	47	0.680851063829787	52	53	0.981132075471698	10	CHG	1	0.000129935206770127	gain	NA	NA	NA	NA	NA
Fvb5	10930503	10930602	100	*	116	129	0.89922480620155	79	118	0.669491525423729	12	CHG	-1	5.38674626127939e-05	loss	NA	NA	NA	NA	NA
Fvb5	11613503	11613602	100	*	30	43	0.697674418604651	36	98	0.36734693877551	10	CHG	-1	0.000408974390783332	loss	NA	NA	NA	NA	NA
Fvb5	12150403	12150502	100	*	47	109	0.431192660550459	75	108	0.694444444444444	17	CHG	1	0.000221145161251881	gain	NA	NA	NA	NA	NA
Fvb5	12793303	12793402	100	*	213	374	0.56951871657754	663	823	0.805589307411908	26	CHG	1	8.70282326593097e-16	gain	NA	NA	NA	NA	NA
Fvb5	13199803	13199902	100	*	32	108	0.296296296296296	74	127	0.582677165354331	22	CHG	1	5.68390428257543e-05	gain	NA	NA	NA	NA	NA
Fvb5	13340603	13340702	100	*	59	62	0.951612903225806	53	74	0.716216216216216	10	CHG	-1	0.000436380223874597	loss	NA	NA	NA	NA	NA
Fvb5	14011803	14011902	100	*	42	70	0.6	95	106	0.89622641509434	17	CHG	1	2.59515856095734e-05	gain	NA	NA	NA	NA	NA
Fvb5	15521503	15521602	100	*	25	60	0.416666666666667	52	66	0.787878787878788	12	CHG	1	8.27400586934035e-05	gain	NA	NA	NA	NA	NA
Fvb5	15715703	15715802	100	*	40	94	0.425531914893617	48	65	0.738461538461539	15	CHG	1	0.000224245829446423	gain	NA	NA	NA	NA	NA
Fvb5	16980003	16980102	100	*	81	96	0.84375	55	91	0.604395604395604	16	CHG	-1	0.000363897471617486	loss	NA	NA	NA	NA	NA
Fvb5	17167103	17167202	100	*	78	81	0.962962962962963	56	74	0.756756756756757	14	CHG	-1	0.000311786249499907	loss	NA	NA	NA	NA	NA
Fvb5	17260203	17260302	100	*	10	23	0.434782608695652	0	26	0	5	CHG	-1	0.000304853902295771	loss	NA	NA	NA	NA	NA
Fvb5	17386903	17387002	100	*	44	78	0.564102564102564	83	86	0.965116279069767	15	CHG	1	2.23933230053821e-08	gain	NA	NA	NA	NA	NA
Fvb5	17767203	17767302	100	*	29	38	0.763157894736842	67	68	0.985294117647059	9	CHG	1	0.000310008418948003	gain	NA	NA	NA	NA	NA
Fvb5	17836503	17836602	100	*	44	62	0.709677419354839	21	55	0.381818181818182	8	CHG	-1	0.000456106427439679	loss	NA	NA	NA	NA	NA
Fvb5	18327703	18327802	100	*	23	32	0.71875	41	41	1	8	CHG	1	0.000401894888878525	gain	NA	NA	NA	NA	NA
Fvb5	19257403	19257502	100	*	32	61	0.524590163934426	33	128	0.2578125	14	CHG	-1	0.000415528615134489	loss	NA	NA	NA	NA	NA
Fvb5	19300003	19300102	100	*	61	73	0.835616438356164	17	38	0.447368421052632	8	CHG	-1	8.70120641518527e-05	loss	EVM	SO:0001952	FvH4_5g28072	1	NA
Fvb5	19300903	19301002	100	*	37	41	0.902439024390244	21	46	0.456521739130435	8	CHG	-1	5.57911863739646e-05	loss	EVM	SO:0001952	FvH4_5g28072	1	NA
Fvb5	19706403	19706502	100	*	11	33	0.333333333333333	31	41	0.75609756097561	6	CHG	1	0.000384814066092436	gain	EVM	SO:0001952	FvH4_5g28560	1	NA
Fvb5	21118303	21118402	100	*	30	145	0.206896551724138	132	231	0.571428571428571	19	CHG	1	1.38731287427434e-10	gain	NA	NA	NA	NA	NA
Fvb5	22031903	22032002	100	*	33	52	0.634615384615385	85	91	0.934065934065934	11	CHG	1	3.61135508704049e-05	gain	EVM	SO:0001952	FvH4_5g31093	1	NA
Fvb5	22145403	22145502	100	*	28	86	0.325581395348837	58	91	0.637362637362637	17	CHG	1	0.000113708132961779	gain	NA	NA	NA	NA	NA
Fvb5	22476003	22476102	100	*	40	51	0.784313725490196	67	68	0.985294117647059	9	CHG	1	0.000425428497484471	gain	NA	NA	NA	NA	NA
Fvb5	22566103	22566202	100	*	22	50	0.44	121	155	0.780645161290323	12	CHG	1	3.36698064246554e-05	gain	NA	NA	NA	NA	NA
Fvb5	22622703	22622802	100	*	40	54	0.740740740740741	106	112	0.946428571428571	12	CHG	1	0.000276729721908172	gain	NA	NA	NA	NA	NA
Fvb5	22653903	22654002	100	*	44	102	0.431372549019608	46	261	0.176245210727969	21	CHG	-1	5.17538171151955e-06	loss	NA	NA	NA	NA	NA
Fvb5	22737003	22737102	100	*	58	86	0.674418604651163	135	147	0.918367346938776	16	CHG	1	1.6617279326258e-05	gain	NA	NA	NA	NA	NA
Fvb5	22828403	22828502	100	*	10	24	0.416666666666667	25	28	0.892857142857143	4	CHG	1	0.000384814066092436	gain	NA	NA	NA	NA	NA
Fvb5	22845703	22845802	100	*	16	36	0.444444444444444	5	52	0.0961538461538462	9	CHG	-1	0.000304853902295771	loss	NA	NA	NA	NA	NA
Fvb5	22863103	22863202	100	*	35	59	0.593220338983051	103	122	0.844262295081967	12	CHG	1	0.000330534206693016	gain	NA	NA	NA	NA	NA
Fvb5	23322703	23322802	100	*	49	54	0.907407407407407	32	57	0.56140350877193	9	CHG	-1	0.00012582807799091	loss	NA	NA	NA	NA	NA
Fvb5	24502703	24502802	100	*	27	29	0.931034482758621	17	36	0.472222222222222	7	CHG	-1	0.000207001349654296	loss	NA	NA	NA	NA	NA
Fvb5	24704803	24704902	100	*	56	58	0.96551724137931	52	83	0.626506024096386	11	CHG	-1	2.30490617629914e-05	loss	NA	NA	NA	NA	NA
Fvb5	24805703	24805802	100	*	27	49	0.551020408163265	40	45	0.888888888888889	10	CHG	1	0.000410561418514485	gain	NA	NA	NA	NA	NA
Fvb5	27176903	27177002	100	*	34	60	0.566666666666667	94	113	0.831858407079646	13	CHG	1	0.000291788873832458	gain	NA	NA	NA	NA	NA
Fvb5	27601203	27601302	100	*	53	57	0.929824561403509	60	93	0.645161290322581	10	CHG	-1	0.000211444017921116	loss	NA	NA	NA	NA	NA
Fvb5	28972703	28972802	100	*	36	59	0.610169491525424	50	52	0.961538461538462	10	CHG	1	5.38674626127939e-05	gain	NA	NA	NA	NA	NA
Fvb5	29254003	29254102	100	*	29	58	0.5	66	83	0.795180722891566	10	CHG	1	0.000357790347727874	gain	NA	NA	NA	NA	NA
Fvb5	29364303	29364402	100	*	34	71	0.47887323943662	74	89	0.831460674157303	11	CHG	1	1.91878560902552e-05	gain	NA	NA	NA	NA	NA
Fvb6	184003	184102	100	*	7	20	0.35	1	42	0.0238095238095238	5	CHG	-1	0.000436380223874597	loss	NA	NA	NA	NA	NA
Fvb6	244103	244202	100	*	22	29	0.758620689655172	10	41	0.24390243902439	6	CHG	-1	8.46180700163122e-05	loss	NA	NA	NA	NA	NA
Fvb6	1075203	1075302	100	*	32	55	0.581818181818182	61	67	0.91044776119403	10	CHG	1	8.74779158722375e-05	gain	NA	NA	NA	NA	NA
Fvb6	1103503	1103602	100	*	11	47	0.234042553191489	33	47	0.702127659574468	8	CHG	1	3.50493778626356e-05	gain	EVM	SO:0001952	FvH4_6g01940	1	NA
Fvb6	2242203	2242302	100	*	14	119	0.117647058823529	61	159	0.383647798742138	25	CHG	1	8.2269967755284e-06	gain	NA	NA	NA	NA	NA
Fvb6	2678803	2678902	100	*	29	47	0.617021276595745	13	57	0.228070175438596	11	CHG	-1	0.000160844044020475	loss	NA	NA	NA	NA	NA
Fvb6	3155403	3155502	100	*	14	57	0.245614035087719	35	48	0.729166666666667	9	CHG	1	8.2269967755284e-06	gain	NA	NA	NA	NA	NA
Fvb6	3160203	3160302	100	*	34	55	0.618181818181818	6	39	0.153846153846154	8	CHG	-1	4.28029949095179e-05	loss	NA	NA	NA	NA	NA
Fvb6	3308503	3308602	100	*	19	32	0.59375	61	68	0.897058823529412	6	CHG	1	0.000484491061804561	gain	NA	NA	NA	NA	NA
Fvb6	4396503	4396602	100	*	14	34	0.411764705882353	39	49	0.795918367346939	8	CHG	1	0.000436380223874597	gain	NA	NA	NA	NA	NA
Fvb6	5137203	5137302	100	*	14	36	0.388888888888889	34	39	0.871794871794872	8	CHG	1	6.55443563140831e-05	gain	NA	NA	NA	NA	NA
Fvb6	6363503	6363602	100	*	41	72	0.569444444444444	61	70	0.871428571428571	16	CHG	1	0.000168721630126879	gain	NA	NA	NA	NA	NA
Fvb6	6794703	6794802	100	*	63	66	0.954545454545455	62	89	0.696629213483146	16	CHG	-1	0.000161222014107153	loss	NA	NA	NA	NA	NA
Fvb6	8044503	8044602	100	*	1	50	0.02	15	55	0.272727272727273	9	CHG	1	0.00043005222473414	gain	NA	NA	NA	NA	NA
Fvb6	8308703	8308802	100	*	3	56	0.0535714285714286	33	63	0.523809523809524	13	CHG	1	4.96508594395581e-07	gain	NA	NA	NA	NA	NA
Fvb6	8866003	8866102	100	*	34	67	0.507462686567164	72	92	0.782608695652174	16	CHG	1	0.000398099047010526	gain	NA	NA	NA	NA	NA
Fvb6	9027303	9027402	100	*	14	44	0.318181818181818	51	77	0.662337662337662	10	CHG	1	0.000382211941840292	gain	NA	NA	NA	NA	NA
Fvb6	10615503	10615602	100	*	12	38	0.315789473684211	46	61	0.754098360655738	9	CHG	1	7.52227485749716e-05	gain	NA	NA	NA	NA	NA
Fvb6	11314503	11314602	100	*	65	71	0.915492957746479	77	111	0.693693693693694	15	CHG	-1	0.00050005839031735	loss	NA	NA	NA	NA	NA
Fvb6	11634603	11634702	100	*	15	45	0.333333333333333	10	116	0.0862068965517241	9	CHG	-1	0.000229856058234778	loss	NA	NA	NA	NA	NA
Fvb6	11829103	11829202	100	*	41	46	0.891304347826087	24	44	0.545454545454545	11	CHG	-1	0.000375598782860122	loss	NA	NA	NA	NA	NA
Fvb6	12033803	12033902	100	*	65	65	1	83	110	0.754545454545455	15	CHG	-1	6.76939787731376e-05	loss	NA	NA	NA	NA	NA
Fvb6	12252903	12253002	100	*	12	16	0.75	4	24	0.166666666666667	4	CHG	-1	0.000352848638598889	loss	EVM	SO:0001952	FvH4_6g18490	1	NA
Fvb6	12715603	12715702	100	*	58	67	0.865671641791045	44	80	0.55	8	CHG	-1	0.000115804480174376	loss	NA	NA	NA	NA	NA
Fvb6	12766103	12766202	100	*	16	35	0.457142857142857	56	69	0.811594202898551	8	CHG	1	0.000342114368252137	gain	NA	NA	NA	NA	NA
Fvb6	12799103	12799202	100	*	1	16	0.0625	14	22	0.636363636363636	4	CHG	1	0.000444176115684375	gain	EVM	SO:0001952	FvH4_6g19290	1	NA
Fvb6	12916303	12916402	100	*	63	70	0.9	36	59	0.610169491525424	14	CHG	-1	0.000231988395047529	loss	NA	NA	NA	NA	NA
Fvb6	14194003	14194102	100	*	50	97	0.515463917525773	106	140	0.757142857142857	18	CHG	1	0.000246208568140159	gain	NA	NA	NA	NA	NA
Fvb6	14390303	14390402	100	*	54	61	0.885245901639344	74	117	0.632478632478632	15	CHG	-1	0.000456705783451753	loss	EVM	SO:0001952	FvH4_6g20900	1	NA
Fvb6	14616903	14617002	100	*	25	30	0.833333333333333	24	62	0.387096774193548	6	CHG	-1	0.000160861383898578	loss	NA	NA	NA	NA	NA
Fvb6	14832603	14832702	100	*	1	64	0.015625	49	137	0.357664233576642	9	CHG	1	2.734495177328e-06	gain	NA	NA	NA	NA	NA
Fvb6	14970303	14970402	100	*	20	39	0.512820512820513	80	96	0.833333333333333	7	CHG	1	0.000250939771849983	gain	EVM	SO:0001952	FvH4_6g21376	1	NA
Fvb6	15395003	15395102	100	*	31	32	0.96875	24	40	0.6	8	CHG	-1	0.000375598782860122	loss	NA	NA	NA	NA	NA
Fvb6	15445503	15445602	100	*	13	28	0.464285714285714	38	43	0.883720930232558	6	CHG	1	0.000256102447503874	gain	NA	NA	NA	NA	NA
Fvb6	15488703	15488802	100	*	25	35	0.714285714285714	49	49	1	6	CHG	1	0.000175991851705239	gain	EVM	SO:0001952	FvH4_6g21852	1	NA
Fvb6	15547903	15548002	100	*	7	28	0.25	38	57	0.666666666666667	7	CHG	1	0.000410315087667636	gain	EVM	SO:0001952	FvH4_6g21872	1	NA
Fvb6	16008403	16008502	100	*	48	76	0.631578947368421	116	134	0.865671641791045	18	CHG	1	0.00020176639967685	gain	NA	NA	NA	NA	NA
Fvb6	16765703	16765802	100	*	46	47	0.978723404255319	31	45	0.688888888888889	9	CHG	-1	0.000305539271618665	loss	NA	NA	NA	NA	NA
Fvb6	16864103	16864202	100	*	18	51	0.352941176470588	43	62	0.693548387096774	8	CHG	1	0.000411718286144867	gain	NA	NA	NA	NA	NA
Fvb6	17011303	17011402	100	*	9	16	0.5625	32	32	1	4	CHG	1	0.000148038162429691	gain	NA	NA	NA	NA	NA
Fvb6	17259003	17259102	100	*	22	22	1	18	34	0.529411764705882	4	CHG	-1	0.000277668076182265	loss	EVM	SO:0001952	FvH4_6g23262	1	NA
Fvb6	17415803	17415902	100	*	34	56	0.607142857142857	37	131	0.282442748091603	11	CHG	-1	0.000101421238707944	loss	NA	NA	NA	NA	NA
Fvb6	18904503	18904602	100	*	15	30	0.5	3	37	0.0810810810810811	5	CHG	-1	0.0002528081490762	loss	NA	NA	NA	NA	NA
Fvb6	18911103	18911202	100	*	5	33	0.151515151515152	28	45	0.622222222222222	8	CHG	1	0.000112568750175449	gain	EVM	SO:0001952	FvH4_6g24970	1	NA
Fvb6	19269703	19269802	100	*	61	106	0.575471698113208	161	186	0.865591397849462	20	CHG	1	4.82663506831739e-07	gain	NA	NA	NA	NA	NA
Fvb6	19400003	19400102	100	*	46	49	0.938775510204082	75	111	0.675675675675676	12	CHG	-1	0.000444176115684375	loss	NA	NA	NA	NA	NA
Fvb6	19432403	19432502	100	*	45	45	1	60	79	0.759493670886076	10	CHG	-1	0.000442052816635253	loss	NA	NA	NA	NA	NA
Fvb6	19490803	19490902	100	*	50	99	0.505050505050505	29	139	0.20863309352518	16	CHG	-1	1.55606439319691e-05	loss	NA	NA	NA	NA	NA
Fvb6	19653903	19654002	100	*	11	50	0.22	0	56	0	7	CHG	-1	0.000337913182728851	loss	NA	NA	NA	NA	NA
Fvb6	19827503	19827602	100	*	51	107	0.476635514018692	27	124	0.217741935483871	13	CHG	-1	0.000113708132961779	loss	NA	NA	NA	NA	NA
Fvb6	20363203	20363302	100	*	73	77	0.948051948051948	54	73	0.73972602739726	16	CHG	-1	0.000483423345597917	loss	EVM	SO:0001952	FvH4_6g26672	1	NA
Fvb6	20508703	20508802	100	*	32	46	0.695652173913043	64	68	0.941176470588235	10	CHG	1	0.000496403253913997	gain	NA	NA	NA	NA	NA
Fvb6	21194103	21194202	100	*	15	44	0.340909090909091	1	57	0.0175438596491228	9	CHG	-1	5.48978421737268e-05	loss	EVM	SO:0001952	FvH4_6g27560	1	NA
Fvb6	21862303	21862402	100	*	31	46	0.673913043478261	11	52	0.211538461538462	9	CHG	-1	2.73397912529935e-05	loss	NA	NA	NA	NA	NA
Fvb6	21987703	21987802	100	*	30	45	0.666666666666667	77	84	0.916666666666667	10	CHG	1	0.000430303680575385	gain	NA	NA	NA	NA	NA
Fvb6	22077903	22078002	100	*	42	72	0.583333333333333	48	51	0.941176470588235	12	CHG	1	5.48978421737268e-05	gain	NA	NA	NA	NA	NA
Fvb6	22251603	22251702	100	*	33	56	0.589285714285714	52	164	0.317073170731707	14	CHG	-1	0.000414349696761077	loss	NA	NA	NA	NA	NA
Fvb6	23046503	23046602	100	*	3	20	0.15	20	26	0.769230769230769	5	CHG	1	0.000109882235103833	gain	NA	NA	NA	NA	NA
Fvb6	24655603	24655702	100	*	10	34	0.294117647058824	25	35	0.714285714285714	6	CHG	1	0.000543637465727277	gain	NA	NA	NA	NA	NA
Fvb6	25174903	25175002	100	*	17	29	0.586206896551724	10	53	0.188679245283019	7	CHG	-1	0.000375598782860122	loss	NA	NA	NA	NA	NA
Fvb6	25195203	25195302	100	*	32	89	0.359550561797753	16	115	0.139130434782609	13	CHG	-1	0.000356772842235313	loss	NA	NA	NA	NA	NA
Fvb6	25892503	25892602	100	*	85	89	0.955056179775281	64	90	0.711111111111111	22	CHG	-1	6.22276651189141e-05	loss	NA	NA	NA	NA	NA
Fvb6	26579603	26579702	100	*	18	26	0.692307692307692	57	58	0.982758620689655	6	CHG	1	0.000179177617669023	gain	NA	NA	NA	NA	NA
Fvb6	26676403	26676502	100	*	48	53	0.905660377358491	69	107	0.644859813084112	12	CHG	-1	0.000528875472518581	loss	NA	NA	NA	NA	NA
Fvb6	28053203	28053302	100	*	32	66	0.484848484848485	11	70	0.157142857142857	9	CHG	-1	0.000124858224097018	loss	EVM	SO:0001952	FvH4_6g35560	1	NA
Fvb6	28329303	28329402	100	*	32	54	0.592592592592593	74	82	0.902439024390244	10	CHG	1	8.35631019848821e-05	gain	NA	NA	NA	NA	NA
Fvb6	28654803	28654902	100	*	63	70	0.9	30	49	0.612244897959184	11	CHG	-1	0.000317741463749289	loss	NA	NA	NA	NA	NA
Fvb6	29140303	29140402	100	*	38	84	0.452380952380952	7	82	0.0853658536585366	17	CHG	-1	1.73057510355294e-06	loss	NA	NA	NA	NA	NA
Fvb6	29907103	29907202	100	*	33	91	0.362637362637363	76	120	0.633333333333333	18	CHG	1	0.000226969988459305	gain	NA	NA	NA	NA	NA
Fvb6	29960803	29960902	100	*	52	71	0.732394366197183	27	63	0.428571428571429	13	CHG	-1	0.000448407728525875	loss	NA	NA	NA	NA	NA
Fvb6	29999403	29999502	100	*	38	73	0.520547945205479	71	78	0.91025641025641	16	CHG	1	1.60950756281452e-06	gain	NA	NA	NA	NA	NA
Fvb6	30057203	30057302	100	*	8	36	0.222222222222222	27	42	0.642857142857143	5	CHG	1	0.000330534206693016	gain	NA	NA	NA	NA	NA
Fvb6	30742103	30742202	100	*	18	30	0.6	67	71	0.943661971830986	7	CHG	1	7.07445912135759e-05	gain	EVM	SO:0001952	FvH4_6g38841	1	NA
Fvb6	31566503	31566602	100	*	42	88	0.477272727272727	83	111	0.747747747747748	16	CHG	1	0.000212856339881103	gain	NA	NA	NA	NA	NA
Fvb6	31569303	31569402	100	*	58	104	0.557692307692308	126	157	0.802547770700637	20	CHG	1	8.70120641518527e-05	gain	NA	NA	NA	NA	NA
Fvb6	32248903	32249002	100	*	35	37	0.945945945945946	32	54	0.592592592592593	6	CHG	-1	0.000308794911495198	loss	EVM	SO:0001952	FvH4_6g40841	1	NA
Fvb6	32799703	32799802	100	*	18	24	0.75	47	47	1	4	CHG	1	0.000436380223874597	gain	EVM	SO:0001952	FvH4_6g41873	1	NA
Fvb6	33009203	33009302	100	*	35	47	0.74468085106383	53	54	0.981481481481482	6	CHG	1	0.00047849330980256	gain	NA	NA	NA	NA	NA
Fvb6	33926503	33926602	100	*	39	50	0.78	52	52	1	11	CHG	1	0.000436380223874597	gain	EVM	SO:0001952	FvH4_6g43910	1	NA
Fvb6	33949103	33949202	100	*	44	76	0.578947368421053	83	97	0.855670103092783	17	CHG	1	0.000129935206770127	gain	NA	NA	NA	NA	NA
Fvb6	34378603	34378702	100	*	39	89	0.438202247191011	129	169	0.763313609467456	21	CHG	1	2.93503659048493e-06	gain	NA	NA	NA	NA	NA
Fvb6	35835703	35835802	100	*	91	121	0.752066115702479	148	154	0.961038961038961	14	CHG	1	4.43161747539867e-06	gain	NA	NA	NA	NA	NA
Fvb6	35835803	35835902	100	*	49	74	0.662162162162162	90	95	0.947368421052632	9	CHG	1	1.37355309800416e-05	gain	NA	NA	NA	NA	NA
Fvb6	35851403	35851502	100	*	94	141	0.666666666666667	113	129	0.875968992248062	19	CHG	1	0.000141775915554933	gain	NA	NA	NA	NA	NA
Fvb6	36566403	36566502	100	*	12	25	0.48	30	32	0.9375	6	CHG	1	0.000228093924292281	gain	NA	NA	NA	NA	NA
Fvb6	36808303	36808402	100	*	11	22	0.5	0	18	0	4	CHG	-1	0.000501642725064663	loss	EVM	SO:0001952	FvH4_6g49020	1	NA
Fvb6	37415403	37415502	100	*	3	26	0.115384615384615	17	26	0.653846153846154	5	CHG	1	0.000173859424025176	gain	NA	NA	NA	NA	NA
Fvb6	37657603	37657702	100	*	6	76	0.0789473684210526	30	103	0.29126213592233	10	CHG	1	0.000528875472518581	gain	NA	NA	NA	NA	NA
Fvb6	38226203	38226302	100	*	29	75	0.386666666666667	11	91	0.120879120879121	15	CHG	-1	0.000175991851705239	loss	NA	NA	NA	NA	NA
Fvb6	38767603	38767702	100	*	26	39	0.666666666666667	10	42	0.238095238095238	6	CHG	-1	0.000233654419138705	loss	NA	NA	NA	NA	NA
Fvb6	39577103	39577202	100	*	16	36	0.444444444444444	59	70	0.842857142857143	8	CHG	1	8.27400586934035e-05	gain	NA	NA	NA	NA	NA
Fvb6	39584303	39584402	100	*	8	33	0.242424242424242	30	38	0.789473684210526	6	CHG	1	2.76816136330397e-05	gain	NA	NA	NA	NA	NA
Fvb6	39584503	39584602	100	*	53	77	0.688311688311688	120	131	0.916030534351145	13	CHG	1	8.8535738177158e-05	gain	NA	NA	NA	NA	NA
Fvb6	39585903	39586002	100	*	20	54	0.37037037037037	48	63	0.761904761904762	9	CHG	1	8.19909459599012e-05	gain	NA	NA	NA	NA	NA
Fvb6	39605303	39605402	100	*	23	47	0.48936170212766	75	87	0.862068965517241	11	CHG	1	2.50896904246235e-05	gain	NA	NA	NA	NA	NA
Fvb7	840602	840701	100	*	4	48	0.0833333333333333	39	90	0.433333333333333	11	CHG	1	9.0755563463888e-05	gain	EVM	SO:0001952	FvH4_7g00215	1	NA
Fvb7	867102	867201	100	*	13	40	0.325	35	48	0.729166666666667	9	CHG	1	0.000288513572278592	gain	NA	NA	NA	NA	NA
Fvb7	940802	940901	100	*	31	68	0.455882352941176	95	120	0.791666666666667	17	CHG	1	2.12003032512119e-05	gain	NA	NA	NA	NA	NA
Fvb7	940902	941001	100	*	81	118	0.686440677966102	141	158	0.892405063291139	22	CHG	1	8.28428000564761e-05	gain	NA	NA	NA	NA	NA
Fvb7	1030402	1030501	100	*	50	66	0.757575757575758	139	144	0.965277777777778	14	CHG	1	2.46470697409526e-05	gain	NA	NA	NA	NA	NA
Fvb7	1225302	1225401	100	*	32	73	0.438356164383562	77	97	0.793814432989691	17	CHG	1	1.56274645173853e-05	gain	NA	NA	NA	NA	NA
Fvb7	1270202	1270301	100	*	13	25	0.52	43	44	0.977272727272727	6	CHG	1	2.35791636388407e-05	gain	NA	NA	NA	NA	NA
Fvb7	1485402	1485501	100	*	36	41	0.878048780487805	20	38	0.526315789473684	9	CHG	-1	0.000618046898985011	loss	NA	NA	NA	NA	NA
Fvb7	1488602	1488701	100	*	21	35	0.6	38	40	0.95	8	CHG	1	0.000351819761245355	gain	NA	NA	NA	NA	NA
Fvb7	1729602	1729701	100	*	1	55	0.0181818181818182	26	85	0.305882352941176	13	CHG	1	9.51111169246479e-05	gain	NA	NA	NA	NA	NA
Fvb7	2142902	2143001	100	*	53	86	0.616279069767442	58	65	0.892307692307692	12	CHG	1	0.000277668076182265	gain	NA	NA	NA	NA	NA
Fvb7	2399902	2400001	100	*	14	93	0.150537634408602	76	210	0.361904761904762	14	CHG	1	0.000335398396987557	gain	EVM	SO:0001952	FvH4_7g02040	1	NA
Fvb7	2578902	2579001	100	*	16	32	0.5	36	40	0.9	7	CHG	1	0.000305539271618665	gain	NA	NA	NA	NA	NA
Fvb7	2805302	2805401	100	*	31	43	0.720930232558139	45	46	0.978260869565217	6	CHG	1	0.000623939181131287	gain	NA	NA	NA	NA	NA
Fvb7	3449302	3449401	100	*	9	44	0.204545454545455	24	42	0.571428571428571	8	CHG	1	0.000536454306101815	gain	NA	NA	NA	NA	NA
Fvb7	3452602	3452701	100	*	14	20	0.7	37	37	1	4	CHG	1	0.00050289919786056	gain	NA	NA	NA	NA	NA
Fvb7	3471602	3471701	100	*	24	41	0.585365853658537	49	53	0.924528301886792	8	CHG	1	0.000216304780532371	gain	EVM	SO:0001952	FvH4_7g03074	1	NA
Fvb7	3675502	3675601	100	*	12	86	0.13953488372093	43	98	0.438775510204082	13	CHG	1	5.38674626127939e-05	gain	NA	NA	NA	NA	NA
Fvb7	4021402	4021501	100	*	19	43	0.441860465116279	35	42	0.833333333333333	10	CHG	1	0.000310741908612461	gain	NA	NA	NA	NA	NA
Fvb7	4042402	4042501	100	*	45	60	0.75	76	79	0.962025316455696	14	CHG	1	0.000353516002017761	gain	NA	NA	NA	NA	NA
Fvb7	5549902	5550001	100	*	54	60	0.9	38	60	0.633333333333333	10	CHG	-1	0.000595905818366831	loss	NA	NA	NA	NA	NA
Fvb7	5694502	5694601	100	*	33	85	0.388235294117647	27	186	0.145161290322581	11	CHG	-1	4.45881521527786e-05	loss	NA	NA	NA	NA	NA
Fvb7	5895802	5895901	100	*	14	45	0.311111111111111	3	72	0.0416666666666667	9	CHG	-1	0.000160844044020475	loss	NA	NA	NA	NA	NA
Fvb7	6020402	6020501	100	*	28	53	0.528301886792453	11	60	0.183333333333333	12	CHG	-1	0.000251743559762519	loss	NA	NA	NA	NA	NA
Fvb7	6111402	6111501	100	*	45	48	0.9375	46	69	0.666666666666667	10	CHG	-1	0.000579477329273681	loss	NA	NA	NA	NA	NA
Fvb7	6634502	6634601	100	*	44	64	0.6875	65	70	0.928571428571429	10	CHG	1	0.000438616896068844	gain	NA	NA	NA	NA	NA
Fvb7	7279002	7279101	100	*	23	57	0.403508771929825	9	74	0.121621621621622	6	CHG	-1	0.000330534206693016	loss	NA	NA	NA	NA	NA
Fvb7	7384602	7384701	100	*	20	30	0.666666666666667	30	30	1	7	CHG	1	0.00058213255338481	gain	NA	NA	NA	NA	NA
Fvb7	7605902	7606001	100	*	40	61	0.655737704918033	68	74	0.918918918918919	15	CHG	1	0.000277823677746848	gain	NA	NA	NA	NA	NA
Fvb7	9029602	9029701	100	*	15	35	0.428571428571429	8	68	0.117647058823529	7	CHG	-1	0.000436380223874597	loss	NA	NA	NA	NA	NA
Fvb7	9029702	9029801	100	*	40	65	0.615384615384615	15	54	0.277777777777778	10	CHG	-1	0.000358684304275923	loss	NA	NA	NA	NA	NA
Fvb7	9051702	9051801	100	*	27	52	0.519230769230769	4	78	0.0512820512820513	10	CHG	-1	2.23933230053821e-08	loss	NA	NA	NA	NA	NA
Fvb7	9209302	9209401	100	*	14	42	0.333333333333333	31	44	0.704545454545455	8	CHG	1	0.000609104519901683	gain	NA	NA	NA	NA	NA
Fvb7	9211602	9211701	100	*	20	37	0.540540540540541	5	60	0.0833333333333333	6	CHG	-1	6.67409090672796e-06	loss	NA	NA	NA	NA	NA
Fvb7	9455202	9455301	100	*	30	54	0.555555555555556	15	76	0.197368421052632	9	CHG	-1	9.04241031512736e-05	loss	NA	NA	NA	NA	NA
Fvb7	9722502	9722601	100	*	44	82	0.536585365853659	121	153	0.790849673202614	12	CHG	1	0.000141775915554933	gain	NA	NA	NA	NA	NA
Fvb7	10154502	10154601	100	*	27	44	0.613636363636364	11	51	0.215686274509804	8	CHG	-1	0.000198662501228747	loss	NA	NA	NA	NA	NA
Fvb7	10199402	10199501	100	*	48	48	1	43	55	0.781818181818182	11	CHG	-1	0.000612493328956915	loss	NA	NA	NA	NA	NA
Fvb7	10520002	10520101	100	*	1	45	0.0222222222222222	21	72	0.291666666666667	10	CHG	1	0.000400548342573731	gain	NA	NA	NA	NA	NA
Fvb7	10714302	10714401	100	*	27	45	0.6	14	60	0.233333333333333	9	CHG	-1	0.000276729721908172	loss	NA	NA	NA	NA	NA
Fvb7	10762002	10762101	100	*	11	19	0.578947368421053	36	36	1	4	CHG	1	9.54912642992345e-05	gain	NA	NA	NA	NA	NA
Fvb7	10789902	10790001	100	*	5	45	0.111111111111111	48	103	0.466019417475728	11	CHG	1	0.000114693108048653	gain	NA	NA	NA	NA	NA
Fvb7	10924902	10925001	100	*	35	78	0.448717948717949	84	98	0.857142857142857	17	CHG	1	2.06205441711415e-07	gain	NA	NA	NA	NA	NA
Fvb7	11036002	11036101	100	*	27	48	0.5625	51	56	0.910714285714286	9	CHG	1	0.000129935206770127	gain	NA	NA	NA	NA	NA
Fvb7	11073202	11073301	100	*	17	50	0.34	3	59	0.0508474576271186	6	CHG	-1	0.000229856058234778	loss	NA	NA	NA	NA	NA
Fvb7	11817002	11817101	100	*	34	69	0.492753623188406	16	85	0.188235294117647	10	CHG	-1	0.000163006342483192	loss	NA	NA	NA	NA	NA
Fvb7	12427102	12427201	100	*	21	37	0.567567567567568	11	66	0.166666666666667	6	CHG	-1	9.43418379335288e-05	loss	NA	NA	NA	NA	NA
Fvb7	13283202	13283301	100	*	3	66	0.0454545454545455	51	94	0.542553191489362	14	CHG	1	1.90560613727191e-09	gain	EVM	SO:0001952	FvH4_7g15261,FvH4_7g15280	2	NA
Fvb7	13751702	13751801	100	*	13	26	0.5	0	21	0	4	CHG	-1	0.000276729721908172	loss	NA	NA	NA	NA	NA
Fvb7	14313502	14313601	100	*	9	30	0.3	30	42	0.714285714285714	6	CHG	1	0.000559275777553924	gain	NA	NA	NA	NA	NA
Fvb7	14637702	14637801	100	*	35	48	0.729166666666667	28	72	0.388888888888889	10	CHG	-1	0.000377263276320533	loss	NA	NA	NA	NA	NA
Fvb7	15823202	15823301	100	*	58	88	0.659090909090909	124	140	0.885714285714286	22	CHG	1	0.000113303249319748	gain	NA	NA	NA	NA	NA
Fvb7	18336402	18336501	100	*	31	64	0.484375	112	134	0.835820895522388	13	CHG	1	3.5633406935e-06	gain	NA	NA	NA	NA	NA
Fvb7	19336902	19337001	100	*	7	31	0.225806451612903	35	49	0.714285714285714	7	CHG	1	8.36125520750596e-05	gain	NA	NA	NA	NA	NA
Fvb7	19533902	19534001	100	*	9	42	0.214285714285714	21	34	0.617647058823529	6	CHG	1	0.000439545019820073	gain	NA	NA	NA	NA	NA
Fvb7	19541202	19541301	100	*	27	89	0.303370786516854	36	57	0.631578947368421	10	CHG	1	0.000221539031241168	gain	NA	NA	NA	NA	NA
Fvb7	19564902	19565001	100	*	46	49	0.938775510204082	50	82	0.609756097560976	11	CHG	-1	0.00012231695755974	loss	NA	NA	NA	NA	NA
Fvb7	19565002	19565101	100	*	42	48	0.875	21	44	0.477272727272727	8	CHG	-1	0.000125856966786499	loss	NA	NA	NA	NA	NA
Fvb7	19603902	19604001	100	*	9	57	0.157894736842105	30	63	0.476190476190476	8	CHG	1	0.000332684817509889	gain	EVM	SO:0001952	FvH4_7g25682	1	NA
Fvb7	19717402	19717501	100	*	34	65	0.523076923076923	92	117	0.786324786324786	12	CHG	1	0.000353698576752696	gain	NA	NA	NA	NA	NA
Fvb7	20362202	20362301	100	*	34	71	0.47887323943662	21	95	0.221052631578947	14	CHG	-1	0.000541727847079608	loss	NA	NA	NA	NA	NA
Fvb7	21959902	21960001	100	*	10	23	0.434782608695652	24	27	0.888888888888889	5	CHG	1	0.000632714598520277	gain	NA	NA	NA	NA	NA
Fvb7	22833902	22834001	100	*	21	35	0.6	36	36	1	7	CHG	1	8.90500462170488e-05	gain	NA	NA	NA	NA	NA
