seqnames	start	end	width	strand	sumReadsM1	sumReadsN1	proportion1	sumReadsM2	sumReadsN2	proportion2	cytosinesCount	context	direction	pValue	regionType	source	type	tss	score	phase
contig_10	31304	31403	100	*	8	75	0.106666666666667	90	267	0.337078651685393	17	CG	1	0.0002105297497259	gain	NA	NA	NA	NA	NA
contig_10	31404	31503	100	*	18	251	0.0717131474103586	197	722	0.272853185595568	18	CG	1	4.39517400413438e-10	gain	NA	NA	NA	NA	NA
contig_12	21401	21500	100	*	9	219	0.0410958904109589	97	393	0.246819338422392	19	CG	1	1.17981283907628e-09	gain	NA	NA	NA	NA	NA
contig_17	22606	22705	100	*	1	36	0.0277777777777778	12	41	0.292682926829268	7	CG	1	0.00196707925371404	gain	NA	NA	NA	NA	NA
contig_17	28206	28305	100	*	23	88	0.261363636363636	59	126	0.468253968253968	6	CG	1	0.00218960700123726	gain	NA	NA	NA	NA	NA
contig_20	4502	4601	100	*	53	630	0.0841269841269841	482	1472	0.327445652173913	18	CG	1	5.36096467365614e-30	gain	NA	NA	NA	NA	NA
contig_20	4602	4701	100	*	16	103	0.155339805825243	253	426	0.593896713615023	18	CG	1	2.62710502891968e-14	gain	NA	NA	NA	NA	NA
contig_20	4702	4801	100	*	37	208	0.177884615384615	419	845	0.49585798816568	18	CG	1	2.32517601300639e-15	gain	NA	NA	NA	NA	NA
contig_20	4802	4901	100	*	13	95	0.136842105263158	159	449	0.354120267260579	16	CG	1	0.000105556518036586	gain	NA	NA	NA	NA	NA
contig_20	4902	5001	100	*	44	305	0.144262295081967	339	776	0.436855670103093	20	CG	1	3.35601966215959e-18	gain	NA	NA	NA	NA	NA
contig_20	5002	5101	100	*	69	381	0.181102362204724	393	979	0.401430030643514	18	CG	1	2.03922222940527e-13	gain	NA	NA	NA	NA	NA
contig_22	12402	12501	100	*	13	125	0.104	123	272	0.452205882352941	18	CG	1	1.38874920839178e-10	gain	NA	NA	NA	NA	NA
contig_22	12502	12601	100	*	31	103	0.300970873786408	148	248	0.596774193548387	16	CG	1	3.01039948396193e-06	gain	NA	NA	NA	NA	NA
contig_22	20502	20601	100	*	46	268	0.171641791044776	169	452	0.373893805309735	18	CG	1	8.53044819835095e-08	gain	NA	NA	NA	NA	NA
contig_22	20602	20701	100	*	47	372	0.126344086021505	291	743	0.391655450874832	18	CG	1	2.59500058240484e-18	gain	NA	NA	NA	NA	NA
contig_22	20702	20801	100	*	25	223	0.112107623318386	199	489	0.406952965235174	22	CG	1	6.37273272116247e-14	gain	NA	NA	NA	NA	NA
contig_9	9803	9902	100	*	42	273	0.153846153846154	180	482	0.37344398340249	18	CG	1	1.91588367442888e-09	gain	NA	NA	NA	NA	NA
contig_9	9903	10002	100	*	97	661	0.146747352496218	507	1391	0.364485981308411	18	CG	1	1.87217466471215e-22	gain	NA	NA	NA	NA	NA
contig_9	20803	20902	100	*	6	102	0.0588235294117647	54	123	0.439024390243902	18	CG	1	1.36216513084667e-09	gain	NA	NA	NA	NA	NA
contig_9	20903	21002	100	*	14	150	0.0933333333333333	61	199	0.306532663316583	18	CG	1	9.82448272666058e-06	gain	NA	NA	NA	NA	NA
contig_9	21303	21402	100	*	184	1345	0.136802973977695	940	2614	0.359602142310635	20	CG	1	6.88659039551698e-47	gain	NA	NA	NA	NA	NA
contig_9	21403	21502	100	*	131	1035	0.126570048309179	721	1869	0.385767790262172	20	CG	1	7.44012532193866e-47	gain	NA	NA	NA	NA	NA
contig_9	21503	21602	100	*	18	85	0.211764705882353	230	362	0.635359116022099	18	CG	1	1.97882508042571e-11	gain	NA	NA	NA	NA	NA
contig_9	31903	32002	100	*	14	189	0.0740740740740741	181	519	0.348747591522158	16	CG	1	6.17252677003978e-12	gain	NA	NA	NA	NA	NA
contig_9	42503	42602	100	*	123	939	0.130990415335463	632	1739	0.363427257044278	16	CG	1	2.22422231616217e-35	gain	NA	NA	NA	NA	NA
contig_9	42603	42702	100	*	110	766	0.143603133159269	636	1778	0.357705286839145	18	CG	1	7.28266762979329e-26	gain	NA	NA	NA	NA	NA
contig_9	43103	43202	100	*	44	254	0.173228346456693	448	1154	0.388214904679376	20	CG	1	8.26238280464019e-10	gain	NA	NA	NA	NA	NA
contig_9	43203	43302	100	*	35	276	0.126811594202899	271	613	0.442088091353997	20	CG	1	1.53972268266956e-18	gain	NA	NA	NA	NA	NA
contig_9	43303	43402	100	*	187	1113	0.168014375561545	925	2118	0.436732766761095	20	CG	1	3.33685995682282e-50	gain	NA	NA	NA	NA	NA
Fvb1	433803	433902	100	*	22	33	0.666666666666667	62	66	0.939393939393939	6	CG	1	0.000476096897718601	gain	NA	NA	NA	NA	NA
Fvb1	463703	463802	100	*	14	27	0.518518518518518	46	53	0.867924528301887	4	CG	1	0.000680480988169748	gain	NA	NA	NA	NA	NA
Fvb1	643103	643202	100	*	39	59	0.661016949152542	16	52	0.307692307692308	8	CG	-1	0.000343888244990321	loss	EVM	SO:0001952	FvH4_1g01290	1	NA
Fvb1	703403	703502	100	*	61	64	0.953125	38	52	0.730769230769231	12	CG	-1	0.000778199255264883	loss	EVM	SO:0001952	FvH4_1g01382	1	NA
Fvb1	731903	732002	100	*	12	47	0.25531914893617	0	68	0	6	CG	-1	4.20383402163905e-05	loss	NA	NA	NA	NA	NA
Fvb1	1079803	1079902	100	*	21	25	0.84	12	45	0.266666666666667	6	CG	-1	1.88563467428329e-05	loss	NA	NA	NA	NA	NA
Fvb1	1200503	1200602	100	*	0	120	0	68	238	0.285714285714286	30	CG	1	8.26238280464019e-10	gain	NA	NA	NA	NA	NA
Fvb1	1200603	1200702	100	*	0	259	0	119	456	0.260964912280702	42	CG	1	4.78709825734418e-18	gain	NA	NA	NA	NA	NA
Fvb1	1509703	1509802	100	*	8	16	0.5	22	22	1	4	CG	1	0.000331734237929648	gain	NA	NA	NA	NA	NA
Fvb1	1779203	1779302	100	*	4	67	0.0597014925373134	22	75	0.293333333333333	12	CG	1	0.000449107505241769	gain	EVM	SO:0001952	FvH4_1g03160	1	NA
Fvb1	3039803	3039902	100	*	41	49	0.836734693877551	25	68	0.367647058823529	12	CG	-1	3.01039948396193e-06	loss	EVM	SO:0001952	FvH4_1g05761	1	NA
Fvb1	3709603	3709702	100	*	38	107	0.355140186915888	90	101	0.891089108910891	20	CG	1	3.46298683563362e-14	gain	EVM	SO:0001952	FvH4_1g07040	1	NA
Fvb1	3916703	3916802	100	*	23	31	0.741935483870968	6	36	0.166666666666667	6	CG	-1	1.2495854862558e-05	loss	EVM	SO:0001952	FvH4_1g07390	1	NA
Fvb1	4511203	4511302	100	*	16	30	0.533333333333333	3	30	0.1	6	CG	-1	0.000438107058114806	loss	EVM	SO:0001952	FvH4_1g08510	1	NA
Fvb1	4755803	4755902	100	*	19	54	0.351851851851852	4	68	0.0588235294117647	10	CG	-1	0.000113487333517518	loss	EVM	SO:0001952	FvH4_1g08970	1	NA
Fvb1	4966303	4966402	100	*	45	53	0.849056603773585	28	57	0.491228070175439	10	CG	-1	0.000172087667824819	loss	NA	NA	NA	NA	NA
Fvb1	5089503	5089602	100	*	12	28	0.428571428571429	4	48	0.0833333333333333	6	CG	-1	0.000485022070232743	loss	EVM	SO:0001952	FvH4_1g09500	1	NA
Fvb1	6884303	6884402	100	*	7	29	0.241379310344828	34	49	0.693877551020408	6	CG	1	0.000234753149482539	gain	EVM	SO:0001952	FvH4_1g12530	1	NA
Fvb1	7348203	7348302	100	*	37	64	0.578125	11	50	0.22	10	CG	-1	0.000247884744969442	loss	NA	NA	NA	NA	NA
Fvb1	9320203	9320302	100	*	13	24	0.541666666666667	33	35	0.942857142857143	4	CG	1	0.000404130930925741	gain	NA	NA	NA	NA	NA
Fvb1	9638903	9639002	100	*	8	32	0.25	1	65	0.0153846153846154	8	CG	-1	0.00032183735265952	loss	NA	NA	NA	NA	NA
Fvb1	10351603	10351702	100	*	28	30	0.933333333333333	21	38	0.552631578947368	6	CG	-1	0.000586363188954086	loss	EVM	SO:0001952	FvH4_1g17811	1	NA
Fvb1	11405203	11405302	100	*	11	21	0.523809523809524	3	37	0.0810810810810811	5	CG	-1	0.000288458935329089	loss	NA	NA	NA	NA	NA
Fvb1	11623203	11623302	100	*	64	89	0.719101123595506	92	100	0.92	12	CG	1	0.00041598464248843	gain	EVM	SO:0001952	FvH4_1g19390	1	NA
Fvb1	12384303	12384402	100	*	23	31	0.741935483870968	45	45	1	6	CG	1	0.000438107058114806	gain	NA	NA	NA	NA	NA
Fvb1	12942803	12942902	100	*	11	20	0.55	27	28	0.964285714285714	4	CG	1	0.000579275904514296	gain	NA	NA	NA	NA	NA
Fvb1	13282303	13282402	100	*	24	32	0.75	14	43	0.325581395348837	4	CG	-1	0.000414448916596058	loss	EVM	SO:0001952	FvH4_1g21280	1	NA
Fvb1	15560603	15560702	100	*	25	101	0.247524752475248	74	158	0.468354430379747	16	CG	1	0.000476096897718601	gain	EVM	SO:0001952	FvH4_1g23711	1	NA
Fvb1	16726003	16726102	100	*	1	40	0.025	16	49	0.326530612244898	8	CG	1	0.000440934315426883	gain	NA	NA	NA	NA	NA
Fvb1	17832503	17832602	100	*	0	16	0	11	17	0.647058823529412	4	CG	1	0.000185160018438725	gain	NA	NA	NA	NA	NA
Fvb1	18296803	18296902	100	*	21	21	1	9	17	0.529411764705882	4	CG	-1	0.000505947916884305	loss	NA	NA	NA	NA	NA
Fvb1	19181003	19181102	100	*	26	33	0.787878787878788	48	48	1	8	CG	1	0.000851907524722079	gain	EVM	SO:0001952	FvH4_1g27520	1	NA
Fvb1	19381603	19381702	100	*	9	16	0.5625	25	25	1	4	CG	1	0.00041598464248843	gain	NA	NA	NA	NA	NA
Fvb1	23723803	23723902	100	*	13	37	0.351351351351351	35	49	0.714285714285714	8	CG	1	0.000810370153860825	gain	NA	NA	NA	NA	NA
Fvb2	316901	317000	100	*	19	72	0.263888888888889	55	104	0.528846153846154	8	CG	1	0.000558985876557685	gain	EVM	SO:0001952	FvH4_2g00230	1	NA
Fvb2	1049101	1049200	100	*	5	23	0.217391304347826	0	54	0	4	CG	-1	0.000500157198840443	loss	NA	NA	NA	NA	NA
Fvb2	1515401	1515500	100	*	57	82	0.695121951219512	23	65	0.353846153846154	10	CG	-1	0.00010788038200298	loss	NA	NA	NA	NA	NA
Fvb2	1771501	1771600	100	*	42	43	0.976744186046512	38	56	0.678571428571429	6	CG	-1	0.000331734237929648	loss	EVM	SO:0001952	FvH4_2g02112	1	NA
Fvb2	1834501	1834600	100	*	42	48	0.875	40	72	0.555555555555556	8	CG	-1	0.000365007155192215	loss	NA	NA	NA	NA	NA
Fvb2	2427601	2427700	100	*	38	68	0.558823529411765	112	129	0.868217054263566	10	CG	1	8.0528520729628e-06	gain	EVM	SO:0001952	FvH4_2g03140	1	NA
Fvb2	4860301	4860400	100	*	66	70	0.942857142857143	104	141	0.737588652482269	16	CG	-1	0.000496899656086795	loss	NA	NA	NA	NA	NA
Fvb2	6282301	6282400	100	*	21	26	0.807692307692308	4	22	0.181818181818182	4	CG	-1	5.63281590038522e-05	loss	NA	NA	NA	NA	NA
Fvb2	10532801	10532900	100	*	126	543	0.232044198895028	514	1095	0.469406392694064	34	CG	1	5.83966028599271e-19	gain	NA	NA	NA	NA	NA
Fvb2	10532901	10533000	100	*	71	427	0.166276346604215	379	816	0.464460784313726	28	CG	1	1.24377211102791e-23	gain	NA	NA	NA	NA	NA
Fvb2	11094501	11094600	100	*	19	27	0.703703703703704	39	39	1	6	CG	1	0.000416627607952866	gain	NA	NA	NA	NA	NA
Fvb2	11917201	11917300	100	*	6	34	0.176470588235294	26	46	0.565217391304348	6	CG	1	0.000547620277484269	gain	NA	NA	NA	NA	NA
Fvb2	13743501	13743600	100	*	19	42	0.452380952380952	71	94	0.75531914893617	10	CG	1	0.000616378274945356	gain	NA	NA	NA	NA	NA
Fvb2	17404301	17404400	100	*	20	229	0.0873362445414847	74	174	0.425287356321839	11	CG	1	3.46298683563362e-14	gain	NA	NA	NA	NA	NA
Fvb2	17404401	17404500	100	*	9	118	0.076271186440678	39	126	0.30952380952381	6	CG	1	2.03715445561682e-05	gain	NA	NA	NA	NA	NA
Fvb2	17404501	17404600	100	*	0	37	0	16	58	0.275862068965517	4	CG	1	0.000556164386930975	gain	NA	NA	NA	NA	NA
Fvb2	18203001	18203100	100	*	26	56	0.464285714285714	70	84	0.833333333333333	14	CG	1	1.88055876474127e-05	gain	NA	NA	NA	NA	NA
Fvb2	18203101	18203200	100	*	40	77	0.519480519480519	61	67	0.91044776119403	13	CG	1	2.39037571475534e-06	gain	NA	NA	NA	NA	NA
Fvb2	20880701	20880800	100	*	27	79	0.341772151898734	16	131	0.122137404580153	14	CG	-1	0.000262527030021442	loss	NA	NA	NA	NA	NA
Fvb2	22259601	22259700	100	*	35	46	0.760869565217391	13	45	0.288888888888889	10	CG	-1	2.69285960422815e-05	loss	NA	NA	NA	NA	NA
Fvb2	22466201	22466300	100	*	24	27	0.888888888888889	17	39	0.435897435897436	4	CG	-1	0.000333414663571059	loss	NA	NA	NA	NA	NA
Fvb2	22879301	22879400	100	*	18	23	0.782608695652174	6	23	0.260869565217391	4	CG	-1	0.000500500346243424	loss	NA	NA	NA	NA	NA
Fvb2	22985801	22985900	100	*	3	67	0.0447761194029851	23	80	0.2875	8	CG	1	0.00024800434730802	gain	NA	NA	NA	NA	NA
Fvb2	24619201	24619300	100	*	33	49	0.673469387755102	70	74	0.945945945945946	10	CG	1	0.000152803067164807	gain	NA	NA	NA	NA	NA
Fvb2	25394101	25394200	100	*	14	35	0.4	35	45	0.777777777777778	6	CG	1	0.000633403841296317	gain	EVM	SO:0001952	FvH4_2g34051	1	NA
Fvb2	25572201	25572300	100	*	19	19	1	18	40	0.45	4	CG	-1	0.000122439621919763	loss	NA	NA	NA	NA	NA
Fvb2	25757001	25757100	100	*	28	61	0.459016393442623	55	71	0.774647887323944	12	CG	1	0.000323167181637918	gain	NA	NA	NA	NA	NA
Fvb2	25999001	25999100	100	*	13	20	0.65	2	20	0.1	4	CG	-1	0.000449107505241769	loss	EVM	SO:0001952	FvH4_2g35220	1	NA
Fvb2	26769601	26769700	100	*	15	25	0.6	52	54	0.962962962962963	6	CG	1	9.30112567460909e-05	gain	NA	NA	NA	NA	NA
Fvb2	26971001	26971100	100	*	6	24	0.25	27	29	0.931034482758621	4	CG	1	2.50377848947178e-06	gain	NA	NA	NA	NA	NA
Fvb2	26975901	26976000	100	*	18	26	0.692307692307692	38	38	1	6	CG	1	0.000401883809498879	gain	NA	NA	NA	NA	NA
Fvb2	26991201	26991300	100	*	3	35	0.0857142857142857	22	47	0.468085106382979	6	CG	1	0.000339056537802452	gain	NA	NA	NA	NA	NA
Fvb2	28493001	28493100	100	*	21	48	0.4375	8	70	0.114285714285714	6	CG	-1	0.000153176468493051	loss	NA	NA	NA	NA	NA
Fvb2	29060501	29060600	100	*	6	19	0.315789473684211	25	31	0.806451612903226	4	CG	1	0.000589925315247889	gain	NA	NA	NA	NA	NA
Fvb3	110103	110202	100	*	20	34	0.588235294117647	50	55	0.909090909090909	6	CG	1	0.000452946296007784	gain	NA	NA	NA	NA	NA
Fvb3	452603	452702	100	*	2	56	0.0357142857142857	26	67	0.388059701492537	6	CG	1	1.71710197436823e-05	gain	NA	NA	NA	NA	NA
Fvb3	566603	566702	100	*	7	73	0.0958904109589041	32	72	0.444444444444444	12	CG	1	1.2495854862558e-05	gain	NA	NA	NA	NA	NA
Fvb3	1007603	1007702	100	*	32	43	0.744186046511628	13	37	0.351351351351351	7	CG	-1	0.000512530990680952	loss	EVM	SO:0001952	FvH4_3g02000	1	NA
Fvb3	1180203	1180302	100	*	4	19	0.210526315789474	25	35	0.714285714285714	4	CG	1	0.000499806923589851	gain	NA	NA	NA	NA	NA
Fvb3	1703003	1703102	100	*	1	46	0.0217391304347826	17	50	0.34	8	CG	1	0.00016049378199017	gain	NA	NA	NA	NA	NA
Fvb3	1703503	1703602	100	*	25	66	0.378787878787879	7	82	0.0853658536585366	10	CG	-1	5.94832513360262e-05	loss	NA	NA	NA	NA	NA
Fvb3	1985103	1985202	100	*	49	49	1	32	44	0.727272727272727	6	CG	-1	0.000198470575444812	loss	NA	NA	NA	NA	NA
Fvb3	2706703	2706802	100	*	0	51	0	14	53	0.264150943396226	10	CG	1	0.00018338989945683	gain	EVM	SO:0001952	FvH4_3g04740	1	NA
Fvb3	3955003	3955102	100	*	8	32	0.25	64	89	0.719101123595506	8	CG	1	1.71710197436823e-05	gain	EVM	SO:0001952	FvH4_3g06840	1	NA
Fvb3	4940903	4941002	100	*	10	106	0.0943396226415094	36	92	0.391304347826087	16	CG	1	5.17747638520024e-06	gain	NA	NA	NA	NA	NA
Fvb3	6551303	6551402	100	*	18	71	0.253521126760563	89	163	0.54601226993865	14	CG	1	0.000107546143954214	gain	NA	NA	NA	NA	NA
Fvb3	7754803	7754902	100	*	46	70	0.657142857142857	97	110	0.881818181818182	16	CG	1	0.000414448916596058	gain	NA	NA	NA	NA	NA
Fvb3	9838803	9838902	100	*	24	24	1	33	53	0.622641509433962	6	CG	-1	0.000561560179227796	loss	NA	NA	NA	NA	NA
Fvb3	9852703	9852802	100	*	35	41	0.853658536585366	21	43	0.488372093023256	8	CG	-1	0.000495556751103964	loss	NA	NA	NA	NA	NA
Fvb3	11711603	11711702	100	*	0	31	0	12	35	0.342857142857143	6	CG	1	0.000438107058114806	gain	NA	NA	NA	NA	NA
Fvb3	11727403	11727502	100	*	57	77	0.74025974025974	93	95	0.978947368421053	12	CG	1	1.62878074209934e-05	gain	NA	NA	NA	NA	NA
Fvb3	13228203	13228302	100	*	0	78	0	17	83	0.204819277108434	10	CG	1	7.67002228229288e-05	gain	NA	NA	NA	NA	NA
Fvb3	15154503	15154602	100	*	6	73	0.0821917808219178	30	72	0.416666666666667	8	CG	1	1.62878074209934e-05	gain	NA	NA	NA	NA	NA
Fvb3	15987503	15987602	100	*	35	45	0.777777777777778	73	74	0.986486486486487	10	CG	1	0.000268996272863506	gain	NA	NA	NA	NA	NA
Fvb3	16382403	16382502	100	*	44	59	0.745762711864407	20	48	0.416666666666667	10	CG	-1	0.00061305761407959	loss	NA	NA	NA	NA	NA
Fvb3	17669803	17669902	100	*	10	18	0.555555555555556	35	36	0.972222222222222	4	CG	1	0.000231447672126008	gain	EVM	SO:0001952	FvH4_3g24581	1	NA
Fvb3	18564303	18564402	100	*	35	74	0.472972972972973	58	78	0.743589743589744	10	CG	1	0.000664644358649645	gain	NA	NA	NA	NA	NA
Fvb3	20385103	20385202	100	*	79	86	0.918604651162791	42	70	0.6	12	CG	-1	1.24639533379932e-05	loss	NA	NA	NA	NA	NA
Fvb3	20944203	20944302	100	*	30	32	0.9375	15	31	0.483870967741935	5	CG	-1	0.000163705767143295	loss	NA	NA	NA	NA	NA
Fvb3	21047603	21047702	100	*	44	59	0.745762711864407	62	62	1	10	CG	1	7.31091042865787e-05	gain	NA	NA	NA	NA	NA
Fvb3	21564803	21564902	100	*	97	115	0.843478260869565	102	183	0.557377049180328	16	CG	-1	2.39037571475534e-06	loss	NA	NA	NA	NA	NA
Fvb3	23459203	23459302	100	*	47	59	0.796610169491525	52	102	0.509803921568627	14	CG	-1	0.000438107058114806	loss	EVM	SO:0001952	FvH4_3g30240	1	NA
Fvb3	23616103	23616202	100	*	20	29	0.689655172413793	2	27	0.0740740740740741	6	CG	-1	1.35038806891557e-05	loss	NA	NA	NA	NA	NA
Fvb3	26647703	26647802	100	*	14	29	0.482758620689655	15	91	0.164835164835165	6	CG	-1	0.000580725914007835	loss	NA	NA	NA	NA	NA
Fvb3	28419603	28419702	100	*	32	42	0.761904761904762	65	65	1	10	CG	1	0.000107293372656141	gain	NA	NA	NA	NA	NA
Fvb3	28615303	28615402	100	*	41	66	0.621212121212121	36	104	0.346153846153846	12	CG	-1	0.000546667168046345	loss	NA	NA	NA	NA	NA
Fvb3	28891403	28891502	100	*	43	103	0.41747572815534	25	157	0.159235668789809	12	CG	-1	1.71710197436823e-05	loss	NA	NA	NA	NA	NA
Fvb3	29400303	29400402	100	*	18	34	0.529411764705882	27	27	1	6	CG	1	0.000102852019490763	gain	NA	NA	NA	NA	NA
Fvb3	30538903	30539002	100	*	13	29	0.448275862068966	35	40	0.875	4	CG	1	0.000275797722099626	gain	EVM	SO:0001952	FvH4_3g35560	1	NA
Fvb3	30919203	30919302	100	*	30	47	0.638297872340426	56	61	0.918032786885246	8	CG	1	0.000463596427882705	gain	NA	NA	NA	NA	NA
Fvb3	31639403	31639502	100	*	21	37	0.567567567567568	15	69	0.217391304347826	8	CG	-1	0.000416627607952866	loss	EVM	SO:0001952	FvH4_3g36942	1	NA
Fvb3	31782303	31782402	100	*	51	94	0.542553191489362	89	113	0.787610619469027	18	CG	1	0.000318118350901923	gain	NA	NA	NA	NA	NA
Fvb3	33282303	33282402	100	*	59	67	0.880597014925373	61	104	0.586538461538462	12	CG	-1	0.000114892225489741	loss	NA	NA	NA	NA	NA
Fvb3	34232703	34232802	100	*	10	20	0.5	20	20	1	4	CG	1	0.000404130930925741	gain	NA	NA	NA	NA	NA
Fvb3	34232803	34232902	100	*	16	38	0.421052631578947	44	45	0.977777777777778	8	CG	1	1.33997172512354e-07	gain	NA	NA	NA	NA	NA
Fvb3	36679503	36679602	100	*	37	90	0.411111111111111	25	153	0.163398692810458	20	CG	-1	6.58539952258025e-05	loss	EVM	SO:0001952	FvH4_3g43991	1	NA
Fvb3	36692103	36692202	100	*	18	38	0.473684210526316	49	59	0.830508474576271	4	CG	1	0.000345124229090433	gain	NA	NA	NA	NA	NA
Fvb4	138903	139002	100	*	65	66	0.984848484848485	56	72	0.777777777777778	10	CG	-1	0.000355112671033	loss	NA	NA	NA	NA	NA
Fvb4	996803	996902	100	*	71	92	0.771739130434783	35	70	0.5	10	CG	-1	0.000438107058114806	loss	NA	NA	NA	NA	NA
Fvb4	1045403	1045502	100	*	39	57	0.684210526315789	58	60	0.966666666666667	12	CG	1	0.000133097662083786	gain	NA	NA	NA	NA	NA
Fvb4	1622103	1622202	100	*	35	38	0.921052631578947	26	50	0.52	6	CG	-1	0.000141110576590493	loss	NA	NA	NA	NA	NA
Fvb4	6373303	6373402	100	*	16	18	0.888888888888889	4	16	0.25	4	CG	-1	0.000296814885550577	loss	NA	NA	NA	NA	NA
Fvb4	7027003	7027102	100	*	19	35	0.542857142857143	5	33	0.151515151515152	8	CG	-1	0.000760310424643981	loss	NA	NA	NA	NA	NA
Fvb4	7306203	7306302	100	*	10	36	0.277777777777778	33	38	0.868421052631579	8	CG	1	2.04937810506211e-06	gain	EVM	SO:0001952	FvH4_4g07801	1	NA
Fvb4	7572603	7572702	100	*	92	121	0.760330578512397	77	80	0.9625	20	CG	1	0.00025142227185112	gain	NA	NA	NA	NA	NA
Fvb4	7785203	7785302	100	*	56	65	0.861538461538462	24	51	0.470588235294118	8	CG	-1	2.69285960422815e-05	loss	NA	NA	NA	NA	NA
Fvb4	8001303	8001402	100	*	39	50	0.78	97	98	0.989795918367347	12	CG	1	3.98001197701315e-05	gain	NA	NA	NA	NA	NA
Fvb4	10450803	10450902	100	*	50	50	1	33	44	0.75	10	CG	-1	0.000310375718897263	loss	NA	NA	NA	NA	NA
Fvb4	11487503	11487602	100	*	42	102	0.411764705882353	22	119	0.184873949579832	10	CG	-1	0.000345549308976105	loss	NA	NA	NA	NA	NA
Fvb4	11795303	11795402	100	*	46	46	1	37	48	0.770833333333333	6	CG	-1	0.000610868957367541	loss	EVM	SO:0001952	FvH4_4g09792	1	NA
Fvb4	11832903	11833002	100	*	30	108	0.277777777777778	44	73	0.602739726027397	10	CG	1	4.92070535875289e-05	gain	NA	NA	NA	NA	NA
Fvb4	13266603	13266702	100	*	48	50	0.96	36	51	0.705882352941177	11	CG	-1	0.000680480988169748	loss	NA	NA	NA	NA	NA
Fvb4	13697903	13698002	100	*	59	66	0.893939393939394	36	59	0.610169491525424	6	CG	-1	0.000345549308976105	loss	NA	NA	NA	NA	NA
Fvb4	15140703	15140802	100	*	12	29	0.413793103448276	27	32	0.84375	4	CG	1	0.000568636861728677	gain	NA	NA	NA	NA	NA
Fvb4	16526903	16527002	100	*	37	41	0.902439024390244	18	34	0.529411764705882	4	CG	-1	0.000414448916596058	loss	NA	NA	NA	NA	NA
Fvb4	17040103	17040202	100	*	14	30	0.466666666666667	30	34	0.882352941176471	6	CG	1	0.000463596427882705	gain	NA	NA	NA	NA	NA
Fvb4	17349903	17350002	100	*	8	32	0.25	1	71	0.0140845070422535	6	CG	-1	0.000194485960923671	loss	NA	NA	NA	NA	NA
Fvb4	17506403	17506502	100	*	14	23	0.608695652173913	42	43	0.976744186046512	4	CG	1	0.000170145435557468	gain	EVM	SO:0001952	FvH4_4g13961	1	NA
Fvb4	17520503	17520602	100	*	18	18	1	10	27	0.37037037037037	4	CG	-1	6.72436633546632e-05	loss	NA	NA	NA	NA	NA
Fvb4	17521203	17521302	100	*	26	42	0.619047619047619	66	72	0.916666666666667	10	CG	1	0.000222588539862849	gain	NA	NA	NA	NA	NA
Fvb4	19108703	19108802	100	*	58	85	0.682352941176471	83	90	0.922222222222222	14	CG	1	0.000152803067164807	gain	NA	NA	NA	NA	NA
Fvb4	19204803	19204902	100	*	7	28	0.25	23	33	0.696969696969697	4	CG	1	0.000584296087988474	gain	NA	NA	NA	NA	NA
Fvb4	20238803	20238902	100	*	47	47	1	57	76	0.75	10	CG	-1	0.000334495187996742	loss	NA	NA	NA	NA	NA
Fvb4	21413703	21413802	100	*	41	54	0.759259259259259	86	86	1	10	CG	1	1.07970575461986e-05	gain	NA	NA	NA	NA	NA
Fvb4	22339203	22339302	100	*	39	52	0.75	71	72	0.986111111111111	10	CG	1	0.000115615255277927	gain	NA	NA	NA	NA	NA
Fvb4	26300903	26301002	100	*	0	20	0	9	20	0.45	4	CG	1	0.000685629552834376	gain	NA	NA	NA	NA	NA
Fvb4	27819903	27820002	100	*	11	33	0.333333333333333	29	39	0.743589743589744	4	CG	1	0.000570131095783638	gain	NA	NA	NA	NA	NA
Fvb4	27859103	27859202	100	*	29	41	0.707317073170732	40	40	1	10	CG	1	0.000345549308976105	gain	EVM	SO:0001952	FvH4_4g26460	1	NA
Fvb4	28341903	28342002	100	*	21	62	0.338709677419355	6	75	0.08	12	CG	-1	0.000287697019794221	loss	NA	NA	NA	NA	NA
Fvb4	28744003	28744102	100	*	24	76	0.315789473684211	5	114	0.043859649122807	8	CG	-1	2.39037571475534e-06	loss	NA	NA	NA	NA	NA
Fvb4	28820403	28820502	100	*	17	26	0.653846153846154	37	38	0.973684210526316	6	CG	1	0.00060567025174925	gain	NA	NA	NA	NA	NA
Fvb4	29717603	29717702	100	*	16	32	0.5	6	48	0.125	5	CG	-1	0.000370798037217732	loss	EVM	SO:0001952	FvH4_4g29672	1	NA
Fvb4	29912303	29912402	100	*	8	35	0.228571428571429	0	62	0	4	CG	-1	0.000190783579431693	loss	NA	NA	NA	NA	NA
Fvb4	30156103	30156202	100	*	55	55	1	39	53	0.735849056603774	10	CG	-1	0.000121685769555181	loss	NA	NA	NA	NA	NA
Fvb4	30575603	30575702	100	*	65	86	0.755813953488372	109	113	0.964601769911504	15	CG	1	4.20383402163905e-05	gain	NA	NA	NA	NA	NA
Fvb4	31001903	31002002	100	*	13	95	0.136842105263158	60	171	0.350877192982456	16	CG	1	0.000318903071233334	gain	NA	NA	NA	NA	NA
Fvb4	31306403	31306502	100	*	35	37	0.945945945945946	24	46	0.521739130434783	8	CG	-1	7.38985891557903e-05	loss	NA	NA	NA	NA	NA
Fvb4	32248103	32248202	100	*	22	64	0.34375	10	96	0.104166666666667	14	CG	-1	0.000345124229090433	loss	EVM	SO:0001952	FvH4_4g34510	1	NA
Fvb4	32740203	32740302	100	*	118	472	0.25	26	560	0.0464285714285714	48	CG	-1	1.83880887452928e-19	loss	NA	NA	NA	NA	NA
Fvb5	47803	47902	100	*	70	95	0.736842105263158	89	179	0.497206703910615	14	CG	-1	0.000259536555846698	loss	NA	NA	NA	NA	NA
Fvb5	193703	193802	100	*	23	43	0.534883720930233	33	37	0.891891891891892	8	CG	1	0.000586363188954086	gain	NA	NA	NA	NA	NA
Fvb5	854603	854702	100	*	10	36	0.277777777777778	2	76	0.0263157894736842	8	CG	-1	0.000150651678475086	loss	NA	NA	NA	NA	NA
Fvb5	1421303	1421402	100	*	12	65	0.184615384615385	32	66	0.484848484848485	12	CG	1	0.000414448916596058	gain	NA	NA	NA	NA	NA
Fvb5	1634603	1634702	100	*	39	42	0.928571428571429	23	41	0.560975609756098	4	CG	-1	0.000244329320309314	loss	NA	NA	NA	NA	NA
Fvb5	4250503	4250602	100	*	0	25	0	26	65	0.4	6	CG	1	0.000318713469909874	gain	NA	NA	NA	NA	NA
Fvb5	4290303	4290402	100	*	24	42	0.571428571428571	3	54	0.0555555555555556	8	CG	-1	1.94608814160902e-07	loss	NA	NA	NA	NA	NA
Fvb5	4618103	4618202	100	*	15	43	0.348837209302326	49	69	0.710144927536232	8	CG	1	0.000312569936437161	gain	EVM	SO:0001952	FvH4_5g07960	1	NA
Fvb5	4725403	4725502	100	*	61	109	0.559633027522936	71	87	0.816091954022989	18	CG	1	0.000275797722099626	gain	NA	NA	NA	NA	NA
Fvb5	7376203	7376302	100	*	6	44	0.136363636363636	32	62	0.516129032258065	6	CG	1	0.000150651678475086	gain	NA	NA	NA	NA	NA
Fvb5	7638803	7638902	100	*	9	68	0.132352941176471	33	87	0.379310344827586	12	CG	1	0.000649981327924356	gain	NA	NA	NA	NA	NA
Fvb5	9245703	9245802	100	*	5	58	0.0862068965517241	35	95	0.368421052631579	12	CG	1	0.000243228393587197	gain	EVM	SO:0001952	FvH4_5g16201	1	NA
Fvb5	9342403	9342502	100	*	7	25	0.28	0	44	0	6	CG	-1	0.000349702543701582	loss	NA	NA	NA	NA	NA
Fvb5	11185903	11186002	100	*	74	77	0.961038961038961	48	67	0.716417910447761	15	CG	-1	0.000127985923027689	loss	EVM	SO:0001952	FvH4_5g19322	1	NA
Fvb5	12150403	12150502	100	*	123	219	0.561643835616438	176	207	0.85024154589372	26	CG	1	8.26238280464019e-10	gain	NA	NA	NA	NA	NA
Fvb5	12924603	12924702	100	*	40	40	1	53	71	0.746478873239437	10	CG	-1	0.000584296087988474	loss	NA	NA	NA	NA	NA
Fvb5	12966803	12966902	100	*	7	74	0.0945945945945946	41	112	0.366071428571429	12	CG	1	0.00010488184052547	gain	NA	NA	NA	NA	NA
Fvb5	14209903	14210002	100	*	45	45	1	42	64	0.65625	10	CG	-1	4.20383402163905e-05	loss	NA	NA	NA	NA	NA
Fvb5	14210003	14210102	100	*	32	32	1	25	37	0.675675675675676	6	CG	-1	0.000499806923589851	loss	NA	NA	NA	NA	NA
Fvb5	14342903	14343002	100	*	26	38	0.684210526315789	50	52	0.961538461538462	9	CG	1	0.000457607392855484	gain	NA	NA	NA	NA	NA
Fvb5	15243003	15243102	100	*	18	18	1	12	23	0.521739130434783	4	CG	-1	0.000653971204264857	loss	NA	NA	NA	NA	NA
Fvb5	15810403	15810502	100	*	10	46	0.217391304347826	54	91	0.593406593406593	10	CG	1	9.70893635555459e-05	gain	EVM	SO:0001952	FvH4_5g24460	1	NA
Fvb5	15954603	15954702	100	*	4	40	0.1	13	28	0.464285714285714	4	CG	1	0.000680480988169748	gain	NA	NA	NA	NA	NA
Fvb5	16024803	16024902	100	*	14	66	0.212121212121212	52	89	0.584269662921348	8	CG	1	1.71710197436823e-05	gain	NA	NA	NA	NA	NA
Fvb5	19850603	19850702	100	*	76	103	0.737864077669903	115	115	1	20	CG	1	3.96002519115271e-08	gain	NA	NA	NA	NA	NA
Fvb5	23026303	23026402	100	*	23	30	0.766666666666667	47	47	1	6	CG	1	0.000586363188954086	gain	NA	NA	NA	NA	NA
Fvb5	23819203	23819302	100	*	1	42	0.0238095238095238	19	60	0.316666666666667	10	CG	1	0.000387160785985648	gain	NA	NA	NA	NA	NA
Fvb5	25044703	25044802	100	*	30	35	0.857142857142857	11	34	0.323529411764706	8	CG	-1	2.69285960422815e-05	loss	NA	NA	NA	NA	NA
Fvb5	25688903	25689002	100	*	90	99	0.909090909090909	66	108	0.611111111111111	12	CG	-1	4.41664373753827e-06	loss	NA	NA	NA	NA	NA
Fvb5	27251303	27251402	100	*	10	26	0.384615384615385	32	34	0.941176470588235	6	CG	1	1.62878074209934e-05	gain	EVM	SO:0001952	FvH4_5g37181	1	NA
Fvb5	27299403	27299502	100	*	57	73	0.780821917808219	43	102	0.42156862745098	12	CG	-1	1.2495854862558e-05	loss	NA	NA	NA	NA	NA
Fvb5	27428003	27428102	100	*	23	48	0.479166666666667	6	43	0.13953488372093	8	CG	-1	0.000588197375359226	loss	NA	NA	NA	NA	NA
Fvb5	28134903	28135002	100	*	43	47	0.914893617021277	39	72	0.541666666666667	10	CG	-1	6.16069033895178e-05	loss	NA	NA	NA	NA	NA
Fvb5	29387803	29387902	100	*	31	44	0.704545454545455	82	85	0.964705882352941	8	CG	1	7.20825206305434e-05	gain	NA	NA	NA	NA	NA
Fvb6	1103503	1103602	100	*	5	24	0.208333333333333	17	23	0.739130434782609	4	CG	1	0.000409442207488993	gain	EVM	SO:0001952	FvH4_6g01940	1	NA
Fvb6	2242203	2242302	100	*	7	41	0.170731707317073	31	61	0.508196721311475	10	CG	1	0.000610819559671196	gain	NA	NA	NA	NA	NA
Fvb6	2300703	2300802	100	*	25	33	0.757575757575758	15	47	0.319148936170213	8	CG	-1	0.000239468320175748	loss	EVM	SO:0001952	FvH4_6g04250	1	NA
Fvb6	2730903	2731002	100	*	22	28	0.785714285714286	22	58	0.379310344827586	6	CG	-1	0.000511440973818161	loss	EVM	SO:0001952	FvH4_6g04950	1	NA
Fvb6	3264203	3264302	100	*	23	32	0.71875	15	52	0.288461538461538	8	CG	-1	0.000246376252708899	loss	NA	NA	NA	NA	NA
Fvb6	3417003	3417102	100	*	18	39	0.461538461538462	58	66	0.878787878787879	8	CG	1	1.79808691539303e-05	gain	EVM	SO:0001952	FvH4_6g05970	1	NA
Fvb6	5865803	5865902	100	*	21	40	0.525	50	59	0.847457627118644	6	CG	1	0.000563680432898329	gain	NA	NA	NA	NA	NA
Fvb6	6945803	6945902	100	*	26	29	0.896551724137931	12	27	0.444444444444444	6	CG	-1	0.000423085458646988	loss	EVM	SO:0001952	FvH4_6g11590	1	NA
Fvb6	7247903	7248002	100	*	25	44	0.568181818181818	55	61	0.901639344262295	8	CG	1	0.000178610317484316	gain	EVM	SO:0001952	FvH4_6g12020	1	NA
Fvb6	8308703	8308802	100	*	23	50	0.46	53	63	0.841269841269841	12	CG	1	6.37728174546664e-05	gain	NA	NA	NA	NA	NA
Fvb6	9366603	9366702	100	*	51	117	0.435897435897436	120	171	0.701754385964912	18	CG	1	2.69285960422815e-05	gain	NA	NA	NA	NA	NA
Fvb6	10358203	10358302	100	*	22	44	0.5	73	83	0.879518072289157	10	CG	1	1.50239823817146e-05	gain	NA	NA	NA	NA	NA
Fvb6	10725703	10725802	100	*	47	68	0.691176470588235	42	111	0.378378378378378	12	CG	-1	0.000130889905776942	loss	NA	NA	NA	NA	NA
Fvb6	11121903	11122002	100	*	23	85	0.270588235294118	59	115	0.51304347826087	10	CG	1	0.000622468090752916	gain	EVM	SO:0001952	FvH4_6g17130	1	NA
Fvb6	11695403	11695502	100	*	12	54	0.222222222222222	55	92	0.597826086956522	11	CG	1	4.25510819069619e-05	gain	NA	NA	NA	NA	NA
Fvb6	12663203	12663302	100	*	15	39	0.384615384615385	32	38	0.842105263157895	4	CG	1	0.000111844174201483	gain	NA	NA	NA	NA	NA
Fvb6	12715603	12715702	100	*	35	37	0.945945945945946	20	37	0.540540540540541	4	CG	-1	0.00016049378199017	loss	NA	NA	NA	NA	NA
Fvb6	14122703	14122802	100	*	14	27	0.518518518518518	1	22	0.0454545454545455	4	CG	-1	0.000469463435313223	loss	EVM	SO:0001952	FvH4_6g20510	1	NA
Fvb6	15272203	15272302	100	*	25	100	0.25	57	109	0.522935779816514	12	CG	1	0.000142346251447308	gain	NA	NA	NA	NA	NA
Fvb6	15541003	15541102	100	*	35	79	0.443037974683544	51	70	0.728571428571429	16	CG	1	0.000530539138266546	gain	NA	NA	NA	NA	NA
Fvb6	15617403	15617502	100	*	47	48	0.979166666666667	55	76	0.723684210526316	11	CG	-1	0.000416627607952866	loss	NA	NA	NA	NA	NA
Fvb6	18769503	18769602	100	*	36	50	0.72	57	58	0.982758620689655	10	CG	1	0.000186585723119903	gain	NA	NA	NA	NA	NA
Fvb6	19964803	19964902	100	*	56	116	0.482758620689655	27	113	0.238938053097345	12	CG	-1	0.000250268779518755	loss	NA	NA	NA	NA	NA
Fvb6	20509703	20509802	100	*	31	42	0.738095238095238	48	49	0.979591836734694	8	CG	1	0.000710977373456028	gain	NA	NA	NA	NA	NA
Fvb6	21387303	21387402	100	*	49	65	0.753846153846154	92	96	0.958333333333333	9	CG	1	0.000239468320175748	gain	NA	NA	NA	NA	NA
Fvb6	24890003	24890102	100	*	1	31	0.032258064516129	27	57	0.473684210526316	6	CG	1	7.22779586014444e-05	gain	NA	NA	NA	NA	NA
Fvb6	27174703	27174802	100	*	33	58	0.568965517241379	74	82	0.902439024390244	12	CG	1	2.03715445561682e-05	gain	EVM	SO:0001952	FvH4_6g34420	1	NA
Fvb6	27174803	27174902	100	*	36	81	0.444444444444444	66	87	0.758620689655172	18	CG	1	9.70893635555459e-05	gain	EVM	SO:0001952	FvH4_6g34420	1	NA
Fvb6	27300503	27300602	100	*	37	53	0.69811320754717	15	54	0.277777777777778	8	CG	-1	5.15832834720973e-05	loss	EVM	SO:0001952	FvH4_6g34620	1	NA
Fvb6	27771303	27771402	100	*	16	18	0.888888888888889	5	16	0.3125	4	CG	-1	0.000613889325878215	loss	NA	NA	NA	NA	NA
Fvb6	28410403	28410502	100	*	25	42	0.595238095238095	52	58	0.896551724137931	6	CG	1	0.000511440973818161	gain	NA	NA	NA	NA	NA
Fvb6	28536203	28536302	100	*	51	51	1	48	65	0.738461538461539	8	CG	-1	0.000180188055620321	loss	NA	NA	NA	NA	NA
Fvb6	29736903	29737002	100	*	13	33	0.393939393939394	24	29	0.827586206896552	6	CG	1	0.000586363188954086	gain	EVM	SO:0001952	FvH4_6g37771	1	NA
Fvb6	30118403	30118502	100	*	39	43	0.906976744186046	40	68	0.588235294117647	10	CG	-1	0.00043472634349073	loss	NA	NA	NA	NA	NA
Fvb6	33230003	33230102	100	*	23	32	0.71875	8	33	0.242424242424242	4	CG	-1	0.000247884744969442	loss	NA	NA	NA	NA	NA
Fvb6	33632703	33632802	100	*	9	16	0.5625	45	47	0.957446808510638	4	CG	1	0.0002105297497259	gain	EVM	SO:0001952	FvH4_6g43470	1	NA
Fvb6	34061003	34061102	100	*	34	143	0.237762237762238	69	157	0.439490445859873	28	CG	1	0.000375741345545387	gain	NA	NA	NA	NA	NA
Fvb6	34532003	34532102	100	*	70	72	0.972222222222222	107	139	0.76978417266187	18	CG	-1	0.000285836665466027	loss	NA	NA	NA	NA	NA
Fvb6	35046803	35046902	100	*	11	54	0.203703703703704	44	88	0.5	8	CG	1	0.000533716909747392	gain	NA	NA	NA	NA	NA
Fvb6	36461603	36461702	100	*	42	65	0.646153846153846	52	57	0.912280701754386	8	CG	1	0.000574593185383506	gain	NA	NA	NA	NA	NA
Fvb6	36590703	36590802	100	*	28	51	0.549019607843137	32	35	0.914285714285714	6	CG	1	0.000419240814761974	gain	NA	NA	NA	NA	NA
Fvb6	37102503	37102602	100	*	25	32	0.78125	16	46	0.347826086956522	6	CG	-1	0.00030401330408622	loss	EVM	SO:0001952	FvH4_6g49541	1	NA
Fvb6	38792303	38792402	100	*	44	69	0.63768115942029	66	74	0.891891891891892	12	CG	1	0.000438107058114806	gain	NA	NA	NA	NA	NA
Fvb6	39180703	39180802	100	*	11	235	0.0468085106382979	47	176	0.267045454545455	24	CG	1	2.07593554087748e-09	gain	EVM	SO:0001952	FvH4_6g53440	1	NA
Fvb7	840602	840701	100	*	10	68	0.147058823529412	63	132	0.477272727272727	14	CG	1	1.94394297740313e-05	gain	EVM	SO:0001952	FvH4_7g00215	1	NA
Fvb7	1336302	1336401	100	*	61	140	0.435714285714286	104	160	0.65	25	CG	1	0.00033860303064086	gain	NA	NA	NA	NA	NA
Fvb7	1574302	1574401	100	*	1	65	0.0153846153846154	29	122	0.237704918032787	14	CG	1	0.00018338989945683	gain	NA	NA	NA	NA	NA
Fvb7	1729802	1729901	100	*	25	73	0.342465753424658	15	118	0.127118644067797	12	CG	-1	0.000491792766173874	loss	NA	NA	NA	NA	NA
Fvb7	2348702	2348801	100	*	71	111	0.63963963963964	67	155	0.432258064516129	13	CG	-1	0.000851907524722079	loss	NA	NA	NA	NA	NA
Fvb7	2866202	2866301	100	*	34	74	0.459459459459459	20	98	0.204081632653061	12	CG	-1	0.000469463435313223	loss	NA	NA	NA	NA	NA
Fvb7	3277602	3277701	100	*	12	18	0.666666666666667	34	34	1	4	CG	1	0.000463596427882705	gain	NA	NA	NA	NA	NA
Fvb7	3675502	3675601	100	*	24	158	0.151898734177215	80	143	0.559440559440559	23	CG	1	1.58799051795723e-12	gain	NA	NA	NA	NA	NA
Fvb7	3675602	3675701	100	*	16	68	0.235294117647059	61	102	0.598039215686274	14	CG	1	1.64868483123209e-05	gain	NA	NA	NA	NA	NA
Fvb7	4169202	4169301	100	*	19	33	0.575757575757576	9	44	0.204545454545455	6	CG	-1	0.000821110378704716	loss	NA	NA	NA	NA	NA
Fvb7	5119302	5119401	100	*	11	90	0.122222222222222	40	101	0.396039603960396	10	CG	1	6.72436633546632e-05	gain	EVM	SO:0001952	FvH4_7g04582	1	NA
Fvb7	5879502	5879601	100	*	16	34	0.470588235294118	4	42	0.0952380952380952	4	CG	-1	0.000355215463031696	loss	NA	NA	NA	NA	NA
Fvb7	5889802	5889901	100	*	5	30	0.166666666666667	27	46	0.58695652173913	6	CG	1	0.000416627607952866	gain	NA	NA	NA	NA	NA
Fvb7	6209902	6210001	100	*	32	46	0.695652173913043	35	95	0.368421052631579	10	CG	-1	0.000407653727858096	loss	EVM	SO:0001952	FvH4_7g06030	1	NA
Fvb7	7393102	7393201	100	*	5	36	0.138888888888889	29	54	0.537037037037037	6	CG	1	0.000265430915905341	gain	NA	NA	NA	NA	NA
Fvb7	7624402	7624501	100	*	52	123	0.422764227642276	117	187	0.625668449197861	19	CG	1	0.000547146882165774	gain	NA	NA	NA	NA	NA
Fvb7	7766202	7766301	100	*	18	22	0.818181818181818	16	43	0.372093023255814	4	CG	-1	0.000685629552834376	loss	NA	NA	NA	NA	NA
Fvb7	8165702	8165801	100	*	44	76	0.578947368421053	74	88	0.840909090909091	14	CG	1	0.000337961252639324	gain	NA	NA	NA	NA	NA
Fvb7	8305902	8306001	100	*	11	20	0.55	0	16	0	4	CG	-1	0.000485499611966968	loss	NA	NA	NA	NA	NA
Fvb7	8958902	8959001	100	*	10	56	0.178571428571429	59	89	0.662921348314607	12	CG	1	1.09009962649587e-07	gain	NA	NA	NA	NA	NA
Fvb7	9051702	9051801	100	*	37	65	0.569230769230769	5	99	0.0505050505050505	13	CG	-1	1.43765529295481e-12	loss	NA	NA	NA	NA	NA
Fvb7	10870802	10870901	100	*	14	24	0.583333333333333	39	41	0.951219512195122	6	CG	1	0.000361251502049669	gain	NA	NA	NA	NA	NA
Fvb7	10905202	10905301	100	*	21	41	0.51219512195122	56	66	0.848484848484849	10	CG	1	0.000309179973623037	gain	NA	NA	NA	NA	NA
Fvb7	11863502	11863601	100	*	25	33	0.757575757575758	47	47	1	8	CG	1	0.000486590158808518	gain	NA	NA	NA	NA	NA
Fvb7	11963202	11963301	100	*	36	38	0.947368421052632	36	56	0.642857142857143	6	CG	-1	0.000664644358649645	loss	NA	NA	NA	NA	NA
Fvb7	12109202	12109301	100	*	20	67	0.298507462686567	68	107	0.635514018691589	8	CG	1	5.63281590038522e-05	gain	NA	NA	NA	NA	NA
Fvb7	12428502	12428601	100	*	27	53	0.509433962264151	28	141	0.198581560283688	10	CG	-1	6.56334255609115e-05	loss	NA	NA	NA	NA	NA
Fvb7	12778002	12778101	100	*	21	27	0.777777777777778	7	30	0.233333333333333	4	CG	-1	0.000114789760022222	loss	NA	NA	NA	NA	NA
Fvb7	13056602	13056701	100	*	36	39	0.923076923076923	23	39	0.58974358974359	8	CG	-1	0.000653971204264857	loss	NA	NA	NA	NA	NA
Fvb7	13283202	13283301	100	*	0	50	0	40	81	0.493827160493827	12	CG	1	2.27270165426792e-08	gain	EVM	SO:0001952	FvH4_7g15261,FvH4_7g15280	2	NA
Fvb7	13283302	13283401	100	*	6	40	0.15	39	82	0.475609756097561	8	CG	1	0.000560815216971996	gain	EVM	SO:0001952	FvH4_7g15280	1	NA
Fvb7	13468402	13468501	100	*	35	36	0.972222222222222	23	39	0.58974358974359	4	CG	-1	0.000180188055620321	loss	EVM	SO:0001952	FvH4_7g15600	1	NA
Fvb7	13693502	13693601	100	*	15	16	0.9375	5	19	0.263157894736842	4	CG	-1	0.000150651678475086	loss	EVM	SO:0001952	FvH4_7g15860	1	NA
Fvb7	13740702	13740801	100	*	7	46	0.152173913043478	32	70	0.457142857142857	10	CG	1	0.000697869441532459	gain	EVM	SO:0001952	FvH4_7g15980	1	NA
Fvb7	13740802	13740901	100	*	1	66	0.0151515151515152	14	64	0.21875	10	CG	1	0.00041598464248843	gain	EVM	SO:0001952	FvH4_7g15980	1	NA
Fvb7	13858802	13858901	100	*	43	55	0.781818181818182	59	60	0.983333333333333	13	CG	1	0.000685629552834376	gain	NA	NA	NA	NA	NA
Fvb7	14168202	14168301	100	*	28	53	0.528301886792453	18	89	0.202247191011236	12	CG	-1	0.000150651678475086	loss	EVM	SO:0001952	FvH4_7g16520	1	NA
Fvb7	15559002	15559101	100	*	20	33	0.606060606060606	35	37	0.945945945945946	8	CG	1	0.00060567025174925	gain	NA	NA	NA	NA	NA
Fvb7	16464502	16464601	100	*	7	62	0.112903225806452	27	72	0.375	8	CG	1	0.000586363188954086	gain	NA	NA	NA	NA	NA
Fvb7	17807202	17807301	100	*	10	17	0.588235294117647	36	37	0.972972972972973	4	CG	1	0.000355112671033	gain	NA	NA	NA	NA	NA
Fvb7	18261302	18261401	100	*	8	22	0.363636363636364	1	43	0.0232558139534884	4	CG	-1	0.000312065329746403	loss	NA	NA	NA	NA	NA
Fvb7	18775902	18776001	100	*	17	62	0.274193548387097	4	94	0.0425531914893617	6	CG	-1	0.000102852019490763	loss	NA	NA	NA	NA	NA
Fvb7	18837702	18837801	100	*	19	24	0.791666666666667	15	44	0.340909090909091	6	CG	-1	0.000492633839259174	loss	NA	NA	NA	NA	NA
Fvb7	20342902	20343001	100	*	50	108	0.462962962962963	62	88	0.704545454545455	14	CG	1	0.000700268493179338	gain	NA	NA	NA	NA	NA
Fvb7	21349502	21349601	100	*	29	50	0.58	49	55	0.890909090909091	6	CG	1	0.000414448916596058	gain	NA	NA	NA	NA	NA
Fvb7	21798902	21799001	100	*	10	17	0.588235294117647	22	22	1	4	CG	1	0.00089724512800459	gain	NA	NA	NA	NA	NA
Fvb7	22449402	22449501	100	*	0	36	0	10	35	0.285714285714286	6	CG	1	0.00060567025174925	gain	NA	NA	NA	NA	NA
Fvb7	23128102	23128201	100	*	1	54	0.0185185185185185	24	106	0.226415094339623	8	CG	1	0.000662538253591126	gain	NA	NA	NA	NA	NA
Fvb7	23421702	23421801	100	*	12	25	0.48	26	29	0.896551724137931	6	CG	1	0.000843612840332376	gain	NA	NA	NA	NA	NA
Fvb7	23650802	23650901	100	*	1	39	0.0256410256410256	14	45	0.311111111111111	4	CG	1	0.000685629552834376	gain	NA	NA	NA	NA	NA
