seqnames	start	end	width	strand	sumReadsM1	sumReadsN1	proportion1	sumReadsM2	sumReadsN2	proportion2	cytosinesCount	context	direction	pValue	regionType	source	type	tss	score	phase
contig_1	13001	13100	100	*	83	167	0.497005988023952	53	191	0.277486910994764	14	CG	-1	9.52697178531315e-05	loss	NA	NA	NA	NA	NA
contig_10	3304	3403	100	*	357	387	0.922480620155039	73	113	0.646017699115044	22	CG	-1	2.01914263652168e-11	loss	NA	NA	NA	NA	NA
contig_12	8101	8200	100	*	63	92	0.684782608695652	40	105	0.380952380952381	19	CG	-1	9.80793909037953e-05	loss	NA	NA	NA	NA	NA
contig_12	20801	20900	100	*	70	101	0.693069306930693	38	86	0.441860465116279	17	CG	-1	0.000746626927611671	loss	NA	NA	NA	NA	NA
contig_12	31301	31400	100	*	160	217	0.737327188940092	32	64	0.5	16	CG	-1	0.000580814162911131	loss	NA	NA	NA	NA	NA
contig_20	4302	4401	100	*	176	279	0.630824372759857	62	147	0.421768707482993	18	CG	-1	0.000138427483567113	loss	NA	NA	NA	NA	NA
contig_20	4402	4501	100	*	60	98	0.612244897959184	29	91	0.318681318681319	18	CG	-1	0.00019311596516514	loss	NA	NA	NA	NA	NA
contig_7	8601	8700	100	*	85	151	0.562913907284768	34	115	0.295652173913043	20	CG	-1	7.58517854437732e-05	loss	NA	NA	NA	NA	NA
contig_7	39801	39900	100	*	41	89	0.460674157303371	20	78	0.256410256410256	18	CG	-1	0.00623600127819107	loss	NA	NA	NA	NA	NA
contig_7	39901	40000	100	*	55	121	0.454545454545455	22	94	0.234042553191489	18	CG	-1	0.000948505943154946	loss	NA	NA	NA	NA	NA
contig_9	9103	9202	100	*	60	110	0.545454545454545	29	89	0.325842696629214	16	CG	-1	0.00195274092744393	loss	NA	NA	NA	NA	NA
Fvb1	461203	461302	100	*	14	38	0.368421052631579	28	37	0.756756756756757	4	CG	1	0.000871451054895152	gain	NA	NA	NA	NA	NA
Fvb1	1002403	1002502	100	*	37	45	0.822222222222222	21	44	0.477272727272727	6	CG	-1	0.000827142502303655	loss	NA	NA	NA	NA	NA
Fvb1	1172303	1172402	100	*	145	173	0.838150289017341	55	87	0.632183908045977	10	CG	-1	0.000425663215581437	loss	NA	NA	NA	NA	NA
Fvb1	1875703	1875802	100	*	58	77	0.753246753246753	88	91	0.967032967032967	10	CG	1	0.000156560624991461	gain	NA	NA	NA	NA	NA
Fvb1	2240403	2240502	100	*	66	67	0.985074626865672	24	31	0.774193548387097	4	CG	-1	0.000627522121955033	loss	NA	NA	NA	NA	NA
Fvb1	2254903	2255002	100	*	58	116	0.5	51	68	0.75	16	CG	1	0.000977939029420796	gain	NA	NA	NA	NA	NA
Fvb1	2667003	2667102	100	*	10	42	0.238095238095238	21	31	0.67741935483871	5	CG	1	0.000385042403832563	gain	NA	NA	NA	NA	NA
Fvb1	3611303	3611402	100	*	85	97	0.876288659793814	43	65	0.661538461538462	10	CG	-1	0.00105576871425355	loss	NA	NA	NA	NA	NA
Fvb1	3814603	3814702	100	*	73	82	0.890243902439024	30	47	0.638297872340426	10	CG	-1	0.000793450280961644	loss	EVM	SO:0001952	FvH4_1g07210	1	NA
Fvb1	4222903	4223002	100	*	9	16	0.5625	27	28	0.964285714285714	4	CG	1	0.000989157519028013	gain	NA	NA	NA	NA	NA
Fvb1	5152103	5152202	100	*	27	41	0.658536585365854	8	31	0.258064516129032	4	CG	-1	0.000914019014742032	loss	EVM	SO:0001952	FvH4_1g09620	1	NA
Fvb1	5494603	5494702	100	*	15	48	0.3125	0	34	0	6	CG	-1	0.000563695346220429	loss	NA	NA	NA	NA	NA
Fvb1	6727003	6727102	100	*	54	105	0.514285714285714	17	84	0.202380952380952	7	CG	-1	6.58117225734516e-05	loss	NA	NA	NA	NA	NA
Fvb1	6791303	6791402	100	*	24	65	0.369230769230769	38	55	0.690909090909091	10	CG	1	0.000662194586688902	gain	EVM	SO:0001952	FvH4_1g12391	1	NA
Fvb1	6812503	6812602	100	*	25	42	0.595238095238095	4	25	0.16	4	CG	-1	0.000723095524441107	loss	NA	NA	NA	NA	NA
Fvb1	7851803	7851902	100	*	40	41	0.975609756097561	24	34	0.705882352941177	4	CG	-1	0.00106114456434717	loss	NA	NA	NA	NA	NA
Fvb1	7918303	7918402	100	*	41	61	0.672131147540984	60	63	0.952380952380952	6	CG	1	0.00020254817199386	gain	NA	NA	NA	NA	NA
Fvb1	8035203	8035302	100	*	39	39	1	14	21	0.666666666666667	4	CG	-1	0.000314512494668733	loss	NA	NA	NA	NA	NA
Fvb1	9515303	9515402	100	*	40	40	1	24	32	0.75	4	CG	-1	0.000935356394804263	loss	EVM	SO:0001952	FvH4_1g16510	1	NA
Fvb1	9972403	9972502	100	*	9	45	0.2	32	62	0.516129032258065	8	CG	1	0.000999412697498965	gain	NA	NA	NA	NA	NA
Fvb1	10060703	10060802	100	*	15	19	0.789473684210526	5	24	0.208333333333333	4	CG	-1	0.000347795300244329	loss	NA	NA	NA	NA	NA
Fvb1	10142503	10142602	100	*	28	87	0.32183908045977	6	71	0.0845070422535211	10	CG	-1	0.000560128478983619	loss	NA	NA	NA	NA	NA
Fvb1	11660903	11661002	100	*	13	109	0.119266055045872	42	116	0.362068965517241	14	CG	1	0.000103944787996301	gain	EVM	SO:0001952	FvH4_1g19420	1	NA
Fvb1	11850503	11850602	100	*	7	58	0.120689655172414	24	50	0.48	6	CG	1	0.000145922173923747	gain	NA	NA	NA	NA	NA
Fvb1	12427503	12427602	100	*	35	39	0.897435897435897	9	18	0.5	4	CG	-1	0.000989157519028013	loss	NA	NA	NA	NA	NA
Fvb1	12862303	12862402	100	*	16	46	0.347826086956522	22	29	0.758620689655172	6	CG	1	0.000746626927611671	gain	NA	NA	NA	NA	NA
Fvb1	13661403	13661502	100	*	33	34	0.970588235294118	23	40	0.575	8	CG	-1	0.000246445298909892	loss	EVM	SO:0001952	FvH4_1g21691	1	NA
Fvb1	14236403	14236502	100	*	24	110	0.218181818181818	31	62	0.5	8	CG	1	0.000338622787553629	gain	NA	NA	NA	NA	NA
Fvb1	15181503	15181602	100	*	29	30	0.966666666666667	13	26	0.5	4	CG	-1	0.000201602635013397	loss	EVM	SO:0001952	FvH4_1g23310	1	NA
Fvb1	16145303	16145402	100	*	44	46	0.956521739130435	12	19	0.631578947368421	4	CG	-1	0.000770707287842153	loss	NA	NA	NA	NA	NA
Fvb1	16404003	16404102	100	*	24	61	0.39344262295082	3	36	0.0833333333333333	6	CG	-1	0.00105521795638427	loss	EVM	SO:0001952	FvH4_1g24561,FvH4_1g24570	2	NA
Fvb1	18013403	18013502	100	*	55	57	0.964912280701754	18	27	0.666666666666667	6	CG	-1	0.000350800411531284	loss	EVM	SO:0001952	FvH4_1g26160	1	NA
Fvb1	18079503	18079602	100	*	103	242	0.425619834710744	155	235	0.659574468085106	14	CG	1	5.5997315997489e-06	gain	NA	NA	NA	NA	NA
Fvb1	18079603	18079702	100	*	27	64	0.421875	56	74	0.756756756756757	6	CG	1	0.000206740386744325	gain	NA	NA	NA	NA	NA
Fvb1	18374703	18374802	100	*	16	99	0.161616161616162	25	57	0.43859649122807	4	CG	1	0.000350800411531284	gain	NA	NA	NA	NA	NA
Fvb1	19239203	19239302	100	*	25	45	0.555555555555556	40	42	0.952380952380952	6	CG	1	9.81342334470297e-05	gain	NA	NA	NA	NA	NA
Fvb1	19422403	19422502	100	*	26	33	0.787878787878788	53	53	1	8	CG	1	0.000684164126479598	gain	NA	NA	NA	NA	NA
Fvb1	19804103	19804202	100	*	55	79	0.69620253164557	77	84	0.916666666666667	10	CG	1	0.000580814162911131	gain	NA	NA	NA	NA	NA
Fvb1	21413403	21413502	100	*	0	48	0	33	76	0.434210526315789	10	CG	1	2.39508821750094e-06	gain	NA	NA	NA	NA	NA
Fvb1	22942403	22942502	100	*	13	78	0.166666666666667	25	52	0.480769230769231	8	CG	1	0.00030155807337522	gain	NA	NA	NA	NA	NA
Fvb1	23664603	23664702	100	*	54	54	1	31	46	0.673913043478261	10	CG	-1	4.47638450953665e-05	loss	NA	NA	NA	NA	NA
Fvb2	3075501	3075600	100	*	0	35	0	11	36	0.305555555555556	4	CG	1	0.000617644330945001	gain	NA	NA	NA	NA	NA
Fvb2	4444001	4444100	100	*	29	32	0.90625	25	50	0.5	6	CG	-1	0.000350800411531284	loss	NA	NA	NA	NA	NA
Fvb2	4651901	4652000	100	*	11	83	0.132530120481928	22	53	0.415094339622642	6	CG	1	0.000388293522411095	gain	EVM	SO:0001952	FvH4_2g05700	1	NA
Fvb2	5717301	5717400	100	*	30	55	0.545454545454545	14	60	0.233333333333333	10	CG	-1	0.000782162711980673	loss	NA	NA	NA	NA	NA
Fvb2	6797301	6797400	100	*	28	32	0.875	19	43	0.441860465116279	6	CG	-1	0.000314512494668733	loss	NA	NA	NA	NA	NA
Fvb2	8142301	8142400	100	*	93	101	0.920792079207921	56	79	0.708860759493671	19	CG	-1	0.000400779525384346	loss	NA	NA	NA	NA	NA
Fvb2	8781901	8782000	100	*	45	88	0.511363636363636	60	75	0.8	8	CG	1	0.000314512494668733	gain	NA	NA	NA	NA	NA
Fvb2	9020501	9020600	100	*	69	70	0.985714285714286	36	48	0.75	6	CG	-1	0.00020254817199386	loss	NA	NA	NA	NA	NA
Fvb2	9085401	9085500	100	*	84	143	0.587412587412587	35	99	0.353535353535354	12	CG	-1	0.000583911612901665	loss	NA	NA	NA	NA	NA
Fvb2	12538101	12538200	100	*	90	98	0.918367346938776	49	73	0.671232876712329	18	CG	-1	0.000154009665604531	loss	EVM	SO:0001952	FvH4_2g14250	1	NA
Fvb2	12945201	12945300	100	*	22	25	0.88	12	30	0.4	4	CG	-1	0.000517079265152813	loss	NA	NA	NA	NA	NA
Fvb2	13848101	13848200	100	*	91	102	0.892156862745098	39	63	0.619047619047619	12	CG	-1	0.000124758333284455	loss	NA	NA	NA	NA	NA
Fvb2	14429901	14430000	100	*	8	60	0.133333333333333	25	51	0.490196078431373	6	CG	1	0.000154009665604531	gain	NA	NA	NA	NA	NA
Fvb2	14750301	14750400	100	*	166	167	0.994011976047904	85	110	0.772727272727273	23	CG	-1	3.52248845714115e-08	loss	NA	NA	NA	NA	NA
Fvb2	15020801	15020900	100	*	4	53	0.0754716981132075	17	35	0.485714285714286	8	CG	1	6.19529270676067e-05	gain	NA	NA	NA	NA	NA
Fvb2	16694901	16695000	100	*	16	26	0.615384615384615	29	29	1	5	CG	1	0.000449758382263081	gain	NA	NA	NA	NA	NA
Fvb2	17059901	17060000	100	*	38	52	0.730769230769231	20	56	0.357142857142857	8	CG	-1	0.000278031563804971	loss	EVM	SO:0001952	FvH4_2g20291	1	NA
Fvb2	18356801	18356900	100	*	38	61	0.622950819672131	16	60	0.266666666666667	4	CG	-1	0.000249013081450394	loss	NA	NA	NA	NA	NA
Fvb2	18535201	18535300	100	*	25	42	0.595238095238095	39	42	0.928571428571429	10	CG	1	0.000580814162911131	gain	NA	NA	NA	NA	NA
Fvb2	20975101	20975200	100	*	14	62	0.225806451612903	26	44	0.590909090909091	6	CG	1	0.0003243543037349	gain	NA	NA	NA	NA	NA
Fvb2	21431801	21431900	100	*	44	72	0.611111111111111	63	72	0.875	12	CG	1	0.000544868670273637	gain	NA	NA	NA	NA	NA
Fvb2	22433001	22433100	100	*	139	299	0.464882943143813	39	177	0.220338983050847	13	CG	-1	2.39508821750094e-06	loss	EVM	SO:0001952	FvH4_2g28701	1	NA
Fvb2	22716801	22716900	100	*	23	23	1	16	29	0.551724137931034	4	CG	-1	0.000435211457851109	loss	NA	NA	NA	NA	NA
Fvb2	23013901	23014000	100	*	67	68	0.985294117647059	14	24	0.583333333333333	6	CG	-1	3.76500606835651e-06	loss	NA	NA	NA	NA	NA
Fvb2	23016501	23016600	100	*	38	62	0.612903225806452	51	56	0.910714285714286	6	CG	1	0.000385042403832563	gain	NA	NA	NA	NA	NA
Fvb2	23323801	23323900	100	*	50	56	0.892857142857143	22	39	0.564102564102564	4	CG	-1	0.000467818360281883	loss	NA	NA	NA	NA	NA
Fvb2	24605601	24605700	100	*	2	53	0.0377358490566038	15	45	0.333333333333333	6	CG	1	0.000305801367241734	gain	NA	NA	NA	NA	NA
Fvb2	24695701	24695800	100	*	8	72	0.111111111111111	19	38	0.5	4	CG	1	4.88029060472871e-05	gain	NA	NA	NA	NA	NA
Fvb2	25410701	25410800	100	*	23	70	0.328571428571429	45	73	0.616438356164384	6	CG	1	0.000777660239340079	gain	NA	NA	NA	NA	NA
Fvb2	27040001	27040100	100	*	63	81	0.777777777777778	41	80	0.5125	12	CG	-1	0.000658830046516025	loss	EVM	SO:0001952	FvH4_2g37040	1	NA
Fvb2	27668401	27668500	100	*	76	160	0.475	16	90	0.177777777777778	14	CG	-1	2.88470048970597e-05	loss	NA	NA	NA	NA	NA
Fvb2	28012301	28012400	100	*	56	120	0.466666666666667	33	42	0.785714285714286	10	CG	1	0.000585035420319318	gain	EVM	SO:0001952	FvH4_2g38820	1	NA
Fvb2	29284901	29285000	100	*	44	100	0.44	85	121	0.702479338842975	8	CG	1	0.000249013081450394	gain	NA	NA	NA	NA	NA
Fvb3	498703	498802	100	*	8	38	0.210526315789474	33	57	0.578947368421053	6	CG	1	0.000621573373488861	gain	NA	NA	NA	NA	NA
Fvb3	516803	516902	100	*	24	137	0.175182481751825	36	70	0.514285714285714	16	CG	1	5.87668277850976e-06	gain	NA	NA	NA	NA	NA
Fvb3	1078003	1078102	100	*	50	72	0.694444444444444	13	68	0.191176470588235	14	CG	-1	1.06824656821545e-07	loss	NA	NA	NA	NA	NA
Fvb3	1270803	1270902	100	*	42	103	0.407766990291262	4	67	0.0597014925373134	8	CG	-1	8.17172424403674e-06	loss	NA	NA	NA	NA	NA
Fvb3	2276703	2276802	100	*	47	96	0.489583333333333	21	94	0.223404255319149	18	CG	-1	0.000320743847554819	loss	NA	NA	NA	NA	NA
Fvb3	2415503	2415602	100	*	40	43	0.930232558139535	26	44	0.590909090909091	10	CG	-1	0.000443231676463481	loss	NA	NA	NA	NA	NA
Fvb3	2582403	2582502	100	*	81	116	0.698275862068966	74	82	0.902439024390244	10	CG	1	0.000793450280961644	gain	NA	NA	NA	NA	NA
Fvb3	2584503	2584602	100	*	31	138	0.22463768115942	1	145	0.00689655172413793	12	CG	-1	2.94017753290409e-07	loss	NA	NA	NA	NA	NA
Fvb3	4799003	4799102	100	*	11	89	0.123595505617978	24	64	0.375	16	CG	1	0.000512241499841712	gain	EVM	SO:0001952	FvH4_3g08160	1	NA
Fvb3	5629703	5629802	100	*	13	36	0.361111111111111	0	28	0	4	CG	-1	0.000609019926112238	loss	NA	NA	NA	NA	NA
Fvb3	7757603	7757702	100	*	0	137	0	29	100	0.29	14	CG	1	2.50141394311569e-09	gain	NA	NA	NA	NA	NA
Fvb3	8470603	8470702	100	*	69	73	0.945205479452055	32	47	0.680851063829787	4	CG	-1	0.000294668689531588	loss	NA	NA	NA	NA	NA
Fvb3	9574103	9574202	100	*	11	52	0.211538461538462	18	30	0.6	6	CG	1	0.00062881537394033	gain	NA	NA	NA	NA	NA
Fvb3	9810503	9810602	100	*	63	111	0.567567567567568	56	64	0.875	7	CG	1	0.000113712639072185	gain	NA	NA	NA	NA	NA
Fvb3	11304703	11304802	100	*	0	49	0	6	27	0.222222222222222	4	CG	1	0.000782162711980673	gain	NA	NA	NA	NA	NA
Fvb3	11902503	11902602	100	*	38	65	0.584615384615385	13	56	0.232142857142857	8	CG	-1	0.000263350283820785	loss	EVM	SO:0001952	FvH4_3g18600	1	NA
Fvb3	12884503	12884602	100	*	48	148	0.324324324324324	71	111	0.63963963963964	12	CG	1	6.81452350229476e-06	gain	NA	NA	NA	NA	NA
Fvb3	15204503	15204602	100	*	30	186	0.161290322580645	58	159	0.364779874213836	16	CG	1	8.03889077145819e-05	gain	EVM	SO:0001952	FvH4_3g22161	1	NA
Fvb3	16555403	16555502	100	*	25	26	0.961538461538462	11	21	0.523809523809524	4	CG	-1	0.000650173200574346	loss	NA	NA	NA	NA	NA
Fvb3	17077203	17077302	100	*	50	63	0.793650793650794	17	39	0.435897435897436	6	CG	-1	0.000443231676463481	loss	NA	NA	NA	NA	NA
Fvb3	17748603	17748702	100	*	43	56	0.767857142857143	45	45	1	6	CG	1	0.000749298245586108	gain	NA	NA	NA	NA	NA
Fvb3	19694103	19694202	100	*	41	101	0.405940594059406	52	71	0.732394366197183	6	CG	1	0.000103944787996301	gain	NA	NA	NA	NA	NA
Fvb3	21772903	21773002	100	*	49	50	0.98	18	27	0.666666666666667	6	CG	-1	0.000269771142163442	loss	NA	NA	NA	NA	NA
Fvb3	23018903	23019002	100	*	8	83	0.0963855421686747	18	54	0.333333333333333	7	CG	1	0.000764846086786292	gain	NA	NA	NA	NA	NA
Fvb3	25669103	25669202	100	*	40	55	0.727272727272727	53	55	0.963636363636364	12	CG	1	0.000799669007674562	gain	EVM	SO:0001952	FvH4_3g31440	1	NA
Fvb3	26115203	26115302	100	*	52	52	1	24	31	0.774193548387097	6	CG	-1	0.000582052889464299	loss	NA	NA	NA	NA	NA
Fvb3	27191603	27191702	100	*	73	189	0.386243386243386	19	105	0.180952380952381	6	CG	-1	0.000530037065206245	loss	NA	NA	NA	NA	NA
Fvb3	27304303	27304402	100	*	55	55	1	41	52	0.788461538461538	10	CG	-1	0.00056672403502566	loss	NA	NA	NA	NA	NA
Fvb3	28088103	28088202	100	*	0	41	0	13	32	0.40625	4	CG	1	4.91035715759258e-05	gain	NA	NA	NA	NA	NA
Fvb3	30804903	30805002	100	*	11	40	0.275	28	40	0.7	4	CG	1	0.000338622787553629	gain	EVM	SO:0001952	FvH4_3g35921	1	NA
Fvb3	30908503	30908602	100	*	23	73	0.315068493150685	5	71	0.0704225352112676	8	CG	-1	0.000435211457851109	loss	NA	NA	NA	NA	NA
Fvb3	30920303	30920402	100	*	42	44	0.954545454545455	14	25	0.56	4	CG	-1	0.000199365126267626	loss	NA	NA	NA	NA	NA
Fvb3	30958103	30958202	100	*	98	113	0.867256637168142	73	125	0.584	18	CG	-1	1.43442271257757e-05	loss	NA	NA	NA	NA	NA
Fvb3	31195003	31195102	100	*	21	107	0.196261682242991	45	81	0.555555555555556	15	CG	1	5.5997315997489e-06	gain	EVM	SO:0001952	FvH4_3g36390	1	NA
Fvb3	32016803	32016902	100	*	95	96	0.989583333333333	51	66	0.772727272727273	16	CG	-1	4.51465774614837e-05	loss	NA	NA	NA	NA	NA
Fvb3	33092703	33092802	100	*	27	27	1	13	24	0.541666666666667	4	CG	-1	0.00023106762939604	loss	EVM	SO:0001952	FvH4_3g38800	1	NA
Fvb3	33333903	33334002	100	*	45	61	0.737704918032787	14	38	0.368421052631579	4	CG	-1	0.000526475979450474	loss	NA	NA	NA	NA	NA
Fvb3	33534103	33534202	100	*	21	45	0.466666666666667	57	73	0.780821917808219	10	CG	1	0.000682014170163813	gain	NA	NA	NA	NA	NA
Fvb3	34570903	34571002	100	*	22	90	0.244444444444444	0	45	0	8	CG	-1	0.000544012662102319	loss	NA	NA	NA	NA	NA
Fvb3	34640203	34640302	100	*	19	40	0.475	1	34	0.0294117647058824	6	CG	-1	8.62529720329147e-05	loss	NA	NA	NA	NA	NA
Fvb3	34838703	34838802	100	*	10	23	0.434782608695652	26	26	1	4	CG	1	5.2811724012173e-05	gain	NA	NA	NA	NA	NA
Fvb3	36130003	36130102	100	*	5	105	0.0476190476190476	43	101	0.425742574257426	12	CG	1	1.00821831977367e-08	gain	NA	NA	NA	NA	NA
Fvb3	37014503	37014602	100	*	65	94	0.691489361702128	77	81	0.950617283950617	12	CG	1	6.88647857196294e-05	gain	NA	NA	NA	NA	NA
Fvb3	37844003	37844102	100	*	31	47	0.659574468085106	42	43	0.976744186046512	6	CG	1	0.000314512494668733	gain	EVM	SO:0001952	FvH4_3g45643	1	NA
Fvb4	32903	33002	100	*	2	38	0.0526315789473684	14	33	0.424242424242424	6	CG	1	0.000400779525384346	gain	NA	NA	NA	NA	NA
Fvb4	167503	167602	100	*	73	96	0.760416666666667	25	55	0.454545454545455	8	CG	-1	0.000350742890605763	loss	NA	NA	NA	NA	NA
Fvb4	167703	167802	100	*	54	120	0.45	17	80	0.2125	10	CG	-1	0.000782162711980673	loss	NA	NA	NA	NA	NA
Fvb4	732103	732202	100	*	36	50	0.72	16	43	0.372093023255814	6	CG	-1	0.000912487301246674	loss	NA	NA	NA	NA	NA
Fvb4	1442303	1442402	100	*	40	79	0.506329113924051	34	41	0.829268292682927	4	CG	1	0.000770707287842153	gain	NA	NA	NA	NA	NA
Fvb4	2504803	2504902	100	*	27	48	0.5625	61	70	0.871428571428571	10	CG	1	0.000350800411531284	gain	NA	NA	NA	NA	NA
Fvb4	2944003	2944102	100	*	55	101	0.544554455445545	39	46	0.847826086956522	8	CG	1	0.000621573373488861	gain	NA	NA	NA	NA	NA
Fvb4	3116403	3116502	100	*	30	53	0.566037735849057	9	53	0.169811320754717	12	CG	-1	0.000103944787996301	loss	EVM	SO:0001952	FvH4_4g03470	1	NA
Fvb4	3310103	3310202	100	*	23	61	0.377049180327869	32	44	0.727272727272727	6	CG	1	0.000627522121955033	gain	NA	NA	NA	NA	NA
Fvb4	3507903	3508002	100	*	30	82	0.365853658536585	28	38	0.736842105263158	8	CG	1	0.000350800411531284	gain	NA	NA	NA	NA	NA
Fvb4	3572803	3572902	100	*	11	51	0.215686274509804	40	58	0.689655172413793	8	CG	1	9.61830373569144e-06	gain	EVM	SO:0001952	FvH4_4g04130	1	NA
Fvb4	3641903	3642002	100	*	1	42	0.0238095238095238	6	19	0.315789473684211	4	CG	1	0.00101456652834266	gain	EVM	SO:0001952	FvH4_4g04230	1	NA
Fvb4	4422903	4423002	100	*	16	24	0.666666666666667	31	31	1	4	CG	1	0.000723095524441107	gain	NA	NA	NA	NA	NA
Fvb4	4904103	4904202	100	*	38	64	0.59375	11	44	0.25	8	CG	-1	0.000650069316509962	loss	NA	NA	NA	NA	NA
Fvb4	5491103	5491202	100	*	13	36	0.361111111111111	21	27	0.777777777777778	6	CG	1	0.00107138977915521	gain	EVM	SO:0001952	FvH4_4g06100	1	NA
Fvb4	5638603	5638702	100	*	48	62	0.774193548387097	18	40	0.45	8	CG	-1	0.000948505943154946	loss	EVM	SO:0001952	FvH4_4g06340	1	NA
Fvb4	5639103	5639202	100	*	32	92	0.347826086956522	18	122	0.147540983606557	12	CG	-1	0.000800776680795143	loss	EVM	SO:0001952	FvH4_4g06340	1	NA
Fvb4	5854403	5854502	100	*	18	25	0.72	9	32	0.28125	6	CG	-1	0.00105521795638427	loss	NA	NA	NA	NA	NA
Fvb4	6015703	6015802	100	*	29	80	0.3625	48	77	0.623376623376623	8	CG	1	0.0011158920345219	gain	EVM	SO:0001952	FvH4_4g06710	1	NA
Fvb4	6601703	6601802	100	*	26	110	0.236363636363636	52	96	0.541666666666667	14	CG	1	4.88029060472871e-05	gain	NA	NA	NA	NA	NA
Fvb4	6667003	6667102	100	*	24	152	0.157894736842105	34	80	0.425	16	CG	1	5.36163120543186e-05	gain	EVM	SO:0001952	FvH4_4g07260	1	NA
Fvb4	7241203	7241302	100	*	21	47	0.446808510638298	5	56	0.0892857142857143	6	CG	-1	0.000127377520626213	loss	NA	NA	NA	NA	NA
Fvb4	7378003	7378102	100	*	20	65	0.307692307692308	28	40	0.7	6	CG	1	0.000262316168010849	gain	NA	NA	NA	NA	NA
Fvb4	7745803	7745902	100	*	13	31	0.419354838709677	22	24	0.916666666666667	4	CG	1	0.000338622787553629	gain	NA	NA	NA	NA	NA
Fvb4	7978203	7978302	100	*	63	64	0.984375	24	32	0.75	8	CG	-1	0.000430844021069749	loss	NA	NA	NA	NA	NA
Fvb4	8215503	8215602	100	*	28	37	0.756756756756757	42	42	1	6	CG	1	0.000862564589471609	gain	NA	NA	NA	NA	NA
Fvb4	8420603	8420702	100	*	68	176	0.386363636363636	76	120	0.633333333333333	26	CG	1	0.000123488743155546	gain	EVM	SO:0001952	FvH4_4g08421	1	NA
Fvb4	8441003	8441102	100	*	29	38	0.763157894736842	4	16	0.25	4	CG	-1	0.000644467844477118	loss	NA	NA	NA	NA	NA
Fvb4	8510503	8510602	100	*	39	57	0.684210526315789	40	40	1	8	CG	1	0.000249104229063719	gain	NA	NA	NA	NA	NA
Fvb4	8669003	8669102	100	*	16	34	0.470588235294118	3	34	0.0882352941176471	6	CG	-1	0.000662194586688902	loss	NA	NA	NA	NA	NA
Fvb4	9902803	9902902	100	*	31	39	0.794871794871795	48	48	1	8	CG	1	0.00105521795638427	gain	NA	NA	NA	NA	NA
Fvb4	9995403	9995502	100	*	25	64	0.390625	43	62	0.693548387096774	10	CG	1	0.000833766722279082	gain	NA	NA	NA	NA	NA
Fvb4	10933203	10933302	100	*	101	206	0.490291262135922	41	159	0.257861635220126	14	CG	-1	4.88029060472871e-05	loss	NA	NA	NA	NA	NA
Fvb4	10933503	10933602	100	*	61	138	0.442028985507246	83	125	0.664	10	CG	1	0.000560128478983619	gain	NA	NA	NA	NA	NA
Fvb4	10933703	10933802	100	*	96	239	0.401673640167364	112	176	0.636363636363636	20	CG	1	2.3317050362637e-05	gain	NA	NA	NA	NA	NA
Fvb4	11567103	11567202	100	*	36	36	1	13	18	0.722222222222222	4	CG	-1	0.000999490277505403	loss	NA	NA	NA	NA	NA
Fvb4	12363603	12363702	100	*	67	84	0.797619047619048	56	56	1	12	CG	1	0.000580814162911131	gain	NA	NA	NA	NA	NA
Fvb4	12835403	12835502	100	*	69	71	0.971830985915493	36	49	0.73469387755102	12	CG	-1	0.00030155807337522	loss	NA	NA	NA	NA	NA
Fvb4	14088803	14088902	100	*	31	60	0.516666666666667	7	62	0.112903225806452	14	CG	-1	1.6539190177502e-05	loss	NA	NA	NA	NA	NA
Fvb4	14139803	14139902	100	*	57	98	0.581632653061224	37	111	0.333333333333333	10	CG	-1	0.00056672403502566	loss	NA	NA	NA	NA	NA
Fvb4	14500803	14500902	100	*	25	73	0.342465753424658	41	56	0.732142857142857	10	CG	1	6.65124947492286e-05	gain	NA	NA	NA	NA	NA
Fvb4	14718203	14718302	100	*	54	105	0.514285714285714	98	106	0.924528301886792	20	CG	1	3.45780722589029e-09	gain	NA	NA	NA	NA	NA
Fvb4	15602003	15602102	100	*	48	48	1	35	44	0.795454545454545	4	CG	-1	0.0010458373666089	loss	NA	NA	NA	NA	NA
Fvb4	15996503	15996602	100	*	2	20	0.1	19	33	0.575757575757576	4	CG	1	0.000793450280961644	gain	EVM	SO:0001952	FvH4_4g12280	1	NA
Fvb4	15996603	15996702	100	*	4	34	0.117647058823529	22	37	0.594594594594595	6	CG	1	0.000124758333284455	gain	EVM	SO:0001952	FvH4_4g12280	1	NA
Fvb4	16787603	16787702	100	*	35	46	0.760869565217391	9	27	0.333333333333333	6	CG	-1	0.000566126105984322	loss	EVM	SO:0001952	FvH4_4g13180	1	NA
Fvb4	16833003	16833102	100	*	74	79	0.936708860759494	52	77	0.675324675324675	12	CG	-1	0.000134645023104037	loss	NA	NA	NA	NA	NA
Fvb4	16833103	16833202	100	*	46	49	0.938775510204082	13	22	0.590909090909091	4	CG	-1	0.000554473524226233	loss	NA	NA	NA	NA	NA
Fvb4	16926803	16926902	100	*	24	29	0.827586206896552	7	19	0.368421052631579	4	CG	-1	0.00116668637813439	loss	NA	NA	NA	NA	NA
Fvb4	16970203	16970302	100	*	48	92	0.521739130434783	17	84	0.202380952380952	10	CG	-1	6.6753199253034e-05	loss	EVM	SO:0001952	FvH4_4g13350	1	NA
Fvb4	16970303	16970402	100	*	78	99	0.787878787878788	33	146	0.226027397260274	15	CG	-1	1.89980837231207e-15	loss	EVM	SO:0001952	FvH4_4g13350	1	NA
Fvb4	17510303	17510402	100	*	20	29	0.689655172413793	9	40	0.225	4	CG	-1	0.00030155807337522	loss	NA	NA	NA	NA	NA
Fvb4	17632303	17632402	100	*	53	58	0.913793103448276	36	55	0.654545454545455	10	CG	-1	0.000914019014742032	loss	NA	NA	NA	NA	NA
Fvb4	18305803	18305902	100	*	73	88	0.829545454545455	42	71	0.591549295774648	8	CG	-1	0.00097158511500808	loss	EVM	SO:0001952	FvH4_4g14610	1	NA
Fvb4	18833503	18833602	100	*	27	28	0.964285714285714	17	33	0.515151515151515	6	CG	-1	0.000272596431877819	loss	NA	NA	NA	NA	NA
Fvb4	19039903	19040002	100	*	46	46	1	30	38	0.789473684210526	6	CG	-1	0.00111255210715646	loss	NA	NA	NA	NA	NA
Fvb4	20397603	20397702	100	*	72	79	0.911392405063291	71	103	0.689320388349515	10	CG	-1	0.000552791735632863	loss	EVM	SO:0001952	FvH4_4g16450	1	NA
Fvb4	20655603	20655702	100	*	35	36	0.972222222222222	12	22	0.545454545454545	4	CG	-1	0.000201602635013397	loss	NA	NA	NA	NA	NA
Fvb4	21343803	21343902	100	*	75	144	0.520833333333333	28	95	0.294736842105263	6	CG	-1	0.000766669464724219	loss	NA	NA	NA	NA	NA
Fvb4	21814903	21815002	100	*	102	107	0.953271028037383	31	43	0.720930232558139	8	CG	-1	0.000179273214285008	loss	EVM	SO:0001952	FvH4_4g17821	1	NA
Fvb4	21931403	21931502	100	*	7	22	0.318181818181818	29	38	0.763157894736842	4	CG	1	0.000867951812612303	gain	EVM	SO:0001952	FvH4_4g17970	1	NA
Fvb4	22552103	22552202	100	*	1	71	0.0140845070422535	14	50	0.28	8	CG	1	6.88647857196294e-05	gain	NA	NA	NA	NA	NA
Fvb4	22702303	22702402	100	*	7	113	0.0619469026548673	31	99	0.313131313131313	11	CG	1	2.04246453266449e-05	gain	NA	NA	NA	NA	NA
Fvb4	22924703	22924802	100	*	36	62	0.580645161290323	9	38	0.236842105263158	9	CG	-1	0.000935356394804263	loss	NA	NA	NA	NA	NA
Fvb4	23041103	23041202	100	*	36	74	0.486486486486487	3	38	0.0789473684210526	6	CG	-1	9.01787196444967e-05	loss	NA	NA	NA	NA	NA
Fvb4	24374703	24374802	100	*	84	94	0.893617021276596	24	47	0.51063829787234	10	CG	-1	6.43323343184908e-06	loss	NA	NA	NA	NA	NA
Fvb4	24458203	24458302	100	*	75	124	0.604838709677419	73	87	0.839080459770115	10	CG	1	0.000501093646593789	gain	NA	NA	NA	NA	NA
Fvb4	24735303	24735402	100	*	43	43	1	27	36	0.75	6	CG	-1	0.000715475034064589	loss	NA	NA	NA	NA	NA
Fvb4	26210003	26210102	100	*	0	33	0	12	29	0.413793103448276	4	CG	1	0.000145922173923747	gain	EVM	SO:0001952	FvH4_4g23870	1	NA
Fvb4	26425103	26425202	100	*	40	73	0.547945205479452	41	48	0.854166666666667	10	CG	1	0.000681544137943409	gain	EVM	SO:0001952	FvH4_4g24160	1	NA
Fvb4	27287103	27287202	100	*	22	33	0.666666666666667	46	48	0.958333333333333	8	CG	1	0.000662194586688902	gain	NA	NA	NA	NA	NA
Fvb4	27481403	27481502	100	*	2	149	0.0134228187919463	15	59	0.254237288135593	14	CG	1	4.00247912364794e-07	gain	EVM	SO:0001952	FvH4_4g25820	1	NA
Fvb4	27727603	27727702	100	*	40	41	0.975609756097561	16	25	0.64	4	CG	-1	0.000453904682426157	loss	NA	NA	NA	NA	NA
Fvb4	27778703	27778802	100	*	0	48	0	11	48	0.229166666666667	4	CG	1	0.000650069316509962	gain	NA	NA	NA	NA	NA
Fvb4	29400303	29400402	100	*	48	191	0.25130890052356	52	90	0.577777777777778	18	CG	1	2.39508821750094e-06	gain	EVM	SO:0001952	FvH4_4g29090	1	NA
Fvb4	30216403	30216502	100	*	75	97	0.77319587628866	27	58	0.46551724137931	6	CG	-1	0.000267851272498823	loss	NA	NA	NA	NA	NA
Fvb4	30273303	30273402	100	*	62	147	0.421768707482993	18	93	0.193548387096774	16	CG	-1	0.000510756472273945	loss	NA	NA	NA	NA	NA
Fvb4	30983803	30983902	100	*	46	65	0.707692307692308	59	63	0.936507936507937	6	CG	1	0.000910333592944699	gain	NA	NA	NA	NA	NA
Fvb4	32460803	32460902	100	*	112	150	0.746666666666667	72	73	0.986301369863014	18	CG	1	6.19529270676067e-05	gain	NA	NA	NA	NA	NA
Fvb4	32793603	32793702	100	*	70	70	1	18	24	0.75	6	CG	-1	8.03889077145819e-05	loss	NA	NA	NA	NA	NA
Fvb5	786903	787002	100	*	89	108	0.824074074074074	48	79	0.607594936708861	8	CG	-1	0.00103679300368324	loss	NA	NA	NA	NA	NA
Fvb5	828203	828302	100	*	46	66	0.696969696969697	40	40	1	4	CG	1	0.000301228535114936	gain	NA	NA	NA	NA	NA
Fvb5	3530903	3531002	100	*	23	84	0.273809523809524	35	59	0.593220338983051	10	CG	1	0.000318751505265694	gain	NA	NA	NA	NA	NA
Fvb5	3793803	3793902	100	*	128	160	0.8	55	102	0.53921568627451	14	CG	-1	5.14158418509894e-05	loss	NA	NA	NA	NA	NA
Fvb5	5044203	5044302	100	*	9	44	0.204545454545455	19	31	0.612903225806452	6	CG	1	0.00056672403502566	gain	EVM	SO:0001952	FvH4_5g08800	1	NA
Fvb5	5484003	5484102	100	*	0	51	0	12	55	0.218181818181818	8	CG	1	0.000630357738951131	gain	NA	NA	NA	NA	NA
Fvb5	7600303	7600402	100	*	63	65	0.969230769230769	28	43	0.651162790697674	8	CG	-1	5.70078314642394e-05	loss	NA	NA	NA	NA	NA
Fvb5	7640803	7640902	100	*	83	86	0.965116279069767	33	48	0.6875	12	CG	-1	4.88029060472871e-05	loss	NA	NA	NA	NA	NA
Fvb5	7874303	7874402	100	*	59	77	0.766233766233766	59	61	0.967213114754098	6	CG	1	0.000977939029420796	gain	NA	NA	NA	NA	NA
Fvb5	7932503	7932602	100	*	57	99	0.575757575757576	93	106	0.877358490566038	16	CG	1	1.35282103767422e-05	gain	NA	NA	NA	NA	NA
Fvb5	8192403	8192502	100	*	14	26	0.538461538461538	4	32	0.125	4	CG	-1	0.000874876245953524	loss	EVM	SO:0001952	FvH4_5g14470	1	NA
Fvb5	9254103	9254202	100	*	58	149	0.389261744966443	17	101	0.168316831683168	10	CG	-1	0.000398898690079203	loss	EVM	SO:0001952	FvH4_5g16230	1	NA
Fvb5	9584103	9584202	100	*	17	76	0.223684210526316	49	86	0.569767441860465	8	CG	1	5.2811724012173e-05	gain	NA	NA	NA	NA	NA
Fvb5	10056903	10057002	100	*	59	77	0.766233766233766	53	54	0.981481481481482	6	CG	1	0.000781049054516759	gain	NA	NA	NA	NA	NA
Fvb5	10241603	10241702	100	*	9	45	0.2	0	74	0	6	CG	-1	0.00021008874320101	loss	NA	NA	NA	NA	NA
Fvb5	10707403	10707502	100	*	164	238	0.689075630252101	57	133	0.428571428571429	26	CG	-1	1.17761654612022e-05	loss	NA	NA	NA	NA	NA
Fvb5	11609103	11609202	100	*	30	60	0.5	30	35	0.857142857142857	8	CG	1	0.000718102058561712	gain	NA	NA	NA	NA	NA
Fvb5	11733303	11733402	100	*	29	96	0.302083333333333	48	78	0.615384615384615	6	CG	1	0.000135499194760004	gain	NA	NA	NA	NA	NA
Fvb5	11932803	11932902	100	*	47	83	0.566265060240964	74	91	0.813186813186813	10	CG	1	0.000643834910097015	gain	NA	NA	NA	NA	NA
Fvb5	12125503	12125602	100	*	34	43	0.790697674418605	8	22	0.363636363636364	4	CG	-1	0.000840951503551062	loss	EVM	SO:0001952	FvH4_5g20480	1	NA
Fvb5	13097003	13097102	100	*	16	58	0.275862068965517	35	60	0.583333333333333	6	CG	1	0.000910333592944699	gain	NA	NA	NA	NA	NA
Fvb5	14769203	14769302	100	*	14	44	0.318181818181818	22	30	0.733333333333333	4	CG	1	0.000673241865232051	gain	NA	NA	NA	NA	NA
Fvb5	15222503	15222602	100	*	50	116	0.431034482758621	13	74	0.175675675675676	8	CG	-1	0.000519904751168792	loss	NA	NA	NA	NA	NA
Fvb5	15780903	15781002	100	*	10	81	0.123456790123457	28	76	0.368421052631579	8	CG	1	0.000582052889464299	gain	NA	NA	NA	NA	NA
Fvb5	16107503	16107602	100	*	6	39	0.153846153846154	27	54	0.5	5	CG	1	0.00078144562945184	gain	NA	NA	NA	NA	NA
Fvb5	16592503	16592602	100	*	44	68	0.647058823529412	58	62	0.935483870967742	8	CG	1	0.000213253889957414	gain	NA	NA	NA	NA	NA
Fvb5	16593503	16593602	100	*	54	60	0.9	17	32	0.53125	4	CG	-1	0.00020254817199386	loss	NA	NA	NA	NA	NA
Fvb5	17258103	17258202	100	*	32	99	0.323232323232323	6	73	0.0821917808219178	6	CG	-1	0.000369739751512814	loss	NA	NA	NA	NA	NA
Fvb5	17617903	17618002	100	*	62	149	0.416107382550336	64	102	0.627450980392157	14	CG	1	0.00105576871425355	gain	EVM	SO:0001952	FvH4_5g26170	1	NA
Fvb5	17898003	17898102	100	*	58	59	0.983050847457627	39	51	0.764705882352941	6	CG	-1	0.000639629014386545	loss	EVM	SO:0001952	FvH4_5g26390	1	NA
Fvb5	17932803	17932902	100	*	16	68	0.235294117647059	22	35	0.628571428571429	6	CG	1	0.000262316168010849	gain	EVM	SO:0001952	FvH4_5g26450	1	NA
Fvb5	18101303	18101402	100	*	59	62	0.951612903225806	47	68	0.691176470588235	10	CG	-1	0.000324121833888014	loss	NA	NA	NA	NA	NA
Fvb5	18161803	18161902	100	*	11	58	0.189655172413793	24	43	0.558139534883721	6	CG	1	0.000308078238799149	gain	NA	NA	NA	NA	NA
Fvb5	18363603	18363702	100	*	4	42	0.0952380952380952	22	41	0.536585365853659	8	CG	1	7.79518072955847e-05	gain	EVM	SO:0001952	FvH4_5g27060	1	NA
Fvb5	18421203	18421302	100	*	45	54	0.833333333333333	19	38	0.5	6	CG	-1	0.000815656399164713	loss	NA	NA	NA	NA	NA
Fvb5	18580103	18580202	100	*	54	59	0.915254237288136	16	28	0.571428571428571	6	CG	-1	0.000353455830245751	loss	NA	NA	NA	NA	NA
Fvb5	18614803	18614902	100	*	33	105	0.314285714285714	28	46	0.608695652173913	10	CG	1	0.000867018020356553	gain	NA	NA	NA	NA	NA
Fvb5	18768103	18768202	100	*	3	149	0.0201342281879195	29	123	0.235772357723577	12	CG	1	1.14585111484088e-06	gain	NA	NA	NA	NA	NA
Fvb5	19182803	19182902	100	*	36	95	0.378947368421053	30	44	0.681818181818182	8	CG	1	0.000989157519028013	gain	NA	NA	NA	NA	NA
Fvb5	19471603	19471702	100	*	36	103	0.349514563106796	6	80	0.075	10	CG	-1	6.72103943870277e-05	loss	EVM	SO:0001952	FvH4_5g28310	1	NA
Fvb5	19471703	19471802	100	*	41	105	0.39047619047619	10	95	0.105263157894737	12	CG	-1	3.47208824651394e-05	loss	EVM	SO:0001952	FvH4_5g28310	1	NA
Fvb5	19489703	19489802	100	*	19	54	0.351851851851852	22	30	0.733333333333333	4	CG	1	0.000941522024438901	gain	NA	NA	NA	NA	NA
Fvb5	20815503	20815602	100	*	58	62	0.935483870967742	22	33	0.666666666666667	6	CG	-1	0.000815656399164713	loss	NA	NA	NA	NA	NA
Fvb5	20826203	20826302	100	*	63	64	0.984375	38	49	0.775510204081633	8	CG	-1	0.000592198582615176	loss	NA	NA	NA	NA	NA
Fvb5	21307803	21307902	100	*	58	58	1	19	24	0.791666666666667	4	CG	-1	0.000580814162911131	loss	NA	NA	NA	NA	NA
Fvb5	22060903	22061002	100	*	110	230	0.478260869565217	19	92	0.206521739130435	22	CG	-1	4.97552937062945e-05	loss	NA	NA	NA	NA	NA
Fvb5	22061103	22061202	100	*	103	248	0.415322580645161	31	160	0.19375	24	CG	-1	3.11248858811424e-05	loss	NA	NA	NA	NA	NA
Fvb5	22061203	22061302	100	*	137	253	0.541501976284585	29	123	0.235772357723577	29	CG	-1	6.64493339535654e-07	loss	NA	NA	NA	NA	NA
Fvb5	22220103	22220202	100	*	4	32	0.125	21	27	0.777777777777778	6	CG	1	6.47857935802303e-06	gain	NA	NA	NA	NA	NA
Fvb5	22220203	22220302	100	*	22	63	0.349206349206349	32	43	0.744186046511628	8	CG	1	0.000213253889957414	gain	NA	NA	NA	NA	NA
Fvb5	22574503	22574602	100	*	11	49	0.224489795918367	24	42	0.571428571428571	4	CG	1	0.000867951812612303	gain	NA	NA	NA	NA	NA
Fvb5	22835403	22835502	100	*	22	121	0.181818181818182	34	78	0.435897435897436	8	CG	1	0.000278031563804971	gain	NA	NA	NA	NA	NA
Fvb5	22884203	22884302	100	*	38	69	0.550724637681159	4	30	0.133333333333333	4	CG	-1	0.00030155807337522	loss	NA	NA	NA	NA	NA
Fvb5	23532503	23532602	100	*	7	44	0.159090909090909	23	42	0.547619047619048	4	CG	1	0.000353455830245751	gain	NA	NA	NA	NA	NA
Fvb5	23706603	23706702	100	*	53	65	0.815384615384615	19	38	0.5	6	CG	-1	0.000914019014742032	loss	NA	NA	NA	NA	NA
Fvb5	23764103	23764202	100	*	29	47	0.617021276595745	31	32	0.96875	6	CG	1	0.000580814162911131	gain	NA	NA	NA	NA	NA
Fvb5	23942903	23943002	100	*	2	55	0.0363636363636364	13	46	0.282608695652174	6	CG	1	0.000746626927611671	gain	NA	NA	NA	NA	NA
Fvb5	24389003	24389102	100	*	3	45	0.0666666666666667	13	26	0.5	4	CG	1	0.000110393637166742	gain	NA	NA	NA	NA	NA
Fvb5	24433503	24433602	100	*	37	51	0.725490196078431	13	35	0.371428571428571	4	CG	-1	0.0011158920345219	loss	NA	NA	NA	NA	NA
Fvb5	24531003	24531102	100	*	40	80	0.5	83	104	0.798076923076923	14	CG	1	9.80793909037953e-05	gain	NA	NA	NA	NA	NA
Fvb5	25507603	25507702	100	*	2	50	0.04	11	34	0.323529411764706	8	CG	1	0.000650069316509962	gain	EVM	SO:0001952	FvH4_5g34850	1	NA
Fvb5	26117003	26117102	100	*	26	73	0.356164383561644	3	53	0.0566037735849057	8	CG	-1	0.000249013081450394	loss	EVM	SO:0001952	FvH4_5g35670	1	NA
Fvb5	26233003	26233102	100	*	37	76	0.486842105263158	50	58	0.862068965517241	6	CG	1	4.88029060472871e-05	gain	EVM	SO:0001952	FvH4_5g35820	1	NA
Fvb5	26283103	26283202	100	*	19	75	0.253333333333333	33	63	0.523809523809524	10	CG	1	0.00112415426379806	gain	EVM	SO:0001952	FvH4_5g35851	1	NA
Fvb5	26751903	26752002	100	*	48	205	0.234146341463415	78	149	0.523489932885906	18	CG	1	6.64493339535654e-07	gain	EVM	SO:0001952	FvH4_5g36481	1	NA
Fvb5	27225203	27225302	100	*	70	144	0.486111111111111	21	96	0.21875	14	CG	-1	0.0001201442987523	loss	NA	NA	NA	NA	NA
Fvb5	27225603	27225702	100	*	15	103	0.145631067961165	35	100	0.35	12	CG	1	0.000891468380577731	gain	NA	NA	NA	NA	NA
Fvb5	27227603	27227702	100	*	29	49	0.591836734693878	11	53	0.207547169811321	10	CG	-1	0.00023106762939604	loss	NA	NA	NA	NA	NA
Fvb5	27279103	27279202	100	*	77	128	0.6015625	21	88	0.238636363636364	10	CG	-1	3.23735331843149e-06	loss	NA	NA	NA	NA	NA
Fvb5	27599403	27599502	100	*	10	42	0.238095238095238	23	35	0.657142857142857	6	CG	1	0.000443231676463481	gain	NA	NA	NA	NA	NA
Fvb5	27705203	27705302	100	*	39	43	0.906976744186046	17	30	0.566666666666667	6	CG	-1	0.000874876245953524	loss	NA	NA	NA	NA	NA
Fvb5	27789203	27789302	100	*	30	60	0.5	31	37	0.837837837837838	4	CG	1	0.000948505943154946	gain	EVM	SO:0001952	FvH4_5g37750	1	NA
Fvb5	27884003	27884102	100	*	80	104	0.769230769230769	50	50	1	8	CG	1	0.000443231676463481	gain	NA	NA	NA	NA	NA
Fvb5	28426703	28426802	100	*	98	194	0.505154639175258	43	198	0.217171717171717	22	CG	-1	1.2444697627923e-07	loss	NA	NA	NA	NA	NA
Fvb5	28687803	28687902	100	*	4	36	0.111111111111111	20	33	0.606060606060606	4	CG	1	8.31649461059215e-05	gain	NA	NA	NA	NA	NA
Fvb5	29298503	29298602	100	*	62	65	0.953846153846154	30	41	0.731707317073171	9	CG	-1	0.00105576871425355	loss	NA	NA	NA	NA	NA
Fvb6	212503	212602	100	*	21	35	0.6	11	46	0.239130434782609	4	CG	-1	0.00105576871425355	loss	NA	NA	NA	NA	NA
Fvb6	680803	680902	100	*	69	72	0.958333333333333	46	70	0.657142857142857	6	CG	-1	4.15068135877979e-05	loss	NA	NA	NA	NA	NA
Fvb6	1639203	1639302	100	*	99	113	0.876106194690266	61	91	0.67032967032967	12	CG	-1	0.000621573373488861	loss	NA	NA	NA	NA	NA
Fvb6	1662603	1662702	100	*	7	81	0.0864197530864197	10	28	0.357142857142857	6	CG	1	0.000844985792985378	gain	NA	NA	NA	NA	NA
Fvb6	1740003	1740102	100	*	21	36	0.583333333333333	28	30	0.933333333333333	6	CG	1	0.00122482124425299	gain	EVM	SO:0001952	FvH4_6g03110	1	NA
Fvb6	1747703	1747802	100	*	0	68	0	24	75	0.32	10	CG	1	5.5997315997489e-06	gain	NA	NA	NA	NA	NA
Fvb6	2302303	2302402	100	*	48	83	0.578313253012048	27	87	0.310344827586207	8	CG	-1	0.000659122141354492	loss	NA	NA	NA	NA	NA
Fvb6	2794403	2794502	100	*	59	62	0.951612903225806	23	33	0.696969696969697	6	CG	-1	0.000782162711980673	loss	NA	NA	NA	NA	NA
Fvb6	3149403	3149502	100	*	82	125	0.656	81	91	0.89010989010989	8	CG	1	0.000249013081450394	gain	NA	NA	NA	NA	NA
Fvb6	4199703	4199802	100	*	13	58	0.224137931034483	0	45	0	6	CG	-1	0.000858856974458648	loss	NA	NA	NA	NA	NA
Fvb6	4887403	4887502	100	*	8	33	0.242424242424242	21	29	0.724137931034483	4	CG	1	0.000347795300244329	gain	NA	NA	NA	NA	NA
Fvb6	6323103	6323202	100	*	2	77	0.025974025974026	13	57	0.228070175438596	6	CG	1	0.000487073043317493	gain	NA	NA	NA	NA	NA
Fvb6	6478403	6478502	100	*	34	45	0.755555555555556	44	44	1	6	CG	1	0.000681544137943409	gain	NA	NA	NA	NA	NA
Fvb6	7280903	7281002	100	*	21	56	0.375	28	38	0.736842105263158	4	CG	1	0.000777660239340079	gain	NA	NA	NA	NA	NA
Fvb6	7630703	7630802	100	*	56	60	0.933333333333333	28	41	0.682926829268293	8	CG	-1	0.00103723367738972	loss	EVM	SO:0001952	FvH4_6g12620	1	NA
Fvb6	7658203	7658302	100	*	40	44	0.909090909090909	32	57	0.56140350877193	10	CG	-1	0.000318751505265694	loss	NA	NA	NA	NA	NA
Fvb6	8051303	8051402	100	*	6	27	0.222222222222222	24	37	0.648648648648649	4	CG	1	0.000897414545038197	gain	EVM	SO:0001952	FvH4_6g13220	1	NA
Fvb6	8192603	8192702	100	*	40	50	0.8	16	35	0.457142857142857	8	CG	-1	0.00107760859935361	loss	NA	NA	NA	NA	NA
Fvb6	8608303	8608402	100	*	12	25	0.48	25	27	0.925925925925926	4	CG	1	0.000627522121955033	gain	NA	NA	NA	NA	NA
Fvb6	8967603	8967702	100	*	40	41	0.975609756097561	20	30	0.666666666666667	6	CG	-1	0.000621560978087882	loss	EVM	SO:0001952	FvH4_6g14600	1	NA
Fvb6	9163503	9163602	100	*	32	42	0.761904761904762	5	23	0.217391304347826	4	CG	-1	0.000103944787996301	loss	NA	NA	NA	NA	NA
Fvb6	9916103	9916202	100	*	13	46	0.282608695652174	23	34	0.676470588235294	8	CG	1	0.000682014170163813	gain	NA	NA	NA	NA	NA
Fvb6	10109003	10109102	100	*	28	28	1	17	26	0.653846153846154	6	CG	-1	0.000833766722279082	loss	NA	NA	NA	NA	NA
Fvb6	10226203	10226302	100	*	34	37	0.918918918918919	5	17	0.294117647058824	4	CG	-1	2.04246453266449e-05	loss	EVM	SO:0001952	FvH4_6g16240,FvH4_6g16241	2	NA
Fvb6	13207303	13207402	100	*	76	145	0.524137931034483	20	86	0.232558139534884	14	CG	-1	7.53737116986975e-05	loss	NA	NA	NA	NA	NA
Fvb6	13207403	13207502	100	*	78	140	0.557142857142857	25	82	0.304878048780488	10	CG	-1	0.000530037065206245	loss	NA	NA	NA	NA	NA
Fvb6	13207503	13207602	100	*	88	111	0.792792792792793	36	70	0.514285714285714	10	CG	-1	0.000257504437134953	loss	NA	NA	NA	NA	NA
Fvb6	13342303	13342402	100	*	60	114	0.526315789473684	86	101	0.851485148514851	12	CG	1	5.79050618690453e-06	gain	NA	NA	NA	NA	NA
Fvb6	13477203	13477302	100	*	23	49	0.469387755102041	34	40	0.85	6	CG	1	0.000423155063113969	gain	NA	NA	NA	NA	NA
Fvb6	14607103	14607202	100	*	29	45	0.644444444444444	38	40	0.95	6	CG	1	0.000782162711980673	gain	NA	NA	NA	NA	NA
Fvb6	15198403	15198502	100	*	170	184	0.923913043478261	83	117	0.709401709401709	20	CG	-1	9.57221786793127e-06	loss	NA	NA	NA	NA	NA
Fvb6	15234803	15234902	100	*	49	142	0.345070422535211	70	124	0.564516129032258	13	CG	1	0.000580814162911131	gain	EVM	SO:0001952	FvH4_6g21672	1	NA
Fvb6	15354803	15354902	100	*	95	129	0.736434108527132	88	92	0.956521739130435	12	CG	1	9.41533677809673e-05	gain	NA	NA	NA	NA	NA
Fvb6	15405503	15405602	100	*	46	51	0.901960784313726	27	48	0.5625	6	CG	-1	0.000314512494668733	loss	EVM	SO:0001952	FvH4_6g21801	1	NA
Fvb6	15539203	15539302	100	*	42	43	0.976744186046512	29	40	0.725	8	CG	-1	0.00115088600482861	loss	NA	NA	NA	NA	NA
Fvb6	16094903	16095002	100	*	29	45	0.644444444444444	37	39	0.948717948717949	4	CG	1	0.000867951812612303	gain	NA	NA	NA	NA	NA
Fvb6	16205303	16205402	100	*	15	61	0.245901639344262	2	58	0.0344827586206897	6	CG	-1	0.00105397749320923	loss	NA	NA	NA	NA	NA
Fvb6	16792703	16792802	100	*	11	31	0.354838709677419	15	18	0.833333333333333	4	CG	1	0.00123119663595454	gain	NA	NA	NA	NA	NA
Fvb6	17609303	17609402	100	*	47	62	0.758064516129032	17	42	0.404761904761905	4	CG	-1	0.000532892225895914	loss	NA	NA	NA	NA	NA
Fvb6	18211303	18211402	100	*	55	143	0.384615384615385	20	160	0.125	22	CG	-1	3.75722811927918e-06	loss	NA	NA	NA	NA	NA
Fvb6	18211403	18211502	100	*	41	162	0.253086419753086	12	274	0.0437956204379562	22	CG	-1	9.01144872453781e-09	loss	NA	NA	NA	NA	NA
Fvb6	18677203	18677302	100	*	0	36	0	6	21	0.285714285714286	4	CG	1	0.000867951812612303	gain	NA	NA	NA	NA	NA
Fvb6	18706703	18706802	100	*	1	28	0.0357142857142857	7	16	0.4375	4	CG	1	0.000989157519028013	gain	EVM	SO:0001952	FvH4_6g24660	1	NA
Fvb6	18854803	18854902	100	*	83	110	0.754545454545455	38	80	0.475	20	CG	-1	0.000244924702033675	loss	NA	NA	NA	NA	NA
Fvb6	18901403	18901502	100	*	43	140	0.307142857142857	53	102	0.519607843137255	8	CG	1	0.000969200924756248	gain	NA	NA	NA	NA	NA
Fvb6	18912303	18912402	100	*	72	77	0.935064935064935	52	84	0.619047619047619	19	CG	-1	2.04246453266449e-05	loss	NA	NA	NA	NA	NA
Fvb6	19144803	19144902	100	*	50	50	1	26	33	0.787878787878788	8	CG	-1	0.000844985792985378	loss	NA	NA	NA	NA	NA
Fvb6	19916303	19916402	100	*	15	55	0.272727272727273	13	18	0.722222222222222	4	CG	1	0.000844985792985378	gain	EVM	SO:0001952	FvH4_6g26040	1	NA
Fvb6	20048103	20048202	100	*	21	21	1	11	19	0.578947368421053	4	CG	-1	0.000989157519028013	loss	NA	NA	NA	NA	NA
Fvb6	21017403	21017502	100	*	32	63	0.507936507936508	3	33	0.0909090909090909	6	CG	-1	0.000198035124330174	loss	NA	NA	NA	NA	NA
Fvb6	21388403	21388502	100	*	53	87	0.609195402298851	33	34	0.970588235294118	8	CG	1	0.000249013081450394	gain	NA	NA	NA	NA	NA
Fvb6	21536803	21536902	100	*	33	50	0.66	13	41	0.317073170731707	8	CG	-1	0.00116127310048252	loss	NA	NA	NA	NA	NA
Fvb6	21993003	21993102	100	*	24	42	0.571428571428571	10	49	0.204081632653061	4	CG	-1	0.000560128478983619	loss	NA	NA	NA	NA	NA
Fvb6	22154203	22154302	100	*	7	63	0.111111111111111	15	34	0.441176470588235	8	CG	1	0.000439797065909636	gain	NA	NA	NA	NA	NA
Fvb6	22874603	22874702	100	*	53	70	0.757142857142857	47	48	0.979166666666667	8	CG	1	0.00105364635923551	gain	NA	NA	NA	NA	NA
Fvb6	23306003	23306102	100	*	24	42	0.571428571428571	5	36	0.138888888888889	4	CG	-1	0.000249013081450394	loss	NA	NA	NA	NA	NA
Fvb6	23525303	23525402	100	*	30	77	0.38961038961039	7	65	0.107692307692308	7	CG	-1	0.000333229013146435	loss	NA	NA	NA	NA	NA
Fvb6	23756903	23757002	100	*	7	65	0.107692307692308	20	52	0.384615384615385	4	CG	1	0.000644467844477118	gain	NA	NA	NA	NA	NA
Fvb6	24002403	24002502	100	*	94	151	0.622516556291391	46	110	0.418181818181818	14	CG	-1	0.0011158920345219	loss	NA	NA	NA	NA	NA
Fvb6	24019703	24019802	100	*	24	48	0.5	13	69	0.188405797101449	12	CG	-1	0.000604164767964767	loss	NA	NA	NA	NA	NA
Fvb6	24237903	24238002	100	*	65	68	0.955882352941177	27	37	0.72972972972973	6	CG	-1	0.000925649634514819	loss	NA	NA	NA	NA	NA
Fvb6	24692303	24692402	100	*	50	129	0.387596899224806	63	91	0.692307692307692	6	CG	1	5.59848271512166e-05	gain	NA	NA	NA	NA	NA
Fvb6	25140703	25140802	100	*	58	61	0.950819672131147	33	47	0.702127659574468	6	CG	-1	0.000658830046516025	loss	NA	NA	NA	NA	NA
Fvb6	25277303	25277402	100	*	54	71	0.76056338028169	25	54	0.462962962962963	8	CG	-1	0.000824093679790458	loss	EVM	SO:0001952	FvH4_6g32221	1	NA
Fvb6	25432203	25432302	100	*	38	69	0.550724637681159	7	46	0.152173913043478	8	CG	-1	8.96538746905526e-05	loss	NA	NA	NA	NA	NA
Fvb6	25505703	25505802	100	*	0	50	0	8	36	0.222222222222222	6	CG	1	0.000682014170163813	gain	NA	NA	NA	NA	NA
Fvb6	25578503	25578602	100	*	47	181	0.259668508287293	6	102	0.0588235294117647	15	CG	-1	0.000127504185322466	loss	NA	NA	NA	NA	NA
Fvb6	25663703	25663802	100	*	27	27	1	14	23	0.608695652173913	4	CG	-1	0.000580814162911131	loss	NA	NA	NA	NA	NA
Fvb6	26312403	26312502	100	*	13	41	0.317073170731707	2	47	0.0425531914893617	8	CG	-1	0.000825760216653085	loss	NA	NA	NA	NA	NA
Fvb6	26361403	26361502	100	*	0	82	0	10	45	0.222222222222222	4	CG	1	5.66807176650624e-05	gain	NA	NA	NA	NA	NA
Fvb6	27420903	27421002	100	*	45	45	1	33	46	0.717391304347826	10	CG	-1	0.000305801367241734	loss	NA	NA	NA	NA	NA
Fvb6	27949903	27950002	100	*	58	58	1	28	41	0.682926829268293	10	CG	-1	3.7479982545413e-05	loss	NA	NA	NA	NA	NA
Fvb6	28393503	28393602	100	*	64	68	0.941176470588235	29	41	0.707317073170732	6	CG	-1	0.000953852408079048	loss	NA	NA	NA	NA	NA
Fvb6	28543203	28543302	100	*	63	65	0.969230769230769	49	67	0.73134328358209	6	CG	-1	0.000334284400765143	loss	NA	NA	NA	NA	NA
Fvb6	29184303	29184402	100	*	49	93	0.526881720430108	13	57	0.228070175438596	8	CG	-1	0.000563321189629555	loss	EVM	SO:0001952	FvH4_6g37120	1	NA
Fvb6	30425903	30426002	100	*	27	50	0.54	44	52	0.846153846153846	4	CG	1	0.000925649634514819	gain	NA	NA	NA	NA	NA
Fvb6	31758503	31758602	100	*	53	114	0.464912280701754	17	75	0.226666666666667	8	CG	-1	0.00100195090411241	loss	NA	NA	NA	NA	NA
Fvb6	32369503	32369602	100	*	0	46	0	15	54	0.277777777777778	4	CG	1	0.000291034294458122	gain	NA	NA	NA	NA	NA
Fvb6	33114103	33114202	100	*	44	115	0.382608695652174	12	79	0.151898734177215	12	CG	-1	0.000715475034064589	loss	NA	NA	NA	NA	NA
Fvb6	33573403	33573502	100	*	2	49	0.0408163265306122	11	32	0.34375	6	CG	1	0.000536231773241443	gain	EVM	SO:0001952	FvH4_6g43380	1	NA
Fvb6	34529103	34529202	100	*	51	125	0.408	71	109	0.651376146788991	8	CG	1	0.000426619363631404	gain	NA	NA	NA	NA	NA
Fvb6	34703603	34703702	100	*	19	74	0.256756756756757	30	52	0.576923076923077	4	CG	1	0.000537413161686055	gain	NA	NA	NA	NA	NA
Fvb6	35033303	35033402	100	*	42	42	1	24	33	0.727272727272727	4	CG	-1	0.000563321189629555	loss	NA	NA	NA	NA	NA
Fvb6	35326303	35326402	100	*	20	60	0.333333333333333	4	75	0.0533333333333333	10	CG	-1	0.000103944787996301	loss	NA	NA	NA	NA	NA
Fvb6	35689603	35689702	100	*	16	67	0.238805970149254	24	32	0.75	4	CG	1	1.43442271257757e-05	gain	NA	NA	NA	NA	NA
Fvb6	35915003	35915102	100	*	20	35	0.571428571428571	3	33	0.0909090909090909	6	CG	-1	0.000119363795997721	loss	EVM	SO:0001952	FvH4_6g47380	1	NA
Fvb6	36443403	36443502	100	*	77	127	0.606299212598425	69	83	0.831325301204819	12	CG	1	0.000749177979553897	gain	NA	NA	NA	NA	NA
Fvb6	36609703	36609802	100	*	43	49	0.877551020408163	16	29	0.551724137931034	6	CG	-1	0.00121811465704379	loss	NA	NA	NA	NA	NA
Fvb6	36975003	36975102	100	*	17	71	0.23943661971831	30	57	0.526315789473684	6	CG	1	0.000948505943154946	gain	NA	NA	NA	NA	NA
Fvb6	38135003	38135102	100	*	6	48	0.125	20	43	0.465116279069767	4	CG	1	0.000580814162911131	gain	NA	NA	NA	NA	NA
Fvb6	38265803	38265902	100	*	3	59	0.0508474576271186	21	64	0.328125	6	CG	1	0.000291034294458122	gain	NA	NA	NA	NA	NA
Fvb6	38319703	38319802	100	*	21	50	0.42	32	42	0.761904761904762	6	CG	1	0.00103314786969167	gain	NA	NA	NA	NA	NA
Fvb6	38670903	38671002	100	*	41	41	1	18	25	0.72	6	CG	-1	0.000580814162911131	loss	NA	NA	NA	NA	NA
Fvb6	38773903	38774002	100	*	58	121	0.479338842975207	19	78	0.243589743589744	4	CG	-1	0.000973685644035831	loss	NA	NA	NA	NA	NA
Fvb6	38860603	38860702	100	*	31	119	0.260504201680672	48	94	0.51063829787234	8	CG	1	0.000385042403832563	gain	NA	NA	NA	NA	NA
Fvb6	39213103	39213202	100	*	40	43	0.930232558139535	17	29	0.586206896551724	4	CG	-1	0.000650069316509962	loss	NA	NA	NA	NA	NA
Fvb6	39357003	39357102	100	*	40	45	0.888888888888889	23	40	0.575	8	CG	-1	0.0010458373666089	loss	NA	NA	NA	NA	NA
Fvb7	728402	728501	100	*	47	48	0.979166666666667	23	32	0.71875	8	CG	-1	0.000770707287842153	loss	NA	NA	NA	NA	NA
Fvb7	849802	849901	100	*	12	47	0.25531914893617	24	40	0.6	7	CG	1	0.00116668637813439	gain	NA	NA	NA	NA	NA
Fvb7	916402	916501	100	*	10	33	0.303030303030303	0	31	0	4	CG	-1	0.000969200924756248	loss	NA	NA	NA	NA	NA
Fvb7	1568702	1568801	100	*	112	148	0.756756756756757	58	120	0.483333333333333	12	CG	-1	3.47208824651394e-05	loss	NA	NA	NA	NA	NA
Fvb7	1573602	1573701	100	*	38	73	0.520547945205479	91	120	0.758333333333333	16	CG	1	0.000844985792985378	gain	NA	NA	NA	NA	NA
Fvb7	1573702	1573801	100	*	63	124	0.508064516129032	92	124	0.741935483870968	14	CG	1	0.000338622787553629	gain	NA	NA	NA	NA	NA
Fvb7	2188102	2188201	100	*	31	126	0.246031746031746	42	87	0.482758620689655	8	CG	1	0.000583911612901665	gain	NA	NA	NA	NA	NA
Fvb7	2420102	2420201	100	*	13	55	0.236363636363636	38	57	0.666666666666667	6	CG	1	4.15068135877979e-05	gain	EVM	SO:0001952	FvH4_7g02060	1	NA
Fvb7	2840402	2840501	100	*	51	79	0.645569620253165	57	64	0.890625	6	CG	1	0.000867951812612303	gain	NA	NA	NA	NA	NA
Fvb7	2927402	2927501	100	*	49	146	0.335616438356164	50	83	0.602409638554217	6	CG	1	0.000262316168010849	gain	NA	NA	NA	NA	NA
Fvb7	3565902	3566001	100	*	12	40	0.3	13	16	0.8125	4	CG	1	0.000715475034064589	gain	NA	NA	NA	NA	NA
Fvb7	3568202	3568301	100	*	25	46	0.543478260869565	10	48	0.208333333333333	6	CG	-1	0.000925649634514819	loss	NA	NA	NA	NA	NA
Fvb7	3884302	3884401	100	*	34	74	0.459459459459459	10	57	0.175438596491228	8	CG	-1	0.000832705088676446	loss	NA	NA	NA	NA	NA
Fvb7	3943102	3943201	100	*	0	97	0	7	33	0.212121212121212	8	CG	1	3.021309173087e-05	gain	EVM	SO:0001952	FvH4_7g03560	1	NA
Fvb7	5227302	5227401	100	*	77	116	0.663793103448276	35	97	0.360824742268041	6	CG	-1	6.36428250039911e-05	loss	NA	NA	NA	NA	NA
Fvb7	6281902	6282001	100	*	15	19	0.789473684210526	5	21	0.238095238095238	4	CG	-1	0.000715475034064589	loss	NA	NA	NA	NA	NA
Fvb7	6907502	6907601	100	*	35	35	1	27	38	0.710526315789474	6	CG	-1	0.000766669464724219	loss	NA	NA	NA	NA	NA
Fvb7	7235702	7235801	100	*	48	49	0.979591836734694	32	43	0.744186046511628	8	CG	-1	0.000948505943154946	loss	NA	NA	NA	NA	NA
Fvb7	8385602	8385701	100	*	51	70	0.728571428571429	24	55	0.436363636363636	6	CG	-1	0.00102088028601545	loss	NA	NA	NA	NA	NA
Fvb7	9181002	9181101	100	*	19	29	0.655172413793103	5	25	0.2	4	CG	-1	0.000932583697631445	loss	NA	NA	NA	NA	NA
Fvb7	9248602	9248701	100	*	52	58	0.896551724137931	23	37	0.621621621621622	4	CG	-1	0.00135595494207569	loss	NA	NA	NA	NA	NA
Fvb7	9561402	9561501	100	*	44	62	0.709677419354839	17	43	0.395348837209302	4	CG	-1	0.0013361020323364	loss	NA	NA	NA	NA	NA
Fvb7	11146202	11146301	100	*	15	39	0.384615384615385	28	32	0.875	8	CG	1	0.000110929984110394	gain	EVM	SO:0001952	FvH4_7g12282	1	NA
Fvb7	11425802	11425901	100	*	42	84	0.5	57	73	0.780821917808219	10	CG	1	0.000530277793782068	gain	NA	NA	NA	NA	NA
Fvb7	11708802	11708901	100	*	25	44	0.568181818181818	14	58	0.241379310344828	8	CG	-1	0.000920599912987484	loss	NA	NA	NA	NA	NA
Fvb7	11760002	11760101	100	*	57	59	0.966101694915254	23	31	0.741935483870968	6	CG	-1	0.00131404321126778	loss	NA	NA	NA	NA	NA
Fvb7	11928302	11928401	100	*	37	38	0.973684210526316	23	35	0.657142857142857	4	CG	-1	0.000644467844477118	loss	NA	NA	NA	NA	NA
Fvb7	12713502	12713601	100	*	9	36	0.25	35	42	0.833333333333333	8	CG	1	4.42314591163246e-06	gain	NA	NA	NA	NA	NA
Fvb7	12713602	12713701	100	*	36	94	0.382978723404255	73	86	0.848837209302326	14	CG	1	1.04962795436092e-08	gain	NA	NA	NA	NA	NA
Fvb7	12807502	12807601	100	*	75	109	0.688073394495413	64	67	0.955223880597015	12	CG	1	0.00010519566700905	gain	NA	NA	NA	NA	NA
Fvb7	13793902	13794001	100	*	35	69	0.507246376811594	48	61	0.786885245901639	8	CG	1	0.00101762936242034	gain	NA	NA	NA	NA	NA
Fvb7	14108602	14108701	100	*	76	77	0.987012987012987	47	60	0.783333333333333	8	CG	-1	0.000269214401648296	loss	NA	NA	NA	NA	NA
Fvb7	15054802	15054901	100	*	1	57	0.0175438596491228	8	35	0.228571428571429	4	CG	1	0.00102715879381873	gain	NA	NA	NA	NA	NA
Fvb7	15387602	15387701	100	*	0	60	0	7	33	0.212121212121212	6	CG	1	0.000435211457851109	gain	EVM	SO:0001952	FvH4_7g18400	1	NA
Fvb7	15966202	15966301	100	*	12	39	0.307692307692308	21	28	0.75	4	CG	1	0.000592198582615176	gain	NA	NA	NA	NA	NA
Fvb7	16005802	16005901	100	*	16	74	0.216216216216216	0	80	0	10	CG	-1	6.61709561579154e-05	loss	NA	NA	NA	NA	NA
Fvb7	16052102	16052201	100	*	58	70	0.828571428571429	27	51	0.529411764705882	10	CG	-1	0.000621560978087882	loss	NA	NA	NA	NA	NA
Fvb7	17253002	17253101	100	*	34	45	0.755555555555556	78	80	0.975	8	CG	1	0.00030155807337522	gain	EVM	SO:0001952	FvH4_7g21640	1	NA
Fvb7	17414502	17414601	100	*	40	40	1	25	33	0.757575757575758	4	CG	-1	0.00104557347764078	loss	NA	NA	NA	NA	NA
Fvb7	17699602	17699701	100	*	0	79	0	11	53	0.207547169811321	8	CG	1	0.000103944787996301	gain	NA	NA	NA	NA	NA
Fvb7	18185102	18185201	100	*	84	95	0.884210526315789	40	60	0.666666666666667	14	CG	-1	0.0010458373666089	loss	NA	NA	NA	NA	NA
Fvb7	18774702	18774801	100	*	1	49	0.0204081632653061	19	49	0.387755102040816	8	CG	1	4.88029060472871e-05	gain	NA	NA	NA	NA	NA
Fvb7	18917802	18917901	100	*	29	41	0.707317073170732	14	41	0.341463414634146	6	CG	-1	0.0010044819259057	loss	EVM	SO:0001952	FvH4_7g24540	1	NA
Fvb7	19609302	19609401	100	*	29	87	0.333333333333333	5	69	0.072463768115942	6	CG	-1	0.000262316168010849	loss	NA	NA	NA	NA	NA
Fvb7	19797402	19797501	100	*	65	67	0.970149253731343	17	23	0.739130434782609	4	CG	-1	0.000926197608870843	loss	EVM	SO:0001952	FvH4_7g26070	1	NA
Fvb7	20000202	20000301	100	*	0	62	0	9	40	0.225	4	CG	1	0.000265431227999921	gain	NA	NA	NA	NA	NA
Fvb7	20128602	20128701	100	*	47	78	0.602564102564103	52	57	0.912280701754386	6	CG	1	0.000202471770249249	gain	NA	NA	NA	NA	NA
Fvb7	20346002	20346101	100	*	17	202	0.0841584158415842	44	153	0.287581699346405	20	CG	1	6.86022199453621e-06	gain	NA	NA	NA	NA	NA
Fvb7	20645102	20645201	100	*	8	28	0.285714285714286	25	34	0.735294117647059	6	CG	1	0.000644467844477118	gain	EVM	SO:0001952	FvH4_7g27672	1	NA
Fvb7	21158202	21158301	100	*	11	18	0.611111111111111	2	19	0.105263157894737	4	CG	-1	0.0012900248281029	loss	EVM	SO:0001952	FvH4_7g28560	1	NA
Fvb7	21279402	21279501	100	*	54	84	0.642857142857143	19	54	0.351851851851852	6	CG	-1	0.000953852408079048	loss	NA	NA	NA	NA	NA
Fvb7	21794002	21794101	100	*	63	75	0.84	19	42	0.452380952380952	10	CG	-1	6.61709561579154e-05	loss	NA	NA	NA	NA	NA
Fvb7	21794502	21794601	100	*	30	33	0.909090909090909	8	21	0.380952380952381	4	CG	-1	0.000134645023104037	loss	NA	NA	NA	NA	NA
Fvb7	23417002	23417101	100	*	23	46	0.5	4	31	0.129032258064516	4	CG	-1	0.000948505943154946	loss	EVM	SO:0001952	FvH4_7g32620	1	NA
Fvb7	23617502	23617601	100	*	11	19	0.578947368421053	3	28	0.107142857142857	4	CG	-1	0.000738287044323513	loss	EVM	SO:0001952	FvH4_7g33060	1	NA
