seqnames	start	end	methdiff
Fvb1	31603	31702	0.235294118
Fvb1	270403	270502	-0.221533008
Fvb1	275203	275302	-0.27585732
Fvb1	442903	443002	-0.361588862
Fvb1	473003	473102	-0.24341868
Fvb1	743203	743302	0.251750065
Fvb1	745803	745902	-0.255526083
Fvb1	748403	748502	-0.385714286
Fvb1	756203	756302	-0.264587525
Fvb1	1614703	1614802	-0.293706294
Fvb1	2126503	2126602	0.21466205
Fvb1	2544503	2544602	-0.251046699
Fvb1	2691703	2691802	-0.243001787
Fvb1	2783703	2783802	-0.300420168
Fvb1	2865303	2865402	-0.309320587
Fvb1	3009103	3009202	-0.510551648
Fvb1	3065103	3065202	-0.260935143
Fvb1	3072003	3072102	-0.21197042
Fvb1	3072203	3072302	-0.243572653
Fvb1	3128603	3128702	-0.319872958
Fvb1	3434303	3434402	-0.292896175
Fvb1	3587603	3587702	0.213823529
Fvb1	3601103	3601202	-0.396103896
Fvb1	3709603	3709702	-0.246001374
Fvb1	3709703	3709802	-0.333333333
Fvb1	3870603	3870702	-0.354885057
Fvb1	3999403	3999502	-0.308113561
Fvb1	4540803	4540902	-0.304050117
Fvb1	4544703	4544802	0.216248507
Fvb1	4640903	4641002	-0.229493088
Fvb1	4685903	4686002	-0.307377049
Fvb1	4838003	4838102	-0.271753681
Fvb1	4962603	4962702	-0.266516854
Fvb1	4962903	4963002	-0.252444444
Fvb1	5019803	5019902	-0.320412518
Fvb1	5177103	5177202	-0.313283208
Fvb1	5220303	5220402	-0.258270911
Fvb1	5232403	5232502	-0.345868644
Fvb1	5252503	5252602	0.264307121
Fvb1	5252803	5252902	0.268390805
Fvb1	5259503	5259602	-0.285412262
Fvb1	5264703	5264802	-0.380575831
Fvb1	5272403	5272502	-0.318532819
Fvb1	5277503	5277602	-0.439471753
Fvb1	5472503	5472602	-0.270889488
Fvb1	5911303	5911402	0.233035024
Fvb1	6311003	6311102	0.246054849
Fvb1	6753103	6753202	-0.253681392
Fvb1	6819503	6819602	-0.362962963
Fvb1	6917003	6917102	-0.386779661
Fvb1	7100603	7100702	-0.317141089
Fvb1	7433803	7433902	0.382051282
Fvb1	7586903	7587002	0.397233202
Fvb1	7730703	7730802	0.246902142
Fvb1	8303703	8303802	-0.25474547
Fvb1	8368003	8368102	0.341776867
Fvb1	8386803	8386902	-0.213533835
Fvb1	8561503	8561602	-0.373197115
Fvb1	8579703	8579802	-0.208030303
Fvb1	8649403	8649502	-0.447058824
Fvb1	8782903	8783002	0.377321603
Fvb1	8852103	8852202	-0.330759854
Fvb1	8860603	8860702	-0.344594595
Fvb1	8871603	8871702	0.276541096
Fvb1	9153603	9153702	0.284817352
Fvb1	9224803	9224902	-0.30672533
Fvb1	9316003	9316102	-0.353775744
Fvb1	9334903	9335002	-0.247058824
Fvb1	9349203	9349302	-0.224656638
Fvb1	9420303	9420402	-0.293612453
Fvb1	9649203	9649302	-0.268944099
Fvb1	9747903	9748002	-0.332640333
Fvb1	9834803	9834902	-0.43220339
Fvb1	10083203	10083302	0.418918919
Fvb1	10194803	10194902	-0.436170933
Fvb1	10194903	10195002	-0.232395678
Fvb1	10231803	10231902	-0.235014006
Fvb1	10397503	10397602	0.25
Fvb1	10411503	10411602	0.338672769
Fvb1	10506203	10506302	0.306751468
Fvb1	10527903	10528002	-0.298809524
Fvb1	10559803	10559902	-0.289932186
Fvb1	10739303	10739402	-0.210347175
Fvb1	10740103	10740202	-0.23812622
Fvb1	10788403	10788502	-0.235340022
Fvb1	10996303	10996402	0.25877551
Fvb1	11087303	11087402	0.322368421
Fvb1	11176703	11176802	-0.214285714
Fvb1	11215903	11216002	-0.304073034
Fvb1	11294003	11294102	-0.207850467
Fvb1	11352403	11352502	-0.382575758
Fvb1	11390303	11390402	-0.274509804
Fvb1	11402903	11403002	-0.214132104
Fvb1	11423803	11423902	0.328506098
Fvb1	11448803	11448902	-0.270795215
Fvb1	11454403	11454502	0.214997627
Fvb1	11494003	11494102	-0.420634921
Fvb1	11815203	11815302	-0.202544359
Fvb1	12051803	12051902	-0.235504955
Fvb1	12215503	12215602	-0.233500943
Fvb1	12258603	12258702	-0.227564103
Fvb1	12287903	12288002	-0.312770563
Fvb1	12399903	12400002	0.236885865
Fvb1	12458503	12458602	-0.325252525
Fvb1	12581703	12581802	0.235294118
Fvb1	12680803	12680902	-0.322972973
Fvb1	12731403	12731502	-0.31011236
Fvb1	12779503	12779602	-0.328218244
Fvb1	12911003	12911102	-0.28
Fvb1	13054303	13054402	0.376724138
Fvb1	13106603	13106702	0.298780488
Fvb1	13306203	13306302	-0.233209942
Fvb1	13306903	13307002	0.437188435
Fvb1	13337703	13337802	-0.272325376
Fvb1	13411003	13411102	0.351402899
Fvb1	13411303	13411402	0.376506024
Fvb1	13437603	13437702	-0.301136364
Fvb1	13448403	13448502	-0.292293233
Fvb1	13501903	13502002	-0.28584024
Fvb1	13582503	13582602	-0.297979798
Fvb1	13770703	13770802	-0.368638498
Fvb1	13796503	13796602	-0.201604555
Fvb1	14221003	14221102	0.375331565
Fvb1	14224503	14224602	-0.26689872
Fvb1	14261003	14261102	-0.454407295
Fvb1	14263003	14263102	0.256097561
Fvb1	14323303	14323402	-0.243442623
Fvb1	14375103	14375202	-0.29093432
Fvb1	14388403	14388502	-0.230472441
Fvb1	14421803	14421902	-0.305429864
Fvb1	14444603	14444702	-0.319627193
Fvb1	14487203	14487302	-0.301075269
Fvb1	14544303	14544402	-0.225306327
Fvb1	14612203	14612302	-0.236531987
Fvb1	14625003	14625102	0.31051109
Fvb1	14748103	14748202	-0.227124183
Fvb1	14972503	14972602	-0.259615385
Fvb1	15150203	15150302	-0.225678733
Fvb1	15424403	15424502	-0.229408915
Fvb1	15506903	15507002	0.265424431
Fvb1	15739403	15739502	-0.243919759
Fvb1	15786203	15786302	-0.344791667
Fvb1	15977503	15977602	-0.31092437
Fvb1	15993703	15993802	-0.264232673
Fvb1	16004903	16005002	-0.221890547
Fvb1	16023203	16023302	-0.256563642
Fvb1	16030903	16031002	-0.307692308
Fvb1	16035303	16035402	-0.257540228
Fvb1	16058603	16058702	-0.377791563
Fvb1	16261803	16261902	-0.312653462
Fvb1	16266203	16266302	-0.282095263
Fvb1	16266403	16266502	-0.230566535
Fvb1	16270203	16270302	-0.323763955
Fvb1	16339703	16339802	0.397624039
Fvb1	16399303	16399402	0.266007194
Fvb1	16587703	16587802	-0.201758361
Fvb1	16596603	16596702	-0.365934066
Fvb1	16638803	16638902	-0.220561594
Fvb1	16666103	16666202	0.235507575
Fvb1	16689503	16689602	0.326612903
Fvb1	16722303	16722402	-0.283316263
Fvb1	16722603	16722702	0.581944444
Fvb1	16752303	16752402	-0.233862959
Fvb1	16801203	16801302	-0.495567376
Fvb1	16806503	16806602	-0.277176015
Fvb1	16820603	16820702	-0.296638102
Fvb1	16906403	16906502	-0.268714689
Fvb1	17160403	17160502	-0.201405409
Fvb1	17181503	17181602	0.328888889
Fvb1	17313403	17313502	-0.273989899
Fvb1	17368203	17368302	0.224202727
Fvb1	17406503	17406602	-0.269803922
Fvb1	17447403	17447502	-0.268656716
Fvb1	17447503	17447602	-0.281684982
Fvb1	17472103	17472202	-0.29932598
Fvb1	17546003	17546102	-0.236342726
Fvb1	17568703	17568802	-0.323423423
Fvb1	17617103	17617202	-0.235010891
Fvb1	17653603	17653702	-0.25487988
Fvb1	17710603	17710702	0.308035714
Fvb1	17818803	17818902	-0.450310559
Fvb1	17840203	17840302	-0.229102167
Fvb1	17868903	17869002	0.223
Fvb1	18043603	18043702	-0.331695332
Fvb1	18081103	18081202	-0.427771557
Fvb1	18465303	18465402	-0.207291667
Fvb1	18465903	18466002	0.261682243
Fvb1	18582603	18582702	0.277511962
Fvb1	18594803	18594902	-0.460591133
Fvb1	18598303	18598402	0.207057191
Fvb1	18598603	18598702	-0.215733425
Fvb1	18620603	18620702	-0.233050847
Fvb1	18626303	18626402	-0.273648145
Fvb1	18666103	18666202	-0.21875
Fvb1	18687303	18687402	-0.209946168
Fvb1	18747403	18747502	-0.319163763
Fvb1	18894003	18894102	-0.224696356
Fvb1	19071503	19071602	-0.247857143
Fvb1	19085403	19085502	0.285966238
Fvb1	19088803	19088902	-0.256053704
Fvb1	19311303	19311402	0.307692308
Fvb1	19343603	19343702	-0.276407337
Fvb1	19493603	19493702	-0.207224959
Fvb1	19500303	19500402	-0.276767677
Fvb1	19660603	19660702	0.234199134
Fvb1	19666303	19666402	0.225543478
Fvb1	19696803	19696902	-0.271810914
Fvb1	19716203	19716302	-0.279586563
Fvb1	19776703	19776802	-0.266846361
Fvb1	19829903	19830002	-0.21295095
Fvb1	19838003	19838102	-0.249655172
Fvb1	19844103	19844202	-0.283975659
Fvb1	19892903	19893002	-0.21783496
Fvb1	19927903	19928002	0.309974747
Fvb1	19933703	19933802	-0.279941121
Fvb1	20021103	20021202	-0.266826923
Fvb1	20051003	20051102	-0.223499361
Fvb1	20051103	20051202	-0.25214676
Fvb1	20110303	20110402	-0.225108225
Fvb1	20190503	20190602	-0.269369884
Fvb1	20238203	20238302	-0.286982249
Fvb1	20275803	20275902	-0.339631554
Fvb1	20316003	20316102	-0.315620999
Fvb1	20316903	20317002	-0.398809524
Fvb1	20380303	20380402	-0.228611501
Fvb1	20396803	20396902	-0.330232558
Fvb1	20447403	20447502	-0.330128205
Fvb1	20518903	20519002	0.261680988
Fvb1	20616003	20616102	-0.25
Fvb1	20683703	20683802	-0.282539683
Fvb1	20707503	20707602	-0.287220026
Fvb1	20817303	20817402	-0.38172043
Fvb1	20846803	20846902	0.270561861
Fvb1	20847603	20847702	-0.318889833
Fvb1	20873303	20873402	-0.269309638
Fvb1	20982603	20982702	-0.224116424
Fvb1	21185603	21185702	-0.237421384
Fvb1	21264703	21264802	-0.259408602
Fvb1	21274203	21274302	-0.235627178
Fvb1	21288303	21288402	-0.283648498
Fvb1	21389303	21389402	0.249901614
Fvb1	21509003	21509102	-0.264647795
Fvb1	21523103	21523202	-0.233766234
Fvb1	21562303	21562402	-0.287142857
Fvb1	21573503	21573602	0.258024691
Fvb1	21599003	21599102	-0.330390921
Fvb1	21599103	21599202	-0.284178187
Fvb1	21665603	21665702	-0.257855191
Fvb1	21700103	21700202	-0.233112896
Fvb1	21898103	21898202	-0.313175676
Fvb1	21949003	21949102	-0.201083572
Fvb1	22013803	22013902	-0.240576689
Fvb1	22014003	22014102	-0.408571429
Fvb1	22089703	22089802	-0.259013283
Fvb1	22090103	22090202	-0.259210526
Fvb1	22128303	22128402	0.250792644
Fvb1	22152503	22152602	-0.256464011
Fvb1	22153903	22154002	-0.222222222
Fvb1	22170203	22170302	-0.21178093
Fvb1	22201803	22201902	-0.235389086
Fvb1	22293803	22293902	0.203796412
Fvb1	22305203	22305302	-0.354545455
Fvb1	22424203	22424302	0.246159754
Fvb1	22434903	22435002	-0.351282051
Fvb1	22520703	22520802	-0.308523409
Fvb1	22521503	22521602	-0.265431019
Fvb1	22575303	22575402	-0.225749559
Fvb1	22602803	22602902	-0.246610169
Fvb1	22700303	22700402	-0.296819044
Fvb1	22767603	22767702	-0.297600972
Fvb1	22783703	22783802	-0.373376623
Fvb1	22795703	22795802	-0.208867521
Fvb1	22808103	22808202	-0.294117647
Fvb1	22926003	22926102	-0.373242972
Fvb1	22964103	22964202	-0.257473481
Fvb1	22965603	22965702	-0.319444444
Fvb1	22983703	22983802	0.264957265
Fvb1	23055803	23055902	-0.202297664
Fvb1	23090103	23090202	-0.211342894
Fvb1	23111703	23111802	-0.215205377
Fvb1	23125403	23125502	-0.252866972
Fvb1	23130003	23130102	-0.271042471
Fvb1	23195603	23195702	-0.311369509
Fvb1	23219303	23219402	-0.210881295
Fvb1	23233603	23233702	-0.347902098
Fvb1	23234303	23234402	-0.313535123
Fvb1	23255503	23255602	-0.400160385
Fvb1	23284903	23285002	-0.268757259
Fvb1	23342503	23342602	-0.220448663
Fvb1	23355103	23355202	-0.268312623
Fvb1	23507803	23507902	0.200228087
Fvb1	23512903	23513002	0.276360868
Fvb1	23532103	23532202	-0.234767025
Fvb1	23551303	23551402	-0.211693548
Fvb1	23652603	23652702	-0.244434757
Fvb1	23671403	23671502	-0.282992435
Fvb1	23737003	23737102	-0.217164855
Fvb1	23770103	23770202	-0.299719888
Fvb1	23778903	23779002	-0.201555024
Fvb1	24074303	24074402	-0.224876847
Fvb1	24078503	24078602	-0.231979994
Fvb1	24080803	24080902	-0.352941176
Fvb1	24092803	24092902	-0.259118541
Fvb1	24146903	24147002	-0.456730769
Fvb1	24150003	24150102	0.249684741
Fvb1	24156603	24156702	-0.293211753
Fvb1	24156803	24156902	-0.240484848
Fvb1	24157203	24157302	-0.354865311
Fvb1	24219703	24219802	-0.28568124
Fvb2	13501	13600	-0.350177655
Fvb2	18301	18400	-0.230464481
Fvb2	28001	28100	0.258093935
Fvb2	179001	179100	-0.206052537
Fvb2	198801	198900	-0.294551282
Fvb2	252701	252800	0.327849589
Fvb2	258301	258400	-0.361269841
Fvb2	259801	259900	-0.269198595
Fvb2	457601	457700	0.221449851
Fvb2	461601	461700	-0.214114833
Fvb2	476901	477000	-0.416073969
Fvb2	477001	477100	-0.290959041
Fvb2	561301	561400	-0.208333333
Fvb2	847001	847100	-0.260133091
Fvb2	873101	873200	-0.259615385
Fvb2	925401	925500	-0.244147399
Fvb2	937801	937900	-0.393762183
Fvb2	1230301	1230400	0.218034762
Fvb2	1344601	1344700	0.3053467
Fvb2	1491501	1491600	0.234749187
Fvb2	1609501	1609600	-0.458996328
Fvb2	1611601	1611700	-0.356089744
Fvb2	1718501	1718600	-0.349166667
Fvb2	1832601	1832700	-0.218822844
Fvb2	1869501	1869600	-0.275974026
Fvb2	2180201	2180300	-0.313931889
Fvb2	2213701	2213800	-0.291446467
Fvb2	2276201	2276300	-0.327949438
Fvb2	2288101	2288200	-0.209515366
Fvb2	2917401	2917500	0.319042871
Fvb2	3088001	3088100	-0.493421053
Fvb2	3115101	3115200	-0.286585366
Fvb2	3163201	3163300	-0.21674938
Fvb2	3169401	3169500	-0.317724701
Fvb2	3186901	3187000	-0.283089614
Fvb2	3254101	3254200	0.381696429
Fvb2	3424301	3424400	-0.224747475
Fvb2	3442901	3443000	-0.289218718
Fvb2	3484001	3484100	0.334189288
Fvb2	3606201	3606300	0.645320197
Fvb2	3669701	3669800	-0.237645688
Fvb2	3900501	3900600	-0.360089186
Fvb2	4128601	4128700	0.291489362
Fvb2	4142901	4143000	-0.246358718
Fvb2	4179801	4179900	-0.292179123
Fvb2	4267601	4267700	-0.204634721
Fvb2	4314901	4315000	0.262605474
Fvb2	4315801	4315900	0.405370844
Fvb2	4400101	4400200	-0.214728682
Fvb2	4563601	4563700	-0.3
Fvb2	4563701	4563800	-0.376779026
Fvb2	4721201	4721300	-0.397435897
Fvb2	4831801	4831900	-0.229713424
Fvb2	4888201	4888300	-0.36744186
Fvb2	4974001	4974100	-0.326783626
Fvb2	5202001	5202100	-0.270604396
Fvb2	5256101	5256200	-0.350607287
Fvb2	5260201	5260300	-0.31643002
Fvb2	5388801	5388900	-0.238596491
Fvb2	5500201	5500300	-0.229378302
Fvb2	5640901	5641000	-0.331594203
Fvb2	5882401	5882500	-0.225537472
Fvb2	5911401	5911500	-0.218184678
Fvb2	5933701	5933800	-0.256997455
Fvb2	5999101	5999200	-0.211507937
Fvb2	6013101	6013200	0.435302391
Fvb2	6094401	6094500	-0.274725275
Fvb2	6108401	6108500	-0.212912088
Fvb2	6122001	6122100	-0.383333333
Fvb2	6130701	6130800	-0.262724014
Fvb2	6244601	6244700	-0.263013699
Fvb2	6283901	6284000	-0.321014493
Fvb2	6288701	6288800	-0.32967033
Fvb2	6306301	6306400	-0.317004505
Fvb2	6306401	6306500	-0.216697016
Fvb2	6324001	6324100	-0.210621649
Fvb2	6356601	6356700	-0.248697917
Fvb2	6481901	6482000	-0.275132275
Fvb2	6497301	6497400	0.213819237
Fvb2	6498101	6498200	-0.276666667
Fvb2	6511101	6511200	-0.208762887
Fvb2	6701301	6701400	-0.234384663
Fvb2	6967601	6967700	-0.312993321
Fvb2	7017101	7017200	-0.354832499
Fvb2	7065701	7065800	0.415384615
Fvb2	7181201	7181300	0.224174193
Fvb2	7197001	7197100	-0.306739812
Fvb2	7282201	7282300	-0.413690476
Fvb2	7356201	7356300	-0.487791108
Fvb2	7356301	7356400	-0.234921126
Fvb2	7412801	7412900	-0.362337662
Fvb2	7453601	7453700	-0.281788351
Fvb2	7465301	7465400	0.365599313
Fvb2	7465501	7465600	0.381334352
Fvb2	7527201	7527300	-0.248766389
Fvb2	7703201	7703300	0.298944501
Fvb2	7807801	7807900	-0.237629298
Fvb2	7905601	7905700	-0.319716776
Fvb2	7933401	7933500	-0.292753623
Fvb2	8064101	8064200	0.212376664
Fvb2	8096201	8096300	-0.229280097
Fvb2	8145501	8145600	-0.2535
Fvb2	8145901	8146000	-0.239507034
Fvb2	8179801	8179900	-0.257650396
Fvb2	8229301	8229400	-0.271103896
Fvb2	8271101	8271200	-0.213748657
Fvb2	8402601	8402700	-0.27024827
Fvb2	8523201	8523300	-0.308194451
Fvb2	8681401	8681500	-0.211139425
Fvb2	8727201	8727300	-0.301372998
Fvb2	8729701	8729800	-0.302536232
Fvb2	8762601	8762700	0.226190476
Fvb2	8808501	8808600	0.214940099
Fvb2	8958401	8958500	-0.260638298
Fvb2	9089001	9089100	-0.3429229
Fvb2	9109901	9110000	0.253959276
Fvb2	9367101	9367200	-0.361607143
Fvb2	9469901	9470000	-0.310597885
Fvb2	9632001	9632100	-0.265765766
Fvb2	9752001	9752100	0.264848485
Fvb2	9782001	9782100	-0.293504902
Fvb2	9825401	9825500	-0.330284818
Fvb2	9992801	9992900	-0.223314223
Fvb2	10049401	10049500	-0.409133563
Fvb2	10049501	10049600	-0.221279104
Fvb2	10090001	10090100	0.254089422
Fvb2	10286801	10286900	0.313074645
Fvb2	10293101	10293200	-0.284104443
Fvb2	10303101	10303200	-0.323015237
Fvb2	10476901	10477000	-0.282003012
Fvb2	10477601	10477700	-0.332635107
Fvb2	10478501	10478600	-0.331460674
Fvb2	10478701	10478800	-0.242886753
Fvb2	10488401	10488500	-0.428137652
Fvb2	10550701	10550800	-0.310321258
Fvb2	10553001	10553100	-0.370967742
Fvb2	10557801	10557900	0.264213102
Fvb2	10558401	10558500	-0.2961284
Fvb2	10586101	10586200	-0.291666667
Fvb2	10589001	10589100	-0.201604516
Fvb2	10603001	10603100	-0.29002193
Fvb2	10603501	10603600	-0.253169142
Fvb2	10604401	10604500	-0.230895146
Fvb2	10604501	10604600	-0.201550388
Fvb2	10606001	10606100	-0.298747881
Fvb2	10606601	10606700	-0.254710547
Fvb2	10621901	10622000	-0.239990743
Fvb2	10660801	10660900	-0.365079365
Fvb2	10676201	10676300	0.295863309
Fvb2	10773801	10773900	-0.326246334
Fvb2	10855801	10855900	0.267043315
Fvb2	10914901	10915000	-0.249420849
Fvb2	10941401	10941500	-0.459276018
Fvb2	11038201	11038300	0.319480519
Fvb2	11333501	11333600	-0.255049919
Fvb2	11541301	11541400	-0.346059113
Fvb2	11541701	11541800	-0.244830827
Fvb2	11564901	11565000	0.334101382
Fvb2	11579801	11579900	-0.259180036
Fvb2	11657101	11657200	-0.207484577
Fvb2	11710301	11710400	-0.360449735
Fvb2	11770201	11770300	-0.284153005
Fvb2	11826201	11826300	0.407407407
Fvb2	11894001	11894100	-0.508547009
Fvb2	11894701	11894800	-0.286309524
Fvb2	11944501	11944600	-0.228965517
Fvb2	12260401	12260500	-0.235891089
Fvb2	12260901	12261000	-0.277179487
Fvb2	12270901	12271000	-0.324016563
Fvb2	12410101	12410200	-0.266346154
Fvb2	12461601	12461700	-0.278508772
Fvb2	12474101	12474200	-0.293959008
Fvb2	12734001	12734100	-0.293650794
Fvb2	12806201	12806300	-0.245464726
Fvb2	12962701	12962800	-0.316602317
Fvb2	13176701	13176800	0.411764706
Fvb2	13198901	13199000	-0.28974359
Fvb2	13239301	13239400	0.230501931
Fvb2	13245201	13245300	-0.456097561
Fvb2	13284001	13284100	-0.292498651
Fvb2	13365301	13365400	-0.309127249
Fvb2	13407901	13408000	-0.220154259
Fvb2	13478001	13478100	-0.330769231
Fvb2	13489901	13490000	0.544871795
Fvb2	13666101	13666200	0.6
Fvb2	13748901	13749000	-0.586580087
Fvb2	13780201	13780300	0.220869565
Fvb2	13889501	13889600	-0.214093812
Fvb2	14006401	14006500	-0.397025172
Fvb2	14048801	14048900	0.217261518
Fvb2	14092101	14092200	-0.26984127
Fvb2	14299401	14299500	-0.2586074
Fvb2	14367201	14367300	-0.268943636
Fvb2	14392901	14393000	0.212997658
Fvb2	14429901	14430000	-0.22625
Fvb2	14475401	14475500	0.225837785
Fvb2	14549701	14549800	0.208129371
Fvb2	14779301	14779400	-0.205605565
Fvb2	14872801	14872900	-0.318654646
Fvb2	15093001	15093100	-0.315789474
Fvb2	15159001	15159100	-0.301731602
Fvb2	15245301	15245400	-0.302631579
Fvb2	15295101	15295200	-0.278220933
Fvb2	15296901	15297000	-0.28432418
Fvb2	15350701	15350800	-0.328368794
Fvb2	15377001	15377100	-0.425024826
Fvb2	15392601	15392700	-0.25643739
Fvb2	15479901	15480000	-0.31372549
Fvb2	15529901	15530000	0.227305737
Fvb2	15542601	15542700	-0.217625434
Fvb2	15542701	15542800	-0.28403378
Fvb2	15573201	15573300	-0.21841052
Fvb2	15629501	15629600	-0.226505562
Fvb2	15682101	15682200	-0.258474576
Fvb2	15816101	15816200	-0.217584624
Fvb2	15816201	15816300	-0.277332208
Fvb2	16022101	16022200	-0.310033988
Fvb2	16167801	16167900	-0.378465506
Fvb2	16187001	16187100	-0.275599129
Fvb2	16188501	16188600	-0.369565217
Fvb2	16236801	16236900	-0.413262599
Fvb2	16263701	16263800	-0.294522326
Fvb2	16292001	16292100	-0.290429043
Fvb2	16308801	16308900	-0.258741259
Fvb2	16408001	16408100	-0.241452991
Fvb2	16409901	16410000	-0.203233083
Fvb2	16455501	16455600	-0.378881988
Fvb2	16455601	16455700	-0.247392675
Fvb2	16733801	16733900	-0.326912642
Fvb2	16757401	16757500	0.226584867
Fvb2	16785901	16786000	-0.343248532
Fvb2	17073301	17073400	-0.218102274
Fvb2	17458501	17458600	-0.220092915
Fvb2	17569001	17569100	0.313492063
Fvb2	17705701	17705800	0.240373618
Fvb2	17752301	17752400	-0.302455357
Fvb2	17792501	17792600	-0.300868862
Fvb2	17804201	17804300	-0.307962529
Fvb2	18249401	18249500	-0.24
Fvb2	18356101	18356200	-0.300060496
Fvb2	18356201	18356300	-0.292261905
Fvb2	18364901	18365000	-0.212055109
Fvb2	18535201	18535300	-0.203719008
Fvb2	18623201	18623300	-0.242695289
Fvb2	18823501	18823600	-0.264285714
Fvb2	19104001	19104100	-0.33908046
Fvb2	19158701	19158800	-0.292303085
Fvb2	19206701	19206800	0.417447307
Fvb2	19275101	19275200	-0.220779221
Fvb2	19401701	19401800	-0.368351064
Fvb2	19522301	19522400	-0.291666667
Fvb2	19525601	19525700	-0.303237694
Fvb2	19815601	19815700	-0.287782035
Fvb2	19886501	19886600	-0.272167488
Fvb2	19902601	19902700	0.270263017
Fvb2	20126401	20126500	-0.441102757
Fvb2	20155201	20155300	-0.250582751
Fvb2	20193401	20193500	-0.310657596
Fvb2	20598701	20598800	0.356900452
Fvb2	20866201	20866300	0.404761905
Fvb2	21237501	21237600	-0.325702811
Fvb2	21246201	21246300	-0.22703252
Fvb2	21265401	21265500	0.294117647
Fvb2	21279901	21280000	-0.263157895
Fvb2	21609401	21609500	-0.252228903
Fvb2	22051101	22051200	0.275819672
Fvb2	22201101	22201200	-0.280179171
Fvb2	22424501	22424600	-0.211394303
Fvb2	22440701	22440800	-0.257955641
Fvb2	22455201	22455300	-0.234624956
Fvb2	22561501	22561600	-0.36
Fvb2	22715001	22715100	-0.256410256
Fvb2	23187101	23187200	-0.348484848
Fvb2	23218501	23218600	-0.238104679
Fvb2	23274701	23274800	-0.323845667
Fvb2	23275501	23275600	-0.22875817
Fvb2	23360001	23360100	-0.322966507
Fvb2	23458601	23458700	0.364766082
Fvb2	23564501	23564600	-0.280670103
Fvb2	23606001	23606100	-0.260297767
Fvb2	23660801	23660900	0.242252457
Fvb2	23676901	23677000	-0.242034314
Fvb2	23721901	23722000	-0.260298507
Fvb2	23742501	23742600	-0.268411442
Fvb2	24226001	24226100	-0.212121212
Fvb2	24463701	24463800	-0.208183222
Fvb2	24464601	24464700	-0.212703963
Fvb2	24471401	24471500	-0.319347319
Fvb2	24477801	24477900	-0.33007874
Fvb2	24619501	24619600	0.25177422
Fvb2	24668401	24668500	-0.379569892
Fvb2	24779401	24779500	0.361278195
Fvb2	24862701	24862800	-0.205562943
Fvb2	25139001	25139100	0.264528302
Fvb2	25156901	25157000	-0.369707551
Fvb2	25157501	25157600	-0.228131868
Fvb2	25737101	25737200	-0.414141414
Fvb2	26025001	26025100	-0.343658537
Fvb2	26193401	26193500	-0.361520737
Fvb2	26204301	26204400	-0.400742115
Fvb2	26439601	26439700	0.251532108
Fvb2	26627901	26628000	-0.314814815
Fvb2	26655401	26655500	-0.263545255
Fvb2	26796501	26796600	-0.252251059
Fvb2	27045101	27045200	-0.253836517
Fvb2	27235401	27235500	-0.263879599
Fvb2	27240801	27240900	-0.256621798
Fvb2	27281001	27281100	-0.237520129
Fvb2	27818301	27818400	0.306320401
Fvb2	28042801	28042900	-0.243867244
Fvb2	28160701	28160800	0.212698413
Fvb2	28209501	28209600	0.394444444
Fvb2	28547301	28547400	-0.453431373
Fvb2	28553101	28553200	-0.37979798
Fvb2	28553201	28553300	-0.381833357
Fvb2	28565601	28565700	-0.260036903
Fvb2	28689801	28689900	-0.402159244
Fvb2	28697101	28697200	-0.244176943
Fvb2	29098101	29098200	0.2
Fvb2	29235201	29235300	-0.388888889
Fvb2	29242001	29242100	0.255081301
Fvb3	26903	27002	-0.444915254
Fvb3	48903	49002	-0.210553814
Fvb3	229803	229902	0.2445431
Fvb3	232903	233002	-0.402998501
Fvb3	383203	383302	-0.361168033
Fvb3	424803	424902	0.331783704
Fvb3	458203	458302	-0.303030303
Fvb3	657403	657502	-0.269047619
Fvb3	659803	659902	-0.333939394
Fvb3	1947303	1947402	-0.276426883
Fvb3	2021603	2021702	0.274618585
Fvb3	2294003	2294102	-0.20890411
Fvb3	2345003	2345102	-0.304878049
Fvb3	2427203	2427302	-0.264302059
Fvb3	2434603	2434702	-0.312419355
Fvb3	2446703	2446802	-0.383333333
Fvb3	2522403	2522502	-0.340701754
Fvb3	2607003	2607102	0.284552846
Fvb3	3066903	3067002	0.396418539
Fvb3	3301603	3301702	0.215405284
Fvb3	3431903	3432002	-0.333333333
Fvb3	3592003	3592102	0.225
Fvb3	3602803	3602902	-0.347826087
Fvb3	3757203	3757302	-0.213304094
Fvb3	3835103	3835202	-0.241402116
Fvb3	3840603	3840702	-0.253333333
Fvb3	3893703	3893802	-0.299088359
Fvb3	3895803	3895902	-0.252669718
Fvb3	3896003	3896102	-0.511904762
Fvb3	3897303	3897402	-0.305744007
Fvb3	4208903	4209002	-0.225752508
Fvb3	4262403	4262502	-0.215601898
Fvb3	4464903	4465002	-0.388198758
Fvb3	4777603	4777702	-0.321382008
Fvb3	4785203	4785302	-0.444444444
Fvb3	4785603	4785702	-0.201600312
Fvb3	4788503	4788602	-0.297955975
Fvb3	5009203	5009302	-0.324074074
Fvb3	5015103	5015202	-0.271984436
Fvb3	5085903	5086002	-0.311004785
Fvb3	5233103	5233202	-0.294454491
Fvb3	5295803	5295902	0.37964775
Fvb3	5574303	5574402	-0.207433953
Fvb3	5626603	5626702	-0.210526316
Fvb3	5668203	5668302	-0.272830018
Fvb3	5668803	5668902	-0.283950617
Fvb3	6760003	6760102	-0.264367816
Fvb3	6955503	6955602	0.272639795
Fvb3	7413603	7413702	-0.228802795
Fvb3	7528103	7528202	-0.256164384
Fvb3	7647203	7647302	-0.410628019
Fvb3	7649103	7649202	-0.311912226
Fvb3	7869503	7869602	-0.243817485
Fvb3	7897803	7897902	-0.309133489
Fvb3	7972303	7972402	-0.217965368
Fvb3	8153203	8153302	0.209166667
Fvb3	8182103	8182202	-0.217206201
Fvb3	8192203	8192302	-0.278688525
Fvb3	8316003	8316102	-0.219288175
Fvb3	8316203	8316302	-0.2729811
Fvb3	8327803	8327902	-0.534586466
Fvb3	8342303	8342402	0.355022831
Fvb3	8546003	8546102	-0.3031144
Fvb3	9070503	9070602	-0.206360399
Fvb3	9187903	9188002	-0.217086835
Fvb3	9253503	9253602	-0.337148594
Fvb3	9314503	9314602	-0.331908832
Fvb3	9353003	9353102	-0.201589061
Fvb3	9418203	9418302	-0.272727273
Fvb3	9489503	9489602	-0.326114015
Fvb3	9598703	9598802	-0.279155188
Fvb3	10257603	10257702	-0.261403509
Fvb3	10371903	10372002	-0.349790611
Fvb3	10724803	10724902	-0.264393939
Fvb3	10928603	10928702	-0.244255744
Fvb3	10960403	10960502	-0.237377049
Fvb3	11087203	11087302	0.255952381
Fvb3	11130603	11130702	-0.217113351
Fvb3	11130803	11130902	-0.309934319
Fvb3	11167203	11167302	-0.221823975
Fvb3	11394603	11394702	0.2
Fvb3	11394703	11394802	0.42602546
Fvb3	11509203	11509302	-0.393154487
Fvb3	11605403	11605502	0.28
Fvb3	11638403	11638502	-0.345864662
Fvb3	11812403	11812502	0.348598131
Fvb3	12030603	12030702	0.329559748
Fvb3	12033203	12033302	-0.246534997
Fvb3	12108303	12108402	-0.252822341
Fvb3	12161703	12161802	-0.215729715
Fvb3	12206103	12206202	-0.203751804
Fvb3	12260003	12260102	-0.357993197
Fvb3	12260203	12260302	-0.257861635
Fvb3	12384703	12384802	-0.272378517
Fvb3	12402903	12403002	-0.24331329
Fvb3	12413803	12413902	-0.404864253
Fvb3	12748903	12749002	-0.318121693
Fvb3	12750803	12750902	-0.246576819
Fvb3	12786403	12786502	0.215654521
Fvb3	12793303	12793402	-0.387878788
Fvb3	12863103	12863202	-0.36448997
Fvb3	12981803	12981902	-0.219268802
Fvb3	13070803	13070902	0.375757576
Fvb3	13159503	13159602	0.261510003
Fvb3	13368203	13368302	-0.261869065
Fvb3	13370303	13370402	-0.22961039
Fvb3	13371003	13371102	-0.274456522
Fvb3	13777803	13777902	0.244970224
Fvb3	13818403	13818502	-0.256666667
Fvb3	13867303	13867402	-0.21275783
Fvb3	13877103	13877202	-0.356037152
Fvb3	13895203	13895302	-0.342672414
Fvb3	14049103	14049202	-0.213105413
Fvb3	14122203	14122302	-0.201629112
Fvb3	14253303	14253402	-0.297423888
Fvb3	14255603	14255702	-0.239247312
Fvb3	14273803	14273902	-0.384782609
Fvb3	14455003	14455102	-0.320480405
Fvb3	14574703	14574802	-0.215013587
Fvb3	14609603	14609702	-0.28125
Fvb3	14736903	14737002	-0.540973111
Fvb3	14922503	14922602	-0.209080393
Fvb3	14987003	14987102	-0.208447489
Fvb3	15059103	15059202	0.245179856
Fvb3	15072903	15073002	-0.254323899
Fvb3	15216003	15216102	-0.210343329
Fvb3	15233603	15233702	-0.281320755
Fvb3	15273203	15273302	-0.314385965
Fvb3	15278203	15278302	-0.285
Fvb3	15309803	15309902	-0.415697674
Fvb3	15333303	15333402	-0.280168776
Fvb3	15341403	15341502	0.22335212
Fvb3	15568203	15568302	-0.203790804
Fvb3	15635403	15635502	-0.206177342
Fvb3	15849803	15849902	-0.269956459
Fvb3	15893603	15893702	-0.249462366
Fvb3	15900503	15900602	0.222764228
Fvb3	15906803	15906902	-0.246569814
Fvb3	15958203	15958302	0.243031632
Fvb3	16007803	16007902	-0.260416667
Fvb3	16015303	16015402	-0.224089636
Fvb3	16123503	16123602	0.226154236
Fvb3	16225103	16225202	-0.248686869
Fvb3	16245703	16245802	-0.231547017
Fvb3	16327403	16327502	0.272685451
Fvb3	16407303	16407402	-0.300836268
Fvb3	16421303	16421402	-0.23403576
Fvb3	16451403	16451502	0.291631623
Fvb3	16597803	16597902	0.243303252
Fvb3	16601303	16601402	-0.293607801
Fvb3	16606203	16606302	-0.215664925
Fvb3	16727503	16727602	-0.315533981
Fvb3	16808703	16808802	-0.277436582
Fvb3	16849003	16849102	0.365405405
Fvb3	16865303	16865402	-0.401785714
Fvb3	16875003	16875102	-0.21515216
Fvb3	16971403	16971502	-0.425180599
Fvb3	17051703	17051802	-0.214587525
Fvb3	17065503	17065602	-0.290410959
Fvb3	17095303	17095402	0.253139126
Fvb3	17114003	17114102	-0.325557809
Fvb3	17121803	17121902	0.218253968
Fvb3	17156403	17156502	-0.282352941
Fvb3	17179603	17179702	-0.27394958
Fvb3	17404303	17404402	0.243114292
Fvb3	17413803	17413902	-0.300108342
Fvb3	17427503	17427602	0.308173785
Fvb3	17491603	17491702	-0.235036702
Fvb3	17573803	17573902	-0.21000788
Fvb3	17594403	17594502	-0.337719298
Fvb3	17697203	17697302	-0.376371308
Fvb3	17708503	17708602	-0.311282932
Fvb3	17756603	17756702	-0.278362573
Fvb3	17759003	17759102	-0.343779677
Fvb3	17789303	17789402	-0.297061737
Fvb3	17789703	17789802	-0.243506165
Fvb3	17798703	17798802	-0.324291498
Fvb3	17799803	17799902	-0.237007613
Fvb3	18042603	18042702	-0.239692247
Fvb3	18155403	18155502	-0.424866514
Fvb3	18191803	18191902	-0.206140351
Fvb3	18306703	18306802	-0.298850575
Fvb3	18338103	18338202	-0.369817579
Fvb3	18378103	18378202	-0.296467991
Fvb3	18407303	18407402	-0.291005291
Fvb3	18472903	18473002	0.31560559
Fvb3	18525303	18525402	-0.211209843
Fvb3	18573503	18573602	-0.263513514
Fvb3	18585403	18585502	-0.260084428
Fvb3	18610303	18610402	-0.286458333
Fvb3	18612103	18612202	0.256969919
Fvb3	18691103	18691202	0.330427201
Fvb3	18822703	18822802	-0.256910569
Fvb3	18839103	18839202	-0.382018349
Fvb3	18880303	18880402	-0.273849938
Fvb3	18957903	18958002	-0.263716814
Fvb3	18960603	18960702	-0.308954394
Fvb3	19039803	19039902	-0.236662453
Fvb3	19157003	19157102	-0.392436975
Fvb3	19217303	19217402	-0.229333333
Fvb3	19283303	19283402	-0.254887969
Fvb3	19286103	19286202	-0.293280632
Fvb3	19346803	19346902	-0.302245908
Fvb3	19383803	19383902	-0.239583333
Fvb3	19400803	19400902	-0.32010582
Fvb3	19431503	19431602	0.200320513
Fvb3	19442903	19443002	-0.248187212
Fvb3	19446903	19447002	-0.285798957
Fvb3	19581503	19581602	-0.39488491
Fvb3	19650203	19650302	-0.474333983
Fvb3	19662403	19662502	-0.400178253
Fvb3	19731003	19731102	-0.238154173
Fvb3	19772603	19772702	-0.252808003
Fvb3	19794003	19794102	-0.344736842
Fvb3	19809803	19809902	-0.26940133
Fvb3	19825603	19825702	-0.293859649
Fvb3	19832503	19832602	-0.222337662
Fvb3	19863303	19863402	-0.372222222
Fvb3	19878503	19878602	-0.291891892
Fvb3	20125803	20125902	0.294117647
Fvb3	20317503	20317602	0.200157162
Fvb3	20327703	20327802	-0.333574413
Fvb3	20381103	20381202	-0.209764919
Fvb3	20427303	20427402	0.277950311
Fvb3	20429203	20429302	0.342995169
Fvb3	20436903	20437002	-0.221484646
Fvb3	20438903	20439002	-0.237030134
Fvb3	20460503	20460602	-0.325367647
Fvb3	20488403	20488502	0.224698575
Fvb3	20535803	20535902	0.224780702
Fvb3	20539703	20539802	0.320525784
Fvb3	20572803	20572902	-0.289994762
Fvb3	20573003	20573102	-0.228675769
Fvb3	20576503	20576602	-0.302579365
Fvb3	20577403	20577502	-0.357513915
Fvb3	20643903	20644002	-0.242758621
Fvb3	20703803	20703902	-0.317271589
Fvb3	20881603	20881702	-0.397041184
Fvb3	20965803	20965902	0.320154044
Fvb3	21166303	21166402	-0.338235294
Fvb3	21200903	21201002	-0.295514019
Fvb3	21236403	21236502	-0.262455226
Fvb3	21345603	21345702	-0.303647416
Fvb3	21405603	21405702	-0.258703481
Fvb3	21427603	21427702	-0.346096096
Fvb3	21435103	21435202	0.291467305
Fvb3	21560003	21560102	0.201213347
Fvb3	21560803	21560902	0.396854204
Fvb3	21603703	21603802	-0.368805425
Fvb3	21612403	21612502	0.246101695
Fvb3	21702303	21702402	-0.251391466
Fvb3	21733003	21733102	-0.322454038
Fvb3	21735703	21735802	-0.233406892
Fvb3	21745803	21745902	-0.308862434
Fvb3	21915103	21915202	-0.202740579
Fvb3	21956003	21956102	-0.32559775
Fvb3	21977303	21977402	0.240181759
Fvb3	22026703	22026802	-0.238738739
Fvb3	22126903	22127002	-0.25976431
Fvb3	22167703	22167802	-0.268085106
Fvb3	22280003	22280102	-0.247580645
Fvb3	22298303	22298402	-0.330163043
Fvb3	22405303	22405402	-0.300542958
Fvb3	22421203	22421302	-0.249556738
Fvb3	22421303	22421402	-0.268222768
Fvb3	22421903	22422002	-0.365646259
Fvb3	22443303	22443402	-0.384868421
Fvb3	22444603	22444702	0.321245421
Fvb3	22488703	22488802	-0.235976789
Fvb3	22581203	22581302	-0.401960784
Fvb3	22659403	22659502	-0.283074702
Fvb3	22675003	22675102	-0.319518717
Fvb3	22692903	22693002	-0.221212121
Fvb3	22766803	22766902	-0.306318681
Fvb3	22784303	22784402	-0.234327604
Fvb3	22919103	22919202	-0.335403727
Fvb3	23112003	23112102	-0.330745342
Fvb3	23131803	23131902	-0.32962963
Fvb3	23157003	23157102	0.247887053
Fvb3	23190003	23190102	-0.375757576
Fvb3	23333503	23333602	-0.316821465
Fvb3	23379403	23379502	-0.254385965
Fvb3	23404003	23404102	-0.286616162
Fvb3	23453003	23453102	-0.203401843
Fvb3	23502003	23502102	-0.231222386
Fvb3	23508803	23508902	-0.258064516
Fvb3	23575003	23575102	-0.278632479
Fvb3	23610403	23610502	-0.238318827
Fvb3	23610503	23610602	-0.200631491
Fvb3	23715603	23715702	-0.441880342
Fvb3	23768403	23768502	-0.25400641
Fvb3	23797003	23797102	-0.201905626
Fvb3	23823603	23823702	0.211981567
Fvb3	23929303	23929402	-0.27173913
Fvb3	23960903	23961002	-0.421875
Fvb3	23961303	23961402	-0.261714855
Fvb3	23971003	23971102	-0.223367238
Fvb3	23971103	23971202	-0.303148817
Fvb3	23971203	23971302	-0.235138445
Fvb3	24187803	24187902	-0.372222222
Fvb3	24188603	24188702	0.21179761
Fvb3	24195103	24195202	-0.21218223
Fvb3	24202303	24202402	0.367559524
Fvb3	24234903	24235002	-0.204614604
Fvb3	24236103	24236202	-0.284448026
Fvb3	24297003	24297102	-0.243181818
Fvb3	24385503	24385602	-0.333157895
Fvb3	24404903	24405002	-0.22267058
Fvb3	24405003	24405102	-0.233630952
Fvb3	24529503	24529602	-0.254645089
Fvb3	24548003	24548102	0.268921095
Fvb3	24659503	24659602	-0.249505603
Fvb3	24678503	24678602	0.220022624
Fvb3	24686903	24687002	-0.351449275
Fvb3	24717803	24717902	0.451048951
Fvb3	24725103	24725202	-0.278070175
Fvb3	24730603	24730702	-0.270789658
Fvb3	24733403	24733502	-0.23902439
Fvb3	24764603	24764702	-0.253582555
Fvb3	24791503	24791602	0.326737452
Fvb3	24867003	24867102	-0.203921569
Fvb3	24879303	24879402	-0.221942939
Fvb3	24890403	24890502	0.268055556
Fvb3	24910503	24910602	-0.201665781
Fvb3	24921103	24921202	-0.325865352
Fvb3	24935903	24936002	-0.355644356
Fvb3	24992603	24992702	-0.302325581
Fvb3	25067403	25067502	-0.219620959
Fvb3	25100003	25100102	0.314285714
Fvb3	25113203	25113302	-0.223581758
Fvb3	25135503	25135602	-0.253522459
Fvb3	25386503	25386602	0.21026393
Fvb3	25388303	25388402	0.227198431
Fvb3	25391003	25391102	-0.343137255
Fvb3	25432003	25432102	-0.249707602
Fvb3	25512203	25512302	-0.217857143
Fvb3	25512303	25512402	-0.246588967
Fvb3	25556903	25557002	-0.287208367
Fvb3	25558903	25559002	-0.286902601
Fvb3	25573003	25573102	-0.331560284
Fvb3	25578403	25578502	-0.262914863
Fvb3	25613103	25613202	-0.381376518
Fvb3	25614703	25614802	-0.27281106
Fvb3	25622503	25622602	0.253308927
Fvb3	25648903	25649002	0.340069957
Fvb3	25678303	25678402	-0.22642728
Fvb3	25688803	25688902	-0.33
Fvb3	25693203	25693302	-0.211538462
Fvb3	25706203	25706302	0.339230139
Fvb3	25706303	25706402	0.398365679
Fvb3	25760303	25760402	-0.291836735
Fvb3	25822903	25823002	-0.201302326
Fvb3	25847703	25847802	-0.255050505
Fvb3	25924903	25925002	-0.284786805
Fvb3	25958903	25959002	-0.260905761
Fvb3	25984303	25984402	-0.263806381
Fvb3	26018803	26018902	-0.440869565
Fvb3	26022203	26022302	0.272727273
Fvb3	26048003	26048102	-0.206715038
Fvb3	26062503	26062602	-0.233182087
Fvb3	26101303	26101402	-0.215826801
Fvb3	26103503	26103602	-0.240254777
Fvb3	26115803	26115902	-0.320897616
Fvb3	26127203	26127302	-0.252419355
Fvb3	26141103	26141202	-0.217046434
Fvb3	26190903	26191002	-0.325757576
Fvb3	26220203	26220302	-0.370253165
Fvb3	26224303	26224402	-0.247969004
Fvb3	26331703	26331802	-0.213004484
Fvb3	26339903	26340002	-0.333333333
Fvb3	26341703	26341802	-0.341391941
Fvb3	26348103	26348202	0.359941945
Fvb3	26400803	26400902	-0.327516234
Fvb3	26423303	26423402	0.250108743
Fvb3	26447403	26447502	-0.324078481
Fvb3	26457703	26457802	-0.21711852
Fvb3	26501403	26501502	-0.272556391
Fvb3	26507903	26508002	-0.261904762
Fvb3	26607603	26607702	-0.28765653
Fvb3	26608103	26608202	-0.249019608
Fvb3	26643303	26643402	-0.21213003
Fvb3	26643403	26643502	-0.207919694
Fvb3	26680303	26680402	-0.22103925
Fvb3	26733203	26733302	-0.257002801
Fvb3	26753003	26753102	-0.354817276
Fvb3	26858703	26858802	-0.218463707
Fvb3	26912803	26912902	-0.233019564
Fvb3	26920803	26920902	-0.376190476
Fvb3	26922003	26922102	0.258548791
Fvb3	26954103	26954202	-0.28277512
Fvb3	26998403	26998502	-0.285575049
Fvb3	27008103	27008202	-0.259530293
Fvb3	27012503	27012602	-0.302390999
Fvb3	27082203	27082302	-0.335890411
Fvb3	27188003	27188102	-0.269886364
Fvb3	27230103	27230202	-0.263395298
Fvb3	27286903	27287002	-0.232030305
Fvb3	27373403	27373502	-0.239442947
Fvb3	27378503	27378602	0.227574017
Fvb3	27566703	27566802	-0.209545054
Fvb3	27658603	27658702	-0.353949786
Fvb3	27869503	27869602	-0.346839689
Fvb3	27871503	27871602	-0.319397993
Fvb3	27898803	27898902	-0.206740244
Fvb3	27908303	27908402	0.262203314
Fvb3	27916903	27917002	-0.231481481
Fvb3	27968903	27969002	0.212698413
Fvb3	27976403	27976502	-0.253828829
Fvb3	28215603	28215702	0.280487805
Fvb3	28372003	28372102	-0.230407524
Fvb3	28382503	28382602	-0.243950039
Fvb3	28429503	28429602	-0.219047619
Fvb3	28494703	28494802	-0.211947627
Fvb3	28496503	28496602	-0.209090909
Fvb3	28788703	28788802	-0.261398176
Fvb3	28821603	28821702	-0.225197699
Fvb3	28876603	28876702	-0.22173913
Fvb3	28900103	28900202	0.298122653
Fvb3	28900803	28900902	0.288235294
Fvb3	28901503	28901602	0.294372294
Fvb3	28907403	28907502	-0.340548341
Fvb3	29006303	29006402	-0.414529915
Fvb3	29118003	29118102	-0.315018315
Fvb3	29155103	29155202	-0.417857143
Fvb3	29180403	29180502	-0.261415929
Fvb3	29394703	29394802	-0.242561576
Fvb3	29464403	29464502	-0.344500064
Fvb3	29498203	29498302	-0.22406015
Fvb3	29550303	29550402	-0.285714286
Fvb3	29708803	29708902	-0.476055002
Fvb3	29712103	29712202	-0.356544165
Fvb3	29908003	29908102	-0.212751678
Fvb3	29920603	29920702	-0.467112598
Fvb3	30534303	30534402	-0.317342342
Fvb3	30674203	30674302	-0.233333333
Fvb3	30698503	30698602	-0.205228031
Fvb3	30812103	30812202	-0.365689866
Fvb3	30843603	30843702	0.424089069
Fvb3	30859103	30859202	-0.345673077
Fvb3	30867103	30867202	-0.201474201
Fvb3	30945103	30945202	-0.276556777
Fvb3	31136203	31136302	-0.262502257
Fvb3	31179303	31179402	-0.25873744
Fvb3	31349503	31349602	-0.224425287
Fvb3	31350303	31350402	-0.328014184
Fvb3	31352403	31352502	-0.460466363
Fvb3	31357803	31357902	-0.299199199
Fvb3	31358503	31358602	-0.285206259
Fvb3	31366803	31366902	0.248665141
Fvb3	31654803	31654902	-0.257377296
Fvb3	31691003	31691102	-0.330552659
Fvb3	31736403	31736502	-0.204545455
Fvb3	31737003	31737102	-0.236115882
Fvb3	31800903	31801002	0.33749291
Fvb3	31818803	31818902	-0.435714286
Fvb3	31941403	31941502	-0.201226674
Fvb3	32007803	32007902	-0.319518717
Fvb3	32129403	32129502	-0.299800133
Fvb3	32338203	32338302	-0.309761114
Fvb3	32450503	32450602	-0.268759019
Fvb3	32732503	32732602	-0.303391627
Fvb3	32752603	32752702	0.479905437
Fvb3	33068803	33068902	-0.226210826
Fvb3	33069803	33069902	-0.405714286
Fvb3	33141203	33141302	-0.231747334
Fvb3	33170703	33170802	-0.229301477
Fvb3	33280203	33280302	-0.236293974
Fvb3	33282503	33282602	-0.294860117
Fvb3	33307803	33307902	-0.207161125
Fvb3	33343903	33344002	-0.295263158
Fvb3	33426803	33426902	0.482142857
Fvb3	33443803	33443902	-0.302020202
Fvb3	33478403	33478502	-0.300595238
Fvb3	33630503	33630602	-0.30388391
Fvb3	33880803	33880902	-0.287878788
Fvb3	33881403	33881502	-0.212638515
Fvb3	34218503	34218602	-0.320879121
Fvb3	34328403	34328502	-0.246705915
Fvb3	34470603	34470702	-0.279915352
Fvb3	34501003	34501102	0.428571429
Fvb3	34504203	34504302	-0.200061843
Fvb3	34527403	34527502	-0.337010599
Fvb3	34560003	34560102	-0.339537869
Fvb3	34617803	34617902	-0.331162064
Fvb3	34627603	34627702	-0.261398176
Fvb3	34834803	34834902	0.31419824
Fvb3	35312303	35312402	-0.240763396
Fvb3	35550403	35550502	0.342990343
Fvb3	35562003	35562102	-0.299744246
Fvb3	35650503	35650602	-0.392989691
Fvb3	35650703	35650802	-0.284583139
Fvb3	35697003	35697102	-0.249780509
Fvb3	35698703	35698802	-0.228149216
Fvb3	36097303	36097402	-0.270833333
Fvb3	36125703	36125802	0.250614251
Fvb3	36324903	36325002	0.270282963
Fvb3	36360803	36360902	-0.340108401
Fvb3	36607603	36607702	-0.288344988
Fvb3	36617203	36617302	-0.231164384
Fvb3	36625503	36625602	-0.203474275
Fvb3	36638603	36638702	-0.200341917
Fvb3	36659303	36659402	-0.219349722
Fvb3	37802503	37802602	-0.26441987
Fvb3	38056903	38057002	-0.47309833
Fvb3	38086603	38086702	-0.27892562
Fvb3	38103803	38103902	0.320930233
Fvb3	38128603	38128702	-0.350043466
Fvb3	38131703	38131802	-0.304761905
Fvb3	38150603	38150702	-0.334065934
Fvb3	38150703	38150802	-0.372919334
Fvb3	38155403	38155502	-0.478205128
Fvb3	38245103	38245202	-0.262368816
Fvb3	38282903	38283002	0.332907511
Fvb3	38283903	38284002	-0.218406593
Fvb3	38302403	38302502	-0.255917059
Fvb4	116403	116502	-0.348852901
Fvb4	141003	141102	-0.218441333
Fvb4	144403	144502	-0.34962406
Fvb4	192103	192202	-0.255157767
Fvb4	302303	302402	-0.291666667
Fvb4	522803	522902	0.311724433
Fvb4	539303	539402	-0.424568966
Fvb4	669503	669602	0.271270152
Fvb4	711703	711802	-0.352649573
Fvb4	726803	726902	-0.419642857
Fvb4	947903	948002	-0.275970149
Fvb4	1084703	1084802	-0.221009036
Fvb4	1184803	1184902	-0.3475
Fvb4	1217503	1217602	-0.293206793
Fvb4	1426003	1426102	0.560688406
Fvb4	1639603	1639702	-0.251547303
Fvb4	1666003	1666102	-0.3158344
Fvb4	1822203	1822302	-0.243604651
Fvb4	1871503	1871602	-0.37700387
Fvb4	1951203	1951302	-0.276746242
Fvb4	1952903	1953002	-0.212785114
Fvb4	2144403	2144502	-0.232339089
Fvb4	2235403	2235502	-0.228081059
Fvb4	2690803	2690902	-0.213726885
Fvb4	2694703	2694802	-0.215707965
Fvb4	2975303	2975402	-0.362068966
Fvb4	2980703	2980802	-0.335613682
Fvb4	3131403	3131502	-0.248945148
Fvb4	3141803	3141902	-0.28
Fvb4	3341603	3341702	0.203463203
Fvb4	3490503	3490602	0.481684982
Fvb4	3521703	3521802	-0.298319328
Fvb4	3608303	3608402	-0.218033573
Fvb4	3646803	3646902	0.25
Fvb4	3809203	3809302	-0.264785276
Fvb4	3853303	3853402	-0.228099174
Fvb4	3855103	3855202	0.403174603
Fvb4	3923703	3923802	0.305050505
Fvb4	3990903	3991002	0.208181903
Fvb4	3993603	3993702	-0.265789474
Fvb4	4116803	4116902	0.365217391
Fvb4	4151503	4151602	0.271889401
Fvb4	4256703	4256802	-0.376934985
Fvb4	4296703	4296802	-0.26338445
Fvb4	4476903	4477002	-0.496376812
Fvb4	4511503	4511602	-0.230596175
Fvb4	4544803	4544902	-0.214420063
Fvb4	4593503	4593602	0.30688172
Fvb4	4613603	4613702	-0.393861893
Fvb4	4903803	4903902	-0.273975045
Fvb4	5010303	5010402	-0.329586101
Fvb4	5036603	5036702	0.233457183
Fvb4	5052603	5052702	-0.230532213
Fvb4	5054403	5054502	-0.251149161
Fvb4	5092103	5092202	-0.212656205
Fvb4	5093903	5094002	-0.275206129
Fvb4	5099003	5099102	-0.229885057
Fvb4	5099703	5099802	-0.289882991
Fvb4	5186203	5186302	-0.206666667
Fvb4	5253103	5253202	-0.320872274
Fvb4	5353303	5353402	-0.250896616
Fvb4	5398303	5398402	-0.217407339
Fvb4	5431703	5431802	0.329268293
Fvb4	5509503	5509602	-0.428381963
Fvb4	5528503	5528602	-0.221896064
Fvb4	5680403	5680502	-0.226632522
Fvb4	5927403	5927502	-0.266957629
Fvb4	6187703	6187802	-0.239766082
Fvb4	6243603	6243702	-0.345679012
Fvb4	6253103	6253202	-0.510604454
Fvb4	6262603	6262702	-0.312698413
Fvb4	6354303	6354402	0.270186335
Fvb4	6592003	6592102	-0.262867647
Fvb4	6661403	6661502	-0.237781955
Fvb4	6741903	6742002	-0.280093608
Fvb4	6801103	6801202	-0.260102302
Fvb4	6931403	6931502	0.335046729
Fvb4	6937203	6937302	-0.32205029
Fvb4	6982003	6982102	-0.312340426
Fvb4	7003803	7003902	-0.206214689
Fvb4	7099003	7099102	-0.274937965
Fvb4	7106203	7106302	-0.304511278
Fvb4	7112403	7112502	0.315705128
Fvb4	7137803	7137902	-0.394219379
Fvb4	7148403	7148502	-0.229500891
Fvb4	7168203	7168302	-0.427272727
Fvb4	7187803	7187902	-0.208706468
Fvb4	7191603	7191702	-0.233608548
Fvb4	7257603	7257702	-0.372222222
Fvb4	7264003	7264102	-0.247316637
Fvb4	7462403	7462502	-0.268055556
Fvb4	7502803	7502902	-0.210606061
Fvb4	7505003	7505102	-0.325621622
Fvb4	7507403	7507502	-0.305004241
Fvb4	7521603	7521702	-0.364367816
Fvb4	7554903	7555002	-0.479166667
Fvb4	7565803	7565902	-0.220430108
Fvb4	7585303	7585402	-0.469642857
Fvb4	7585503	7585602	-0.51984127
Fvb4	7619803	7619902	-0.260877899
Fvb4	7717803	7717902	-0.298766816
Fvb4	7745503	7745602	-0.276034168
Fvb4	7763803	7763902	-0.265780731
Fvb4	7830803	7830902	-0.27054626
Fvb4	7935703	7935802	-0.286133529
Fvb4	8056403	8056502	-0.211921877
Fvb4	8062203	8062302	-0.410138249
Fvb4	8151703	8151802	-0.260793393
Fvb4	8159303	8159402	-0.294466403
Fvb4	8159703	8159802	-0.301007994
Fvb4	8214203	8214302	-0.429378531
Fvb4	8267903	8268002	-0.229166667
Fvb4	8269503	8269602	-0.312111801
Fvb4	8297603	8297702	-0.254723347
Fvb4	8332803	8332902	-0.243736578
Fvb4	8359503	8359602	0.227667215
Fvb4	8359603	8359702	0.20294394
Fvb4	8424703	8424802	-0.233620277
Fvb4	8458203	8458302	0.287317073
Fvb4	8545903	8546002	-0.244634366
Fvb4	8587103	8587202	0.212099474
Fvb4	8627203	8627302	-0.211362838
Fvb4	8631903	8632002	-0.20467516
Fvb4	8691803	8691902	-0.333333333
Fvb4	8695003	8695102	-0.267020336
Fvb4	8741203	8741302	-0.292626728
Fvb4	8755203	8755302	-0.325549451
Fvb4	8824903	8825002	-0.263953488
Fvb4	8835003	8835102	0.329591018
Fvb4	8840003	8840102	0.227396514
Fvb4	8893103	8893202	-0.328912467
Fvb4	8895003	8895102	0.271836007
Fvb4	8908103	8908202	-0.247888646
Fvb4	9043203	9043302	-0.316576087
Fvb4	9118103	9118202	-0.401315789
Fvb4	9209703	9209802	-0.295666356
Fvb4	9228503	9228602	-0.211807669
Fvb4	9346703	9346802	-0.311627907
Fvb4	9347703	9347802	-0.265394089
Fvb4	9368803	9368902	-0.302469136
Fvb4	9368903	9369002	-0.238333333
Fvb4	9390303	9390402	-0.212619239
Fvb4	9415003	9415102	-0.269004329
Fvb4	9420403	9420502	-0.259344262
Fvb4	9433503	9433602	-0.269230769
Fvb4	9440603	9440702	-0.248301509
Fvb4	9440803	9440902	-0.217777321
Fvb4	9457203	9457302	-0.207641196
Fvb4	9470703	9470802	-0.214822404
Fvb4	9592003	9592102	-0.222503726
Fvb4	9615303	9615402	0.253559103
Fvb4	9638003	9638102	0.230449004
Fvb4	9657603	9657702	-0.315043394
Fvb4	9715603	9715702	-0.323809524
Fvb4	9718103	9718202	-0.202784504
Fvb4	9721603	9721702	-0.230945822
Fvb4	9760903	9761002	-0.25132626
Fvb4	9767403	9767502	-0.220265781
Fvb4	9785603	9785702	-0.232163743
Fvb4	9791503	9791602	-0.254903819
Fvb4	9791603	9791702	-0.454248366
Fvb4	9835603	9835702	-0.353605016
Fvb4	9885203	9885302	-0.206666667
Fvb4	9991603	9991702	0.33625
Fvb4	10011803	10011902	-0.268796069
Fvb4	10032503	10032602	-0.272592593
Fvb4	10044303	10044402	-0.219076006
Fvb4	10061303	10061402	-0.445652174
Fvb4	10061703	10061802	-0.311231884
Fvb4	10112403	10112502	-0.229166667
Fvb4	10126803	10126902	-0.32910628
Fvb4	10171303	10171402	-0.214195504
Fvb4	10194403	10194502	-0.225229158
Fvb4	10259503	10259602	-0.278520499
Fvb4	10296403	10296502	-0.231601732
Fvb4	10302103	10302202	-0.36627907
Fvb4	10333303	10333402	-0.224941725
Fvb4	10339203	10339302	-0.25
Fvb4	10349103	10349202	-0.26211387
Fvb4	10351103	10351202	-0.279287091
Fvb4	10374003	10374102	-0.349703936
Fvb4	10426803	10426902	-0.206275241
Fvb4	10426903	10427002	-0.254253815
Fvb4	10491003	10491102	-0.269655621
Fvb4	10497003	10497102	-0.334057971
Fvb4	10505603	10505702	-0.242011278
Fvb4	10534103	10534202	-0.203872853
Fvb4	10568803	10568902	-0.262163561
Fvb4	10578603	10578702	-0.294718758
Fvb4	10601503	10601602	0.220716705
Fvb4	10614603	10614702	-0.277893278
Fvb4	10675103	10675202	-0.238636364
Fvb4	10716603	10716702	0.243664717
Fvb4	10753403	10753502	-0.238596491
Fvb4	10778403	10778502	-0.338028169
Fvb4	10782203	10782302	-0.288819876
Fvb4	10792103	10792202	-0.207531023
Fvb4	10808303	10808402	-0.252747253
Fvb4	11009403	11009502	-0.249732906
Fvb4	11027303	11027402	-0.35494403
Fvb4	11076503	11076602	-0.310631229
Fvb4	11105503	11105602	-0.26385837
Fvb4	11149503	11149602	-0.301724138
Fvb4	11186803	11186902	-0.264801865
Fvb4	11214203	11214302	-0.280500521
Fvb4	11287103	11287202	-0.300595238
Fvb4	11354403	11354502	-0.281609195
Fvb4	11390503	11390602	-0.262684124
Fvb4	11445303	11445402	-0.256037152
Fvb4	11561603	11561702	-0.206071605
Fvb4	11580903	11581002	-0.25
Fvb4	11581503	11581602	0.239322034
Fvb4	11601203	11601302	0.201212121
Fvb4	11672503	11672602	-0.580451128
Fvb4	11748703	11748802	-0.294195568
Fvb4	11795703	11795802	-0.246047431
Fvb4	11796703	11796802	-0.233716475
Fvb4	11818903	11819002	-0.444871795
Fvb4	11919603	11919702	-0.271794872
Fvb4	11973003	11973102	-0.281578947
Fvb4	11978503	11978602	-0.236923077
Fvb4	11978703	11978802	-0.200065062
Fvb4	12020903	12021002	-0.317939815
Fvb4	12021003	12021102	-0.396405149
Fvb4	12021103	12021202	-0.305417656
Fvb4	12029703	12029802	-0.251522997
Fvb4	12168903	12169002	-0.21780303
Fvb4	12238203	12238302	-0.208617747
Fvb4	12276303	12276402	-0.322485207
Fvb4	12291803	12291902	-0.273694391
Fvb4	12383103	12383202	-0.35
Fvb4	12432803	12432902	-0.208977046
Fvb4	12465603	12465702	-0.275
Fvb4	12496103	12496202	-0.228251689
Fvb4	12517403	12517502	-0.250733138
Fvb4	12526703	12526802	0.421052632
Fvb4	12531903	12532002	0.225308025
Fvb4	12572303	12572402	-0.311627907
Fvb4	12577803	12577902	-0.257314329
Fvb4	12580503	12580602	-0.283321015
Fvb4	12611803	12611902	-0.433441558
Fvb4	12618303	12618402	0.276315789
Fvb4	12670003	12670102	-0.248661417
Fvb4	12694803	12694902	-0.228645384
Fvb4	12713703	12713802	-0.4375
Fvb4	12756603	12756702	0.280993042
Fvb4	12847203	12847302	-0.263513514
Fvb4	12869903	12870002	-0.220018975
Fvb4	12870003	12870102	-0.331726978
Fvb4	13132503	13132602	-0.240530303
Fvb4	13172003	13172102	-0.253378378
Fvb4	13187203	13187302	0.27728923
Fvb4	13327803	13327902	-0.208974359
Fvb4	13354503	13354602	-0.320634921
Fvb4	13386203	13386302	-0.264576458
Fvb4	13407703	13407802	-0.212053571
Fvb4	13412903	13413002	-0.382488479
Fvb4	13425803	13425902	-0.260869565
Fvb4	13438503	13438602	0.237851662
Fvb4	13438803	13438902	-0.263746119
Fvb4	13461003	13461102	-0.27797619
Fvb4	13489203	13489302	-0.207631874
Fvb4	13528503	13528602	-0.277183099
Fvb4	13573703	13573802	-0.220521447
Fvb4	13578603	13578702	-0.290667808
Fvb4	13621803	13621902	-0.299050633
Fvb4	13670403	13670502	0.309090909
Fvb4	13675203	13675302	0.232323232
Fvb4	13695603	13695702	0.382575758
Fvb4	13698803	13698902	-0.326135852
Fvb4	13698903	13699002	-0.320747932
Fvb4	13704703	13704802	-0.205197133
Fvb4	13778403	13778502	-0.225085911
Fvb4	13805103	13805202	-0.252251638
Fvb4	13869403	13869502	-0.211517615
Fvb4	13890403	13890502	-0.231815933
Fvb4	13893203	13893302	-0.381676809
Fvb4	13943203	13943302	-0.220462983
Fvb4	14063403	14063502	-0.34375
Fvb4	14255103	14255202	-0.216653656
Fvb4	14255403	14255502	-0.320210728
Fvb4	14412203	14412302	-0.20237634
Fvb4	14670403	14670502	-0.329545455
Fvb4	14680203	14680302	-0.312660028
Fvb4	14692303	14692402	-0.261724138
Fvb4	14705803	14705902	-0.261031851
Fvb4	14781803	14781902	-0.228991597
Fvb4	14786303	14786402	-0.26459529
Fvb4	14795103	14795202	-0.445833333
Fvb4	14875003	14875102	-0.289717349
Fvb4	14885003	14885102	-0.316123188
Fvb4	14886703	14886802	-0.233116883
Fvb4	14897203	14897302	-0.206896552
Fvb4	14919003	14919102	0.318181818
Fvb4	14976703	14976802	-0.223479976
Fvb4	15116003	15116102	-0.247997402
Fvb4	15134703	15134802	-0.38996139
Fvb4	15137003	15137102	-0.209159042
Fvb4	15142203	15142302	-0.368707483
Fvb4	15150603	15150702	-0.400769231
Fvb4	15157403	15157502	0.263408442
Fvb4	15164103	15164202	-0.231612903
Fvb4	15334503	15334602	0.336254107
Fvb4	15447603	15447702	-0.384191176
Fvb4	15493703	15493802	-0.237804878
Fvb4	15760203	15760302	-0.413443247
Fvb4	15781103	15781202	0.204560314
Fvb4	15874303	15874402	-0.36935241
Fvb4	15885403	15885502	-0.201040613
Fvb4	16106803	16106902	-0.277272727
Fvb4	16147503	16147602	-0.346083789
Fvb4	16153903	16154002	-0.214712644
Fvb4	16217403	16217502	-0.284092726
Fvb4	16270603	16270702	-0.278412698
Fvb4	16482503	16482602	-0.492857143
Fvb4	16598803	16598902	-0.346153846
Fvb4	16680403	16680502	-0.222758621
Fvb4	16839403	16839502	-0.283950617
Fvb4	16852803	16852902	-0.346666667
Fvb4	16869903	16870002	-0.413265306
Fvb4	16896003	16896102	-0.203639179
Fvb4	16920603	16920702	-0.373040752
Fvb4	16925603	16925702	-0.232142857
Fvb4	16977303	16977402	0.256501182
Fvb4	17085303	17085402	-0.226514486
Fvb4	17184703	17184802	0.291797326
Fvb4	17184803	17184902	0.320489156
Fvb4	17373603	17373702	-0.282414307
Fvb4	17399703	17399802	-0.299370692
Fvb4	17420503	17420602	-0.211925466
Fvb4	17546203	17546302	-0.225414612
Fvb4	17617203	17617302	0.371709058
Fvb4	17641603	17641702	-0.321582258
Fvb4	17683903	17684002	-0.213517665
Fvb4	17697703	17697802	-0.310810811
Fvb4	17704303	17704402	-0.415219189
Fvb4	17708703	17708802	-0.280455154
Fvb4	17712903	17713002	-0.215924426
Fvb4	17736203	17736302	-0.205175983
Fvb4	17894703	17894802	-0.397435897
Fvb4	17944203	17944302	-0.402356902
Fvb4	18053903	18054002	-0.306650246
Fvb4	18188003	18188102	-0.21042471
Fvb4	18238003	18238102	-0.498359119
Fvb4	18238203	18238302	-0.371853547
Fvb4	18259803	18259902	-0.208125
Fvb4	18301803	18301902	0.353520709
Fvb4	18305703	18305802	-0.297483016
Fvb4	18309603	18309702	-0.234611954
Fvb4	18314103	18314202	0.282352941
Fvb4	18319503	18319602	-0.23015873
Fvb4	18368303	18368402	-0.232201714
Fvb4	18373303	18373402	0.402821317
Fvb4	18468503	18468602	-0.279509453
Fvb4	18470103	18470202	-0.30523338
Fvb4	18539203	18539302	-0.444444444
Fvb4	18875503	18875602	-0.207167832
Fvb4	18894003	18894102	-0.231907895
Fvb4	18975103	18975202	-0.36780608
Fvb4	19039503	19039602	0.318297872
Fvb4	19108303	19108402	-0.24281455
Fvb4	19142003	19142102	-0.266428571
Fvb4	19191303	19191402	0.266666667
Fvb4	19232203	19232302	-0.291969037
Fvb4	19310503	19310602	-0.327172717
Fvb4	19318503	19318602	0.315830721
Fvb4	19452903	19453002	-0.239635854
Fvb4	19581903	19582002	-0.213461538
Fvb4	19596803	19596902	-0.242435458
Fvb4	19634703	19634802	-0.255197133
Fvb4	19643303	19643402	-0.272229381
Fvb4	19733203	19733302	-0.200462881
Fvb4	19761403	19761502	-0.305619266
Fvb4	19847703	19847802	-0.25633232
Fvb4	19875503	19875602	-0.203774681
Fvb4	19944603	19944702	-0.317018072
Fvb4	19946903	19947002	-0.314423077
Fvb4	20007603	20007702	-0.25543089
Fvb4	20013403	20013502	-0.238916256
Fvb4	20021403	20021502	-0.218196457
Fvb4	20094103	20094202	-0.381256332
Fvb4	20290303	20290402	0.372296902
Fvb4	20323903	20324002	-0.243315508
Fvb4	20466703	20466802	-0.368486352
Fvb4	20615403	20615502	-0.495535714
Fvb4	20616103	20616202	-0.322916667
Fvb4	20638403	20638502	-0.249195249
Fvb4	20685803	20685902	-0.362373737
Fvb4	20690503	20690602	-0.227795734
Fvb4	20751803	20751902	-0.375
Fvb4	20756103	20756202	-0.352027283
Fvb4	21044803	21044902	-0.222972973
Fvb4	21060903	21061002	-0.400793651
Fvb4	21084903	21085002	-0.356763926
Fvb4	21194603	21194702	-0.304019457
Fvb4	21198003	21198102	-0.279047619
Fvb4	21205803	21205902	-0.26505404
Fvb4	21266603	21266702	-0.234338139
Fvb4	21307903	21308002	-0.355072464
Fvb4	21308903	21309002	-0.250640041
Fvb4	21362603	21362702	-0.419836957
Fvb4	21431603	21431702	-0.26776246
Fvb4	21439503	21439602	0.34368071
Fvb4	21534503	21534602	0.398268398
Fvb4	21649203	21649302	-0.252319109
Fvb4	21712303	21712402	-0.277232704
Fvb4	21713803	21713902	-0.401988636
Fvb4	21737703	21737802	-0.252224694
Fvb4	21747403	21747502	-0.214285714
Fvb4	21748103	21748202	0.229911817
Fvb4	21774403	21774502	-0.283677833
Fvb4	21808703	21808802	-0.313131313
Fvb4	21850903	21851002	0.417207792
Fvb4	22141703	22141802	-0.309210526
Fvb4	22145703	22145802	-0.210053066
Fvb4	22444403	22444502	-0.407807088
Fvb4	22504703	22504802	-0.246517028
Fvb4	22701903	22702002	-0.305228758
Fvb4	22728303	22728402	-0.200564573
Fvb4	22739003	22739102	-0.326239669
Fvb4	22747503	22747602	-0.25974026
Fvb4	22807003	22807102	-0.20952381
Fvb4	22910203	22910302	-0.228111814
Fvb4	22927503	22927602	-0.319749216
Fvb4	23130203	23130302	-0.332263815
Fvb4	23419403	23419502	-0.230636923
Fvb4	23419503	23419602	-0.237174096
Fvb4	23747403	23747502	-0.214285714
Fvb4	23785203	23785302	-0.475378788
Fvb4	23833103	23833202	-0.353308365
Fvb4	23930303	23930402	-0.321078431
Fvb4	24039603	24039702	-0.207602339
Fvb4	24153603	24153702	-0.299232737
Fvb4	24188703	24188802	-0.230625931
Fvb4	24278903	24279002	-0.262333966
Fvb4	24279003	24279102	-0.232142857
Fvb4	24508803	24508902	-0.431085044
Fvb4	24778703	24778802	-0.235854342
Fvb4	25306703	25306802	-0.31956397
Fvb4	26061703	26061802	-0.228701884
Fvb4	26064003	26064102	0.22745098
Fvb4	26186803	26186902	-0.334146341
Fvb4	26286603	26286702	-0.260869565
Fvb4	26333103	26333202	-0.28487395
Fvb4	26369403	26369502	-0.239110708
Fvb4	26414703	26414802	0.320793716
Fvb4	26567103	26567202	-0.242695289
Fvb4	26957203	26957302	0.238948171
Fvb4	26967003	26967102	-0.256965944
Fvb4	27317703	27317802	0.260616438
Fvb4	27388203	27388302	-0.256969697
Fvb4	27403803	27403902	-0.214240755
Fvb4	27732703	27732802	-0.249350649
Fvb4	27828303	27828402	-0.221171171
Fvb4	27838103	27838202	-0.221642656
Fvb4	27848003	27848102	-0.31981982
Fvb4	27858803	27858902	-0.351103565
Fvb4	28498603	28498702	-0.258436048
Fvb4	28561503	28561602	0.235885167
Fvb4	28853003	28853102	-0.457464876
Fvb4	29056003	29056102	-0.240915879
Fvb4	29288703	29288802	-0.238095238
Fvb4	29324903	29325002	0.317460317
Fvb4	29641903	29642002	-0.32445307
Fvb4	29642003	29642102	-0.323059361
Fvb4	29642703	29642802	-0.434210526
Fvb4	29705303	29705402	-0.285528877
Fvb4	29726603	29726702	-0.250133127
Fvb4	29730903	29731002	-0.249082905
Fvb4	29852303	29852402	-0.237836108
Fvb4	29858003	29858102	-0.239393939
Fvb4	30142903	30143002	-0.301290761
Fvb4	30268003	30268102	-0.25789813
Fvb4	30428803	30428902	-0.277777778
Fvb4	31062903	31063002	-0.237327189
Fvb4	31141103	31141202	-0.256565657
Fvb4	31272403	31272502	-0.234847458
Fvb4	31441803	31441902	-0.357487923
Fvb4	31703303	31703402	-0.434722222
Fvb4	31791003	31791102	0.224010731
Fvb4	31985403	31985502	-0.24045954
Fvb4	32121003	32121102	-0.203602849
Fvb4	32283403	32283502	-0.289975145
Fvb4	32307603	32307702	-0.282894737
Fvb4	32687403	32687502	-0.264110622
Fvb4	32694803	32694902	0.354327938
Fvb4	32704603	32704702	-0.299834437
Fvb4	32707103	32707202	-0.252545249
Fvb4	32710203	32710302	-0.343243243
Fvb4	32715203	32715302	-0.305471125
Fvb4	32924503	32924602	0.208255597
Fvb4	33342403	33342502	-0.251022495
Fvb4	33661203	33661302	0.465079365
Fvb4	33703203	33703302	-0.256223517
Fvb4	33757203	33757302	-0.248037425
Fvb4	33765403	33765502	0.314418605
Fvb4	33765803	33765902	-0.248435055
Fvb4	33874903	33875002	0.235174782
Fvb5	623403	623502	-0.331254331
Fvb5	623503	623602	-0.326510306
Fvb5	625503	625602	-0.230969551
Fvb5	626003	626102	-0.212417719
Fvb5	628603	628702	-0.334313725
Fvb5	631403	631502	-0.366565782
Fvb5	801203	801302	-0.322447447
Fvb5	904803	904902	-0.324514991
Fvb5	1010003	1010102	-0.399825784
Fvb5	1129903	1130002	-0.326898327
Fvb5	1210603	1210702	-0.251957932
Fvb5	1220603	1220702	-0.230444965
Fvb5	1479703	1479802	-0.200399848
Fvb5	1623403	1623502	-0.353707052
Fvb5	1938403	1938502	0.282738095
Fvb5	2039603	2039702	-0.219594595
Fvb5	2279903	2280002	-0.397266314
Fvb5	2317303	2317402	-0.383859649
Fvb5	2746003	2746102	0.322580645
Fvb5	2799303	2799402	-0.338028169
Fvb5	2800203	2800302	-0.263565891
Fvb5	2805403	2805502	-0.254292003
Fvb5	2812803	2812902	0.242876695
Fvb5	2820703	2820802	-0.407901235
Fvb5	2834103	2834202	-0.398268398
Fvb5	3026003	3026102	-0.21510989
Fvb5	3708103	3708202	0.28556754
Fvb5	3830503	3830602	-0.26781401
Fvb5	3897303	3897402	0.268877551
Fvb5	3926103	3926202	-0.244535121
Fvb5	4316903	4317002	-0.342391304
Fvb5	4337603	4337702	-0.214251208
Fvb5	4380603	4380702	-0.218515773
Fvb5	4457603	4457702	-0.23585102
Fvb5	4459903	4460002	0.306927374
Fvb5	4461003	4461102	-0.229406682
Fvb5	4483103	4483202	-0.251749814
Fvb5	4504503	4504602	-0.223982971
Fvb5	4649603	4649702	0.288043478
Fvb5	4650803	4650902	-0.203618421
Fvb5	5090203	5090302	-0.232544019
Fvb5	5122303	5122402	0.21197411
Fvb5	5145503	5145602	0.268041237
Fvb5	5146203	5146302	-0.345887655
Fvb5	5439703	5439802	0.379369139
Fvb5	5781703	5781802	0.245275182
Fvb5	5869703	5869802	0.374643875
Fvb5	5997403	5997502	-0.294807032
Fvb5	6010303	6010402	0.269932432
Fvb5	6130803	6130902	0.31816092
Fvb5	6189803	6189902	-0.369133192
Fvb5	6607803	6607902	0.356060606
Fvb5	6822403	6822502	0.245962733
Fvb5	6835003	6835102	0.415384615
Fvb5	6967303	6967402	-0.236842105
Fvb5	6995903	6996002	-0.21
Fvb5	6998403	6998502	-0.24981577
Fvb5	7121603	7121702	-0.223347708
Fvb5	7760303	7760402	-0.275877193
Fvb5	7899503	7899602	0.227536232
Fvb5	8263803	8263902	-0.303904924
Fvb5	8296503	8296602	-0.276653171
Fvb5	8789203	8789302	-0.262857143
Fvb5	8841103	8841202	-0.352123894
Fvb5	8892303	8892402	0.266373718
Fvb5	8897503	8897602	0.251515152
Fvb5	9118803	9118902	-0.307920537
Fvb5	9129903	9130002	-0.307351856
Fvb5	9390803	9390902	-0.252030984
Fvb5	9417103	9417202	-0.228959276
Fvb5	9764303	9764402	-0.409474367
Fvb5	9778303	9778402	0.202380952
Fvb5	9819103	9819202	-0.379370629
Fvb5	10255503	10255602	-0.322222222
Fvb5	10381503	10381602	0.258346582
Fvb5	10505203	10505302	-0.296183392
Fvb5	10576703	10576802	-0.212051282
Fvb5	10729803	10729902	-0.410105758
Fvb5	10989903	10990002	-0.274735389
Fvb5	11084703	11084802	-0.455555556
Fvb5	11273403	11273502	-0.276909531
Fvb5	11354603	11354702	-0.250859107
Fvb5	11568903	11569002	-0.307407407
Fvb5	11797303	11797402	0.39
Fvb5	11810803	11810902	0.334415584
Fvb5	11810903	11811002	0.449013158
Fvb5	11896103	11896202	-0.202186805
Fvb5	11896203	11896302	-0.369938229
Fvb5	11958103	11958202	0.226890756
Fvb5	12069203	12069302	-0.248792271
Fvb5	12086303	12086402	0.312944523
Fvb5	12233303	12233402	0.230769231
Fvb5	12351703	12351802	-0.3471654
Fvb5	12528603	12528702	0.222359736
Fvb5	12627403	12627502	0.234465508
Fvb5	12763303	12763402	-0.336722043
Fvb5	12786303	12786402	-0.262222222
Fvb5	12799003	12799102	-0.264485981
Fvb5	12936503	12936602	-0.263736264
Fvb5	12979303	12979402	-0.426351351
Fvb5	12983303	12983402	-0.395781638
Fvb5	13153003	13153102	-0.243055556
Fvb5	13176203	13176302	-0.258452987
Fvb5	13199303	13199402	0.2429001
Fvb5	13199803	13199902	-0.256895927
Fvb5	13227603	13227702	-0.265993907
Fvb5	13255003	13255102	-0.274326805
Fvb5	13266403	13266502	0.206243032
Fvb5	13273003	13273102	-0.300636267
Fvb5	13273703	13273802	-0.255111111
Fvb5	13421003	13421102	-0.241138763
Fvb5	13423403	13423502	-0.200647249
Fvb5	13487103	13487202	0.319444444
Fvb5	13527303	13527402	-0.419637639
Fvb5	13654303	13654402	-0.31969697
Fvb5	13858803	13858902	-0.319527811
Fvb5	13971203	13971302	-0.399331662
Fvb5	13972103	13972202	-0.276973027
Fvb5	13974903	13975002	-0.272496584
Fvb5	14072603	14072702	-0.253859348
Fvb5	14115903	14116002	-0.2455683
Fvb5	14297603	14297702	-0.309752747
Fvb5	14372803	14372902	-0.25584776
Fvb5	14506903	14507002	-0.363050483
Fvb5	14776003	14776102	-0.376190476
Fvb5	14777003	14777102	0.242741935
Fvb5	14798203	14798302	-0.30358505
Fvb5	14829103	14829202	-0.21969697
Fvb5	14843703	14843802	-0.269355888
Fvb5	14859103	14859202	-0.354444444
Fvb5	14891603	14891702	-0.411255411
Fvb5	14925903	14926002	0.464996568
Fvb5	15046603	15046702	-0.515644556
Fvb5	15063903	15064002	-0.359064327
Fvb5	15064003	15064102	-0.375523411
Fvb5	15075403	15075502	-0.250176118
Fvb5	15294603	15294702	-0.253722795
Fvb5	15324003	15324102	-0.204138841
Fvb5	15329403	15329502	-0.242304851
Fvb5	15414003	15414102	-0.397830018
Fvb5	15441403	15441502	-0.376161837
Fvb5	15451803	15451902	-0.281953161
Fvb5	15458803	15458902	-0.367433414
Fvb5	15468203	15468302	-0.260114778
Fvb5	15558603	15558702	-0.280272109
Fvb5	15574703	15574802	0.405172414
Fvb5	15587003	15587102	-0.21629902
Fvb5	15688703	15688802	-0.377177177
Fvb5	15710403	15710502	-0.21
Fvb5	15799203	15799302	-0.298978154
Fvb5	15799603	15799702	-0.30787037
Fvb5	15931503	15931602	0.411111111
Fvb5	15949103	15949202	-0.271372421
Fvb5	15973603	15973702	-0.457489879
Fvb5	15991003	15991102	0.360507246
Fvb5	16070603	16070702	0.334778013
Fvb5	16073003	16073102	-0.234243697
Fvb5	16236703	16236802	-0.285136816
Fvb5	16482003	16482102	-0.292022792
Fvb5	16651903	16652002	-0.404761905
Fvb5	16831903	16832002	0.230616865
Fvb5	16846703	16846802	-0.268292683
Fvb5	16861003	16861102	-0.212962963
Fvb5	16866403	16866502	-0.273964833
Fvb5	16957803	16957902	-0.311494253
Fvb5	16979803	16979902	0.310322746
Fvb5	17102003	17102102	-0.302884615
Fvb5	17207503	17207602	0.271428571
Fvb5	17220703	17220802	-0.206212252
Fvb5	17285303	17285402	0.245525727
Fvb5	17294003	17294102	-0.240469208
Fvb5	17301003	17301102	-0.437762238
Fvb5	17387303	17387402	-0.209587471
Fvb5	17461303	17461402	-0.295923042
Fvb5	17470803	17470902	-0.211298969
Fvb5	17583303	17583402	0.378884632
Fvb5	17594303	17594402	0.297491039
Fvb5	17653503	17653602	-0.226966292
Fvb5	17701703	17701802	-0.240512821
Fvb5	17741003	17741102	-0.22537792
Fvb5	17753503	17753602	-0.251941597
Fvb5	17756603	17756702	-0.279761905
Fvb5	17794503	17794602	-0.498327759
Fvb5	17827903	17828002	-0.246028986
Fvb5	17858503	17858602	-0.225437202
Fvb5	17860303	17860402	-0.284043442
Fvb5	17897703	17897802	-0.345297592
Fvb5	17967903	17968002	-0.318014706
Fvb5	18006303	18006402	0.352651722
Fvb5	18012203	18012302	-0.274764151
Fvb5	18057703	18057802	-0.323260073
Fvb5	18124703	18124802	-0.251515152
Fvb5	18163103	18163202	-0.443768997
Fvb5	18163203	18163302	-0.28510487
Fvb5	18163303	18163402	-0.520802005
Fvb5	18175803	18175902	0.30899705
Fvb5	18517403	18517502	-0.347222222
Fvb5	18623403	18623502	-0.266618705
Fvb5	18697403	18697502	-0.276515152
Fvb5	18930903	18931002	-0.252797893
Fvb5	19046603	19046702	-0.305642633
Fvb5	19065503	19065602	-0.362028302
Fvb5	19125803	19125902	-0.333333333
Fvb5	19163603	19163702	-0.234575202
Fvb5	19177803	19177902	0.391171477
Fvb5	19183003	19183102	0.291666667
Fvb5	19184703	19184802	-0.293636364
Fvb5	19222703	19222802	-0.461038961
Fvb5	19222903	19223002	-0.238596491
Fvb5	19223003	19223102	-0.278186275
Fvb5	19223103	19223202	-0.290095525
Fvb5	19230903	19231002	-0.347663326
Fvb5	19236403	19236502	-0.212643678
Fvb5	19246703	19246802	-0.363333333
Fvb5	19255903	19256002	-0.2
Fvb5	19297103	19297202	-0.219496855
Fvb5	19300003	19300102	-0.295112782
Fvb5	19300303	19300402	-0.461398667
Fvb5	19300403	19300502	-0.49302667
Fvb5	19300503	19300602	-0.298395021
Fvb5	19300903	19301002	-0.295031056
Fvb5	19301303	19301402	-0.214681886
Fvb5	19301403	19301502	-0.241666667
Fvb5	19301603	19301702	-0.300154321
Fvb5	19301903	19302002	-0.3713588
Fvb5	19302003	19302102	-0.345886845
Fvb5	19302203	19302302	-0.314962755
Fvb5	19302603	19302702	-0.415789474
Fvb5	19323303	19323402	-0.334749035
Fvb5	19391903	19392002	0.285947712
Fvb5	19466503	19466602	-0.294224924
Fvb5	19509603	19509702	-0.254348719
Fvb5	19519703	19519802	-0.364145658
Fvb5	19568903	19569002	-0.333066025
Fvb5	19597503	19597602	-0.245951417
Fvb5	19598603	19598702	-0.240458015
Fvb5	19600803	19600902	-0.247747748
Fvb5	19667403	19667502	0.266860465
Fvb5	19674403	19674502	0.366233766
Fvb5	19690803	19690902	-0.310918114
Fvb5	19690903	19691002	-0.333989071
Fvb5	19736303	19736402	-0.317102616
Fvb5	20095703	20095802	-0.35361552
Fvb5	20128603	20128702	-0.346153846
Fvb5	20435803	20435902	-0.226190476
Fvb5	20467503	20467602	-0.254560531
Fvb5	20494503	20494602	-0.214465688
Fvb5	20679903	20680002	-0.351934524
Fvb5	20703003	20703102	-0.292039801
Fvb5	20720303	20720402	-0.345454545
Fvb5	20784903	20785002	0.256043956
Fvb5	20799803	20799902	-0.302038369
Fvb5	20822503	20822602	-0.220368745
Fvb5	20884003	20884102	0.215789474
Fvb5	20900903	20901002	-0.2348659
Fvb5	21152203	21152302	-0.31989833
Fvb5	21278303	21278402	-0.433846154
Fvb5	21284503	21284602	-0.252525253
Fvb5	21299003	21299102	0.231666667
Fvb5	21505503	21505602	-0.212478778
Fvb5	21512803	21512902	-0.34137931
Fvb5	21513303	21513402	-0.25863284
Fvb5	21528303	21528402	0.25
Fvb5	21530803	21530902	-0.266530424
Fvb5	21530903	21531002	-0.281039136
Fvb5	21836203	21836302	-0.247594051
Fvb5	21860703	21860802	-0.202564103
Fvb5	21865703	21865802	-0.354861111
Fvb5	21878103	21878202	-0.389876881
Fvb5	21951503	21951602	-0.268115942
Fvb5	21972803	21972902	-0.226785714
Fvb5	22065203	22065302	-0.230081301
Fvb5	22074003	22074102	0.272262221
Fvb5	22082503	22082602	-0.381010495
Fvb5	22177503	22177602	-0.291509757
Fvb5	22177903	22178002	-0.232108317
Fvb5	22205903	22206002	0.237198068
Fvb5	22206303	22206402	-0.312204878
Fvb5	22206403	22206502	-0.247089947
Fvb5	22220203	22220302	-0.281609195
Fvb5	22223603	22223702	-0.312252964
Fvb5	22280403	22280502	-0.216008772
Fvb5	22308003	22308102	-0.320714424
Fvb5	22344603	22344702	0.360780065
Fvb5	22465503	22465602	-0.288823529
Fvb5	22485903	22486002	-0.205767623
Fvb5	22524803	22524902	-0.317059484
Fvb5	22591803	22591902	-0.299452222
Fvb5	22627703	22627802	-0.32464847
Fvb5	22631303	22631402	-0.213133641
Fvb5	22645503	22645602	-0.243157967
Fvb5	22715703	22715802	-0.221130221
Fvb5	22748603	22748702	-0.254104709
Fvb5	22749303	22749402	-0.483418367
Fvb5	22971603	22971702	-0.321036107
Fvb5	23084403	23084502	0.284210526
Fvb5	23353703	23353802	0.211352657
Fvb5	23394203	23394302	-0.224358974
Fvb5	23510703	23510802	-0.294444444
Fvb5	23568203	23568302	0.265522876
Fvb5	23585703	23585802	-0.337701613
Fvb5	23766303	23766402	-0.298305085
Fvb5	23828003	23828102	-0.242628993
Fvb5	23853903	23854002	-0.256417112
Fvb5	23856303	23856402	-0.306313758
Fvb5	23969103	23969202	0.433789954
Fvb5	24136003	24136102	-0.324561404
Fvb5	24207703	24207802	-0.335388064
Fvb5	24502603	24502702	-0.298915227
Fvb5	24623503	24623602	0.208180147
Fvb5	24875003	24875102	0.23307121
Fvb5	24879203	24879302	-0.292438844
Fvb5	24906303	24906402	-0.331355932
Fvb5	24998003	24998102	-0.273109244
Fvb5	25107203	25107302	-0.326713009
Fvb5	25201103	25201202	-0.262739323
Fvb5	25308303	25308402	-0.253021757
Fvb5	25708603	25708702	-0.291567852
Fvb5	25715203	25715302	0.252525253
Fvb5	25745103	25745202	-0.294876871
Fvb5	25834303	25834402	0.252532833
Fvb5	25943803	25943902	-0.292947203
Fvb5	26264703	26264802	-0.416715371
Fvb5	26267903	26268002	-0.38125
Fvb5	26360903	26361002	0.337104072
Fvb5	26361003	26361102	0.348139256
Fvb5	26361103	26361202	0.244964263
Fvb5	26361203	26361302	0.37809648
Fvb5	26421703	26421802	-0.257854821
Fvb5	26443603	26443702	0.330668605
Fvb5	26466503	26466602	-0.219645475
Fvb5	26539103	26539202	-0.361538462
Fvb5	26714103	26714202	-0.21183468
Fvb5	26856303	26856402	-0.301550388
Fvb5	26941603	26941702	-0.402857143
Fvb5	27168603	27168702	-0.304166667
Fvb5	27266403	27266502	-0.216146916
Fvb5	27329703	27329802	-0.322807018
Fvb5	27378803	27378902	-0.293859649
Fvb5	27506503	27506602	-0.364498645
Fvb5	27622003	27622102	-0.244472898
Fvb5	27765903	27766002	-0.286445013
Fvb5	27926303	27926402	-0.251803752
Fvb5	28089003	28089102	-0.556390977
Fvb5	28207603	28207702	-0.333333333
Fvb5	28248203	28248302	-0.264285714
Fvb5	28325403	28325502	-0.238017429
Fvb5	28823703	28823802	-0.235223881
Fvb5	28916703	28916802	-0.202714075
Fvb5	28973603	28973702	-0.21831854
Fvb5	28981203	28981302	-0.256467508
Fvb5	28997603	28997702	-0.203703704
Fvb5	29032903	29033002	-0.278860856
Fvb5	29211303	29211402	-0.2471702
Fvb5	29288203	29288302	-0.251276813
Fvb5	29322203	29322302	-0.380952381
Fvb5	29360203	29360302	-0.222222222
Fvb5	29364303	29364402	-0.259728507
Fvb5	29372103	29372202	-0.287234043
Fvb5	29372803	29372902	-0.393
Fvb5	29386703	29386802	-0.265519481
Fvb5	29386803	29386902	-0.285137354
Fvb6	36003	36102	-0.232096151
Fvb6	360603	360702	-0.246190476
Fvb6	427203	427302	-0.340265487
Fvb6	427603	427702	-0.225120773
Fvb6	430403	430502	-0.338770686
Fvb6	677703	677802	-0.348050459
Fvb6	938203	938302	0.228954672
Fvb6	1068603	1068702	-0.35
Fvb6	1074403	1074502	-0.215531988
Fvb6	1075303	1075402	0.310119048
Fvb6	1103503	1103602	-0.264511745
Fvb6	1163703	1163802	-0.258658009
Fvb6	1316803	1316902	-0.262065637
Fvb6	1375803	1375902	-0.487956488
Fvb6	1384103	1384202	-0.309218993
Fvb6	1384203	1384302	-0.231518997
Fvb6	1460703	1460802	-0.254974359
Fvb6	1470403	1470502	-0.385727191
Fvb6	2151703	2151802	-0.27462845
Fvb6	2152303	2152402	0.375565611
Fvb6	2211403	2211502	0.392857143
Fvb6	2306303	2306402	-0.261116965
Fvb6	2331803	2331902	-0.324834268
Fvb6	2369603	2369702	-0.300275482
Fvb6	2391303	2391402	-0.28568724
Fvb6	2540903	2541002	-0.341954023
Fvb6	2550803	2550902	-0.273892234
Fvb6	3154603	3154702	-0.276636714
Fvb6	3156103	3156202	-0.358139535
Fvb6	3156203	3156302	-0.308945066
Fvb6	3158203	3158302	-0.28377193
Fvb6	3170303	3170402	-0.319254658
Fvb6	3468903	3469002	-0.244526902
Fvb6	3625203	3625302	-0.328571429
Fvb6	3704203	3704302	0.253872633
Fvb6	3746503	3746602	0.265044479
Fvb6	3757603	3757702	-0.437014925
Fvb6	3935503	3935602	-0.344951923
Fvb6	3951403	3951502	-0.362193362
Fvb6	3993403	3993502	-0.409375
Fvb6	4057303	4057402	-0.239994966
Fvb6	4066203	4066302	-0.215811966
Fvb6	4084203	4084302	-0.253819323
Fvb6	4127703	4127802	-0.343589744
Fvb6	4165703	4165802	0.220801364
Fvb6	4182303	4182402	0.330128205
Fvb6	4391703	4391802	-0.292269439
Fvb6	4393803	4393902	0.366549296
Fvb6	4504403	4504502	-0.211901306
Fvb6	4512003	4512102	-0.306918239
Fvb6	4803603	4803702	0.235510204
Fvb6	4951003	4951102	0.256243629
Fvb6	5133803	5133902	0.252007558
Fvb6	5288903	5289002	0.37793177
Fvb6	5325503	5325602	-0.393157895
Fvb6	5338703	5338802	-0.328086164
Fvb6	5341203	5341302	-0.307936508
Fvb6	5456503	5456602	-0.312068966
Fvb6	5509603	5509702	-0.31216229
Fvb6	5598603	5598702	0.253638254
Fvb6	5728103	5728202	-0.233138402
Fvb6	5785603	5785702	-0.207142857
Fvb6	5889403	5889502	0.321428571
Fvb6	5969303	5969402	-0.334362934
Fvb6	6145503	6145602	0.294525295
Fvb6	6394903	6395002	-0.281032771
Fvb6	6395203	6395302	-0.254264392
Fvb6	6418303	6418402	-0.344400114
Fvb6	6715503	6715602	-0.391666667
Fvb6	6765503	6765602	-0.391452991
Fvb6	6767803	6767902	-0.218743205
Fvb6	6872003	6872102	0.301956637
Fvb6	7228003	7228102	-0.381449631
Fvb6	7425303	7425402	-0.276975361
Fvb6	7463103	7463202	-0.253488372
Fvb6	7479603	7479702	-0.241467305
Fvb6	7547803	7547902	-0.259085213
Fvb6	7601803	7601902	-0.250071043
Fvb6	7720003	7720102	0.2
Fvb6	7822903	7823002	-0.327019431
Fvb6	7892703	7892802	-0.208104396
Fvb6	7995003	7995102	0.21573242
Fvb6	8139203	8139302	-0.358054226
Fvb6	8303603	8303702	-0.361147327
Fvb6	8324503	8324602	0.240886609
Fvb6	8376903	8377002	0.217948718
Fvb6	8514403	8514502	-0.278846154
Fvb6	8703503	8703602	-0.297134238
Fvb6	8948003	8948102	-0.385927505
Fvb6	8974503	8974602	-0.238492431
Fvb6	9008003	9008102	-0.239058355
Fvb6	9301803	9301902	-0.201158235
Fvb6	9374303	9374402	0.416666667
Fvb6	9661203	9661302	-0.301349325
Fvb6	9830003	9830102	-0.216219821
Fvb6	9833003	9833102	-0.304695305
Fvb6	9897803	9897902	-0.304059652
Fvb6	10338103	10338202	-0.21037296
Fvb6	10500003	10500102	-0.277808219
Fvb6	10648203	10648302	-0.330188679
Fvb6	10827503	10827602	-0.36974359
Fvb6	10855403	10855502	-0.256726176
Fvb6	10992403	10992502	-0.392857143
Fvb6	11027603	11027702	-0.371969697
Fvb6	11103503	11103602	-0.283917581
Fvb6	11119803	11119902	-0.319817134
Fvb6	11179603	11179702	-0.422619048
Fvb6	11244503	11244602	-0.222328244
Fvb6	11255003	11255102	-0.264367816
Fvb6	11382703	11382802	-0.268619144
Fvb6	11514103	11514202	-0.319036697
Fvb6	11548903	11549002	-0.326876513
Fvb6	11559603	11559702	-0.44047619
Fvb6	11575703	11575802	-0.315845257
Fvb6	11585203	11585302	-0.34569378
Fvb6	11861103	11861202	-0.217032967
Fvb6	11870903	11871002	0.435173299
Fvb6	11909903	11910002	-0.269034946
Fvb6	11913703	11913802	0.227558605
Fvb6	11915503	11915602	-0.209064327
Fvb6	11935903	11936002	-0.479651163
Fvb6	12037503	12037602	-0.281406088
Fvb6	12189703	12189802	-0.23245065
Fvb6	12521003	12521102	0.266053454
Fvb6	12541603	12541702	-0.397525677
Fvb6	12771003	12771102	-0.270015699
Fvb6	12822703	12822802	-0.227421384
Fvb6	12901303	12901402	-0.340405469
Fvb6	12934503	12934602	-0.213762428
Fvb6	12963503	12963602	-0.381486676
Fvb6	13164403	13164502	0.25952381
Fvb6	13203103	13203202	-0.252252252
Fvb6	13204003	13204102	-0.247914581
Fvb6	13211103	13211202	-0.220910973
Fvb6	13540203	13540302	-0.327091136
Fvb6	13541903	13542002	0.344155844
Fvb6	13676403	13676502	-0.236945813
Fvb6	13678603	13678702	-0.213243167
Fvb6	13683003	13683102	-0.26988266
Fvb6	13750603	13750702	-0.274242424
Fvb6	13753703	13753802	-0.278644842
Fvb6	13803703	13803802	-0.224466891
Fvb6	13816403	13816502	-0.232163406
Fvb6	13828803	13828902	-0.257708237
Fvb6	13942203	13942302	-0.200997862
Fvb6	14041803	14041902	-0.394021739
Fvb6	14140203	14140302	-0.236905479
Fvb6	14184103	14184202	-0.318764569
Fvb6	14202203	14202302	-0.373773417
Fvb6	14278003	14278102	0.342592593
Fvb6	14280203	14280302	-0.203503318
Fvb6	14365403	14365502	0.290410959
Fvb6	14401703	14401802	-0.381318681
Fvb6	14487903	14488002	-0.216666667
Fvb6	14509803	14509902	-0.279042518
Fvb6	14585203	14585302	-0.210582011
Fvb6	14585303	14585402	-0.280292315
Fvb6	14607703	14607802	-0.325877193
Fvb6	14640703	14640802	-0.246052632
Fvb6	14830203	14830302	-0.279821628
Fvb6	14836703	14836802	-0.276328502
Fvb6	14844503	14844602	0.220880069
Fvb6	14963103	14963202	-0.248600224
Fvb6	15153703	15153802	-0.266968326
Fvb6	15300603	15300702	-0.393008475
Fvb6	15389103	15389202	0.28627451
Fvb6	15494303	15494402	-0.25
Fvb6	15499403	15499502	-0.283687943
Fvb6	15819903	15820002	0.277823241
Fvb6	15890303	15890402	-0.239498433
Fvb6	15906303	15906402	-0.245464853
Fvb6	15931603	15931702	-0.263247863
Fvb6	16082603	16082702	-0.22090174
Fvb6	16367203	16367302	0.232534805
Fvb6	16461403	16461502	-0.393939394
Fvb6	16650003	16650102	0.247983871
Fvb6	16733703	16733802	-0.290243902
Fvb6	16764103	16764202	-0.247686891
Fvb6	16785503	16785602	-0.258497317
Fvb6	16790603	16790702	-0.214594128
Fvb6	16843703	16843802	-0.241654572
Fvb6	16851103	16851202	-0.247222222
Fvb6	16874003	16874102	-0.349137931
Fvb6	16880103	16880202	-0.206349206
Fvb6	16896503	16896602	-0.230419162
Fvb6	16936903	16937002	-0.203481393
Fvb6	16968503	16968602	-0.253894928
Fvb6	17006903	17007002	-0.290775401
Fvb6	17269703	17269802	-0.283358321
Fvb6	17291803	17291902	0.229384437
Fvb6	17576503	17576602	-0.279461279
Fvb6	17577403	17577502	0.261538462
Fvb6	17629703	17629802	-0.201846657
Fvb6	17645903	17646002	-0.277200277
Fvb6	17728703	17728802	-0.268944099
Fvb6	17760703	17760802	-0.213565891
Fvb6	17842703	17842802	-0.281669151
Fvb6	17863603	17863702	-0.22781597
Fvb6	17879403	17879502	-0.37037037
Fvb6	17906703	17906802	-0.319047619
Fvb6	17906803	17906902	-0.316188198
Fvb6	17958403	17958502	-0.21908046
Fvb6	17983703	17983802	-0.249115983
Fvb6	18004103	18004202	-0.212912088
Fvb6	18020003	18020102	0.31524688
Fvb6	18071203	18071302	-0.295196978
Fvb6	18124503	18124602	-0.245424733
Fvb6	18145903	18146002	-0.205605787
Fvb6	18214303	18214402	-0.549019608
Fvb6	18353203	18353302	-0.36
Fvb6	18381503	18381602	-0.332107843
Fvb6	18409703	18409802	-0.229123533
Fvb6	18426703	18426802	-0.242545616
Fvb6	18474203	18474302	-0.220574163
Fvb6	18519203	18519302	-0.206250397
Fvb6	18523003	18523102	-0.232950192
Fvb6	18815203	18815302	-0.302165354
Fvb6	19015503	19015602	-0.206896552
Fvb6	19028503	19028602	-0.27638032
Fvb6	19037403	19037502	-0.316666667
Fvb6	19050503	19050602	-0.284795322
Fvb6	19093603	19093702	-0.377717391
Fvb6	19166603	19166702	-0.231589147
Fvb6	19218503	19218602	-0.240506329
Fvb6	19383103	19383202	-0.4025
Fvb6	19385803	19385902	-0.220757938
Fvb6	19394203	19394302	-0.286923077
Fvb6	19415603	19415702	-0.215564641
Fvb6	19471003	19471102	-0.380597015
Fvb6	19472703	19472802	0.200581395
Fvb6	19477103	19477202	-0.305282842
Fvb6	19482303	19482402	-0.200312989
Fvb6	19492203	19492302	-0.363409003
Fvb6	19492303	19492402	-0.388582516
Fvb6	19651903	19652002	-0.207424416
Fvb6	19655203	19655302	-0.39791259
Fvb6	19655403	19655502	-0.351307847
Fvb6	19669703	19669802	-0.224846988
Fvb6	19669803	19669902	-0.207584351
Fvb6	19670703	19670802	-0.350293542
Fvb6	19671803	19671902	-0.344765703
Fvb6	19672903	19673002	-0.221510297
Fvb6	19673903	19674002	-0.210326166
Fvb6	19675803	19675902	-0.362132353
Fvb6	19676003	19676102	-0.280224653
Fvb6	19693403	19693502	-0.21537315
Fvb6	19720103	19720202	-0.380952381
Fvb6	19720303	19720402	-0.287111801
Fvb6	19732903	19733002	-0.357105943
Fvb6	19733003	19733102	-0.421004287
Fvb6	19733103	19733202	-0.297897196
Fvb6	19738903	19739002	-0.203859296
Fvb6	19763203	19763302	-0.224738676
Fvb6	19763303	19763402	-0.26645768
Fvb6	19784603	19784702	-0.230160175
Fvb6	19786603	19786702	-0.335522201
Fvb6	19786703	19786802	-0.425504229
Fvb6	19788803	19788902	-0.368372093
Fvb6	19790403	19790502	-0.362470862
Fvb6	19791703	19791802	-0.31029987
Fvb6	19791903	19792002	-0.281732419
Fvb6	19793303	19793402	-0.242236025
Fvb6	19793803	19793902	-0.286031042
Fvb6	19802903	19803002	0.235805861
Fvb6	19844503	19844602	-0.223860036
Fvb6	19847203	19847302	-0.215899403
Fvb6	19847803	19847902	-0.333333333
Fvb6	19849503	19849602	-0.33378933
Fvb6	19851803	19851902	-0.240503324
Fvb6	19856503	19856602	0.31
Fvb6	19857303	19857402	-0.296517042
Fvb6	19867003	19867102	-0.228506048
Fvb6	19894503	19894602	0.352583587
Fvb6	19895603	19895702	-0.296875
Fvb6	19897303	19897402	0.24875
Fvb6	19955403	19955502	-0.241917187
Fvb6	19993203	19993302	-0.28932485
Fvb6	20117003	20117102	0.438596491
Fvb6	20160103	20160202	-0.280512821
Fvb6	20169903	20170002	-0.24825784
Fvb6	20305403	20305502	-0.266177922
Fvb6	20328203	20328302	-0.313844086
Fvb6	20329603	20329702	-0.293569176
Fvb6	20367803	20367902	-0.277777778
Fvb6	20510303	20510402	-0.395926478
Fvb6	20667103	20667202	-0.320779221
Fvb6	20700603	20700702	-0.22962963
Fvb6	20937403	20937502	-0.30148353
Fvb6	20955803	20955902	-0.447368421
Fvb6	20979803	20979902	-0.268817204
Fvb6	21214603	21214702	-0.205997001
Fvb6	21291303	21291402	0.264081493
Fvb6	21336303	21336402	-0.399782135
Fvb6	21537203	21537302	0.475961538
Fvb6	21561603	21561702	-0.251648352
Fvb6	21656203	21656302	-0.246091569
Fvb6	21660903	21661002	-0.361861862
Fvb6	21764303	21764402	-0.200476294
Fvb6	21788203	21788302	-0.203375216
Fvb6	21829003	21829102	-0.270655271
Fvb6	21881503	21881602	-0.21043771
Fvb6	21971303	21971402	-0.365384615
Fvb6	22129303	22129402	-0.351612903
Fvb6	22268103	22268202	-0.30401126
Fvb6	22294403	22294502	-0.37184265
Fvb6	22301803	22301902	-0.265266106
Fvb6	22321403	22321502	-0.33125
Fvb6	22346403	22346502	-0.266018307
Fvb6	22420003	22420102	-0.268876051
Fvb6	22460603	22460702	-0.316301703
Fvb6	22460803	22460902	-0.336134454
Fvb6	22610103	22610202	-0.261054422
Fvb6	22942603	22942702	-0.210377768
Fvb6	23025203	23025302	0.321884498
Fvb6	23070903	23071002	-0.345533769
Fvb6	23479303	23479402	0.416666667
Fvb6	23509903	23510002	-0.224736842
Fvb6	23533403	23533502	-0.22854512
Fvb6	23535603	23535702	-0.235279923
Fvb6	23597103	23597202	-0.310211268
Fvb6	23737803	23737902	-0.311589983
Fvb6	23795003	23795102	-0.207306712
Fvb6	23859603	23859702	0.230728336
Fvb6	23888303	23888402	-0.271141336
Fvb6	24025803	24025902	-0.233034571
Fvb6	24059403	24059502	-0.466176471
Fvb6	24059503	24059602	-0.321006635
Fvb6	24115003	24115102	-0.270952293
Fvb6	24148603	24148702	-0.2502074
Fvb6	24219403	24219502	-0.342857143
Fvb6	24457903	24458002	-0.276136364
Fvb6	24497203	24497302	-0.253966575
Fvb6	24655903	24656002	-0.223809524
Fvb6	24833503	24833602	-0.227587666
Fvb6	24861403	24861502	-0.45952381
Fvb6	24868703	24868802	-0.2062191
Fvb6	25001103	25001202	0.334210526
Fvb6	25031703	25031802	-0.291990291
Fvb6	25529003	25529102	0.253488372
Fvb6	25827403	25827502	-0.362575453
Fvb6	25845503	25845602	-0.231395349
Fvb6	25895203	25895302	-0.225424982
Fvb6	26031603	26031702	-0.258394758
Fvb6	26053403	26053502	-0.328947368
Fvb6	26141903	26142002	-0.331089351
Fvb6	26147003	26147102	-0.459064327
Fvb6	26151203	26151302	-0.249425947
Fvb6	26151603	26151702	-0.413875598
Fvb6	26176603	26176702	-0.22653806
Fvb6	26280403	26280502	-0.228610143
Fvb6	26284503	26284602	0.230128205
Fvb6	26317603	26317702	-0.285803627
Fvb6	26378003	26378102	-0.20582878
Fvb6	26428803	26428902	-0.202020202
Fvb6	26429903	26430002	-0.20508167
Fvb6	26675903	26676002	0.208702065
Fvb6	26787503	26787602	-0.250764526
Fvb6	26946503	26946602	0.222222222
Fvb6	26992103	26992202	-0.285714286
Fvb6	27012403	27012502	-0.305418719
Fvb6	27147403	27147502	0.252511353
Fvb6	27147503	27147602	0.390088594
Fvb6	27178903	27179002	-0.317230274
Fvb6	27179703	27179802	-0.259518072
Fvb6	27238703	27238802	-0.211767399
Fvb6	27252703	27252802	-0.315223881
Fvb6	27345403	27345502	-0.363266492
Fvb6	27371103	27371202	-0.277777778
Fvb6	27502003	27502102	-0.318831169
Fvb6	27616603	27616702	-0.274500907
Fvb6	27775503	27775602	-0.271167048
Fvb6	27998303	27998402	-0.258974359
Fvb6	28014503	28014602	-0.220707443
Fvb6	28160103	28160202	0.308566434
Fvb6	28317203	28317302	-0.274038462
Fvb6	28353903	28354002	-0.201477833
Fvb6	28495003	28495102	0.200204451
Fvb6	28509203	28509302	-0.211195929
Fvb6	28535703	28535802	-0.326666667
Fvb6	28536003	28536102	-0.474426808
Fvb6	28773903	28774002	-0.2054763
Fvb6	28791603	28791702	-0.330882353
Fvb6	28833403	28833502	-0.391666667
Fvb6	28879403	28879502	-0.340350877
Fvb6	29022803	29022902	-0.257446809
Fvb6	29100403	29100502	-0.203571429
Fvb6	29261503	29261602	0.311215753
Fvb6	29289403	29289502	-0.293939394
Fvb6	29304503	29304602	-0.239772519
Fvb6	29381503	29381602	-0.440555556
Fvb6	29421603	29421702	-0.230769231
Fvb6	29424603	29424702	-0.332010582
Fvb6	29453803	29453902	-0.285962625
Fvb6	29668803	29668902	-0.220301284
Fvb6	29802203	29802302	-0.356211004
Fvb6	29900403	29900502	-0.278538813
Fvb6	29902903	29903002	-0.252252252
Fvb6	30183203	30183302	-0.527173913
Fvb6	30184303	30184402	0.242482595
Fvb6	30216203	30216302	-0.214117647
Fvb6	30337903	30338002	-0.380475594
Fvb6	30377703	30377802	-0.292928112
Fvb6	30381303	30381402	-0.257118353
Fvb6	30411303	30411402	0.332622601
Fvb6	30455903	30456002	-0.302185792
Fvb6	30458703	30458802	-0.21627543
Fvb6	30460803	30460902	-0.21557146
Fvb6	30516603	30516702	-0.30952381
Fvb6	31095003	31095102	-0.309152647
Fvb6	31112803	31112902	-0.219261054
Fvb6	31134403	31134502	-0.326792453
Fvb6	31134603	31134702	-0.312698413
Fvb6	31175003	31175102	-0.239818182
Fvb6	31312903	31313002	-0.344871795
Fvb6	31314203	31314302	-0.404960981
Fvb6	31314303	31314402	-0.204781091
Fvb6	31336803	31336902	-0.232836189
Fvb6	31337103	31337202	-0.495555556
Fvb6	31485903	31486002	-0.286714584
Fvb6	31570603	31570702	-0.313492063
Fvb6	31614703	31614802	-0.298701299
Fvb6	31633503	31633602	-0.287761258
Fvb6	31862603	31862702	-0.273148148
Fvb6	31865603	31865702	-0.312857143
Fvb6	32065903	32066002	-0.224583728
Fvb6	32076503	32076602	-0.333247688
Fvb6	32255503	32255602	-0.204041023
Fvb6	32270003	32270102	-0.264150943
Fvb6	32996403	32996502	-0.366124661
Fvb6	33323803	33323902	0.378749308
Fvb6	33332703	33332802	-0.349206349
Fvb6	33516003	33516102	-0.280898876
Fvb6	33632203	33632302	-0.318018018
Fvb6	33789803	33789902	-0.430282999
Fvb6	33885403	33885502	-0.272696212
Fvb6	34061003	34061102	0.213006655
Fvb6	34358503	34358602	-0.246778711
Fvb6	34369903	34370002	-0.278301887
Fvb6	34463703	34463802	-0.381212121
Fvb6	34506003	34506102	-0.212962963
Fvb6	35060103	35060202	-0.275437202
Fvb6	35121703	35121802	-0.270334928
Fvb6	35155603	35155702	-0.221842812
Fvb6	35443903	35444002	-0.272363946
Fvb6	35523103	35523202	-0.218487395
Fvb6	35802203	35802302	-0.20609319
Fvb6	35830203	35830302	-0.213971397
Fvb6	35835303	35835402	-0.20058813
Fvb6	35837803	35837902	-0.216158373
Fvb6	36361203	36361302	-0.295795796
Fvb6	36515903	36516002	-0.213671819
Fvb6	36549103	36549202	-0.29375
Fvb6	36690903	36691002	-0.208983452
Fvb6	36749303	36749402	-0.362724014
Fvb6	36834703	36834802	0.276455026
Fvb6	37077503	37077602	0.373660714
Fvb6	37284703	37284802	0.205721814
Fvb6	37285003	37285102	0.262293144
Fvb6	37491403	37491502	-0.221243334
Fvb6	37549703	37549802	-0.254914005
Fvb6	37551203	37551302	-0.41349843
Fvb6	37553903	37554002	-0.328331333
Fvb6	37554003	37554102	-0.241566562
Fvb6	37557903	37558002	-0.259711432
Fvb6	37558003	37558102	-0.24835343
Fvb6	37690503	37690602	-0.358935743
Fvb6	38217103	38217202	-0.422614274
Fvb6	38364403	38364502	-0.242424242
Fvb6	38815003	38815102	-0.484705882
Fvb6	38878303	38878402	-0.218865345
Fvb6	39132003	39132102	-0.390909091
Fvb6	39168103	39168202	-0.283333333
Fvb6	39171003	39171102	-0.258305648
Fvb6	39375303	39375402	-0.279255319
Fvb6	39580803	39580902	-0.271344262
Fvb6	39605803	39605902	-0.460700758
Fvb7	625502	625601	-0.255060729
Fvb7	629102	629201	-0.200413223
Fvb7	650102	650201	-0.250967742
Fvb7	774302	774401	0.449579832
Fvb7	810902	811001	-0.428571429
Fvb7	833602	833701	-0.222283432
Fvb7	883702	883801	0.240597186
Fvb7	915002	915101	-0.353603604
Fvb7	940802	940901	-0.2261994
Fvb7	941102	941201	-0.407051282
Fvb7	952002	952101	-0.272660007
Fvb7	1021502	1021601	-0.230259671
Fvb7	1042602	1042701	-0.259646465
Fvb7	1042702	1042801	-0.227499925
Fvb7	1111202	1111301	-0.300986842
Fvb7	1141902	1142001	-0.293370641
Fvb7	1153502	1153601	-0.214285714
Fvb7	1386002	1386101	-0.360119048
Fvb7	1479302	1479401	-0.296689371
Fvb7	1553502	1553601	-0.271284271
Fvb7	1568902	1569001	0.230280749
Fvb7	1608202	1608301	-0.304487179
Fvb7	1723202	1723301	-0.248906995
Fvb7	1733802	1733901	-0.228413028
Fvb7	1772002	1772101	-0.326666667
Fvb7	2070402	2070501	-0.403846154
Fvb7	2255802	2255901	0.375396825
Fvb7	2291802	2291901	-0.301646863
Fvb7	2349402	2349501	-0.214285714
Fvb7	2350202	2350301	-0.20748397
Fvb7	2418002	2418101	-0.293665158
Fvb7	2437102	2437201	-0.226666667
Fvb7	2507702	2507801	0.331140351
Fvb7	2543502	2543601	-0.382943144
Fvb7	2663602	2663701	-0.290276993
Fvb7	2722802	2722901	-0.314265156
Fvb7	2749502	2749601	0.29381161
Fvb7	2763802	2763901	-0.376375642
Fvb7	2822902	2823001	-0.260576923
Fvb7	3211102	3211201	-0.201883702
Fvb7	3218402	3218501	-0.243727599
Fvb7	3327002	3327101	-0.31133429
Fvb7	3355902	3356001	-0.359375
Fvb7	3437902	3438001	-0.455128205
Fvb7	3608502	3608601	0.20890411
Fvb7	3728902	3729001	-0.209575487
Fvb7	3769102	3769201	-0.293067663
Fvb7	3769702	3769801	-0.209281046
Fvb7	3779702	3779801	-0.219376026
Fvb7	3833202	3833301	-0.386867791
Fvb7	3857302	3857401	-0.281609195
Fvb7	3901202	3901301	-0.317604356
Fvb7	3909402	3909501	-0.256480971
Fvb7	4015202	4015301	-0.371675532
Fvb7	4030402	4030501	-0.29538131
Fvb7	4163602	4163701	-0.409149485
Fvb7	4175802	4175901	-0.203674541
Fvb7	4307302	4307401	-0.221892393
Fvb7	4435902	4436001	-0.301198541
Fvb7	4460702	4460801	-0.275193798
Fvb7	4462802	4462901	0.39640592
Fvb7	4529902	4530001	-0.242153846
Fvb7	4561902	4562001	-0.482352941
Fvb7	4656602	4656701	-0.20582878
Fvb7	4682702	4682801	-0.412280702
Fvb7	4794802	4794901	0.236591479
Fvb7	4932402	4932501	-0.247368421
Fvb7	5131802	5131901	-0.245811157
Fvb7	5580502	5580601	0.255555556
Fvb7	5632502	5632601	-0.361111111
Fvb7	5706802	5706901	0.202405498
Fvb7	5748802	5748901	0.228562218
Fvb7	5781902	5782001	-0.212115564
Fvb7	5832602	5832701	-0.328523862
Fvb7	5832702	5832801	-0.345616024
Fvb7	5869702	5869801	-0.238176034
Fvb7	5870702	5870801	-0.23426009
Fvb7	5895702	5895801	-0.263546798
Fvb7	5895802	5895901	-0.2867884
Fvb7	5896602	5896701	-0.279738038
Fvb7	6010502	6010601	-0.430147059
Fvb7	6011002	6011101	-0.277894737
Fvb7	6011902	6012001	-0.326258338
Fvb7	6015802	6015901	-0.383764833
Fvb7	6016202	6016301	-0.317948718
Fvb7	6016302	6016401	-0.276214834
Fvb7	6019302	6019401	-0.299968374
Fvb7	6107902	6108001	-0.269785963
Fvb7	6114102	6114201	-0.381410256
Fvb7	6117602	6117701	-0.247388133
Fvb7	6117702	6117801	-0.378771196
Fvb7	6172602	6172701	-0.254995005
Fvb7	6222502	6222601	-0.256649689
Fvb7	6472802	6472901	-0.241164845
Fvb7	6483102	6483201	-0.255783643
Fvb7	6609502	6609601	-0.24013986
Fvb7	6615802	6615901	-0.204166667
Fvb7	6931902	6932001	-0.3
Fvb7	6991102	6991201	-0.256944444
Fvb7	7026502	7026601	-0.227373333
Fvb7	7101802	7101901	0.295140506
Fvb7	7188002	7188101	0.375
Fvb7	7200102	7200201	-0.244817239
Fvb7	7241502	7241601	-0.223522167
Fvb7	7244102	7244201	0.271794872
Fvb7	7616402	7616501	-0.384615385
Fvb7	7789602	7789701	-0.204291216
Fvb7	7791302	7791401	-0.293144208
Fvb7	7819202	7819301	-0.25
Fvb7	7844302	7844401	-0.295306389
Fvb7	7897002	7897101	-0.401709402
Fvb7	8005702	8005801	-0.448630137
Fvb7	8006202	8006301	0.318861415
Fvb7	8007702	8007801	-0.413400759
Fvb7	8032902	8033001	-0.419716206
Fvb7	8282802	8282901	0.322652757
Fvb7	8286702	8286801	-0.291666667
Fvb7	8388102	8388201	-0.404371585
Fvb7	8431802	8431901	-0.290410959
Fvb7	8827702	8827801	-0.277368123
Fvb7	8882402	8882501	-0.259762309
Fvb7	8924702	8924801	0.362554113
Fvb7	9103602	9103701	-0.204290807
Fvb7	9105802	9105901	-0.40915493
Fvb7	9114302	9114401	0.212862319
Fvb7	9208802	9208901	-0.384615385
Fvb7	9425702	9425801	-0.230769231
Fvb7	9478002	9478101	-0.250541126
Fvb7	9537202	9537301	-0.254259502
Fvb7	9623102	9623201	-0.326164875
Fvb7	9697602	9697701	-0.357771261
Fvb7	9765102	9765201	-0.216633524
Fvb7	9780802	9780901	-0.224021084
Fvb7	10193902	10194001	-0.257789637
Fvb7	10194002	10194101	-0.263888889
Fvb7	10553802	10553901	-0.29
Fvb7	10587702	10587801	0.258173077
Fvb7	10718802	10718901	-0.331550802
Fvb7	10789902	10790001	-0.342593391
Fvb7	10799502	10799601	-0.247175141
Fvb7	10946102	10946201	-0.355113636
Fvb7	11110702	11110801	-0.265765766
Fvb7	11237902	11238001	-0.266542056
Fvb7	11243302	11243401	-0.214511754
Fvb7	11277202	11277301	-0.250274123
Fvb7	11315002	11315101	0.296131896
Fvb7	11444702	11444801	-0.403418124
Fvb7	11454502	11454601	-0.302832244
Fvb7	11459502	11459601	-0.389285714
Fvb7	11510702	11510801	-0.32605042
Fvb7	11760702	11760801	0.242868954
Fvb7	11768402	11768501	-0.331575478
Fvb7	11830902	11831001	-0.339583333
Fvb7	11944402	11944501	-0.235003092
Fvb7	12057202	12057301	-0.472999036
Fvb7	12094902	12095001	-0.236533958
Fvb7	12119102	12119201	-0.219148936
Fvb7	12173402	12173501	0.224563457
Fvb7	12421202	12421301	-0.354278075
Fvb7	12807502	12807601	-0.270501836
Fvb7	12841702	12841801	-0.256716967
Fvb7	13054202	13054301	-0.287804878
Fvb7	13057102	13057201	-0.203885768
Fvb7	13302502	13302601	-0.401794616
Fvb7	13313702	13313801	-0.238045205
Fvb7	13551902	13552001	-0.200757576
Fvb7	13697602	13697701	-0.338709677
Fvb7	13761502	13761601	-0.219389917
Fvb7	13763602	13763701	-0.213284019
Fvb7	13806102	13806201	-0.294871795
Fvb7	13818302	13818401	0.250252781
Fvb7	13874102	13874201	-0.360795455
Fvb7	13881802	13881901	-0.52344416
Fvb7	13908302	13908401	-0.236728184
Fvb7	14053902	14054001	-0.231216458
Fvb7	14273102	14273201	-0.221910112
Fvb7	14278702	14278801	-0.369047619
Fvb7	14286202	14286301	-0.3
Fvb7	14303802	14303901	-0.298012318
Fvb7	14338602	14338701	0.214114423
Fvb7	14392602	14392701	-0.495934959
Fvb7	14601902	14602001	0.240014524
Fvb7	14739302	14739401	-0.304715447
Fvb7	14839802	14839901	-0.249721293
Fvb7	14840702	14840801	-0.247435897
Fvb7	15182302	15182401	-0.236728061
Fvb7	15409402	15409501	-0.439393939
Fvb7	15439702	15439801	-0.212308114
Fvb7	15468202	15468301	-0.293615921
Fvb7	15615002	15615101	-0.327692308
Fvb7	15692802	15692901	-0.416739472
Fvb7	15824602	15824701	-0.273360516
Fvb7	15862702	15862801	-0.279527559
Fvb7	15954502	15954601	-0.416512059
Fvb7	16242702	16242801	-0.356753813
Fvb7	16243602	16243701	0.363576159
Fvb7	16355202	16355301	-0.265652174
Fvb7	16355902	16356001	-0.297975352
Fvb7	17148502	17148601	-0.287953795
Fvb7	17162502	17162601	-0.225624694
Fvb7	17173302	17173401	-0.367983368
Fvb7	17297902	17298001	-0.217142857
Fvb7	17717402	17717501	-0.348223615
Fvb7	17884502	17884601	0.364555256
Fvb7	17884602	17884701	0.433786848
Fvb7	19344602	19344701	-0.368238994
Fvb7	19346502	19346601	-0.333333333
Fvb7	19530402	19530501	-0.318082192
Fvb7	19530502	19530601	-0.252814537
Fvb7	19562002	19562101	-0.303359684
Fvb7	20251102	20251201	-0.205149972
Fvb7	20908102	20908201	-0.31626506
Fvb7	21166702	21166801	-0.203678161
Fvb7	21168302	21168401	0.306561086
Fvb7	21241702	21241801	-0.271805274
Fvb7	21380302	21380401	-0.292264753
Fvb7	21446202	21446301	-0.325797872
Fvb7	21523202	21523301	-0.265567766
Fvb7	21895402	21895501	-0.245323741
Fvb7	22217102	22217201	-0.308313908
Fvb7	22219402	22219501	0.381535039
Fvb7	22219502	22219601	0.322623239
Fvb7	22529302	22529401	-0.354545455
Fvb7	22649302	22649401	-0.253539254
Fvb7	24044902	24045001	-0.339020363
Fvb7	24219402	24219501	0.298507463
