seqnames	start	end	methdiff
Fvb1	67903	68002	0.343012704
Fvb1	129103	129202	0.24201788
Fvb1	381103	381202	0.387878788
Fvb1	400103	400202	0.212732095
Fvb1	592403	592502	0.342741935
Fvb1	633003	633102	0.355555556
Fvb1	1029303	1029402	0.332746479
Fvb1	1200503	1200602	0.255217832
Fvb1	1200603	1200702	0.293384647
Fvb1	1203403	1203502	0.267229255
Fvb1	1518803	1518902	0.26984127
Fvb1	1589503	1589602	-0.244897959
Fvb1	1761703	1761802	0.256793478
Fvb1	1970803	1970902	0.385093168
Fvb1	2162103	2162202	0.293255132
Fvb1	2162203	2162302	0.265306122
Fvb1	2316703	2316802	0.211161388
Fvb1	2392403	2392502	0.382658469
Fvb1	2542103	2542202	0.422043011
Fvb1	2677903	2678002	0.283112072
Fvb1	2757603	2757702	0.217081164
Fvb1	3262703	3262802	0.261904762
Fvb1	3957103	3957202	0.450980392
Fvb1	4142703	4142802	0.371794872
Fvb1	4202103	4202202	0.213622291
Fvb1	4396703	4396802	0.358358358
Fvb1	4923603	4923702	0.211092406
Fvb1	5066003	5066102	0.247648903
Fvb1	5373003	5373102	0.247792734
Fvb1	5592903	5593002	0.291666667
Fvb1	5838703	5838802	-0.214049782
Fvb1	6473503	6473602	0.219022181
Fvb1	6790903	6791002	0.25070028
Fvb1	6791303	6791402	0.244085326
Fvb1	7918303	7918402	0.311128029
Fvb1	9472903	9473002	0.255564388
Fvb1	9711503	9711602	0.232905983
Fvb1	9832703	9832802	0.37488232
Fvb1	9834103	9834202	0.335969388
Fvb1	9926203	9926302	0.275558924
Fvb1	9974603	9974702	0.239952996
Fvb1	10220603	10220702	0.341272065
Fvb1	10926303	10926402	0.352163462
Fvb1	11186803	11186902	0.301463415
Fvb1	11251303	11251402	0.218844985
Fvb1	11321503	11321602	-0.214285714
Fvb1	12024303	12024402	0.493650794
Fvb1	12058803	12058902	0.425757576
Fvb1	12750003	12750102	0.207239819
Fvb1	13042203	13042302	0.211628747
Fvb1	13189203	13189302	0.329727417
Fvb1	13402603	13402702	0.211399658
Fvb1	13456403	13456502	-0.209302326
Fvb1	14016803	14016902	0.242199776
Fvb1	14043603	14043702	0.344315245
Fvb1	14094103	14094202	0.217236467
Fvb1	15343703	15343802	0.251636364
Fvb1	15666403	15666502	0.257442348
Fvb1	15887403	15887502	0.227272727
Fvb1	16545803	16545902	0.232119875
Fvb1	17039603	17039702	0.223208624
Fvb1	17313303	17313402	0.294117647
Fvb1	17428903	17429002	0.296296296
Fvb1	18027003	18027102	0.313043478
Fvb1	18145703	18145802	-0.258131868
Fvb1	18152203	18152302	0.205882353
Fvb1	18377003	18377102	0.289930556
Fvb1	18429203	18429302	0.218564845
Fvb1	18569303	18569402	0.273040482
Fvb1	19903803	19903902	0.246451613
Fvb1	20098203	20098302	-0.280705828
Fvb1	20169003	20169102	0.307986111
Fvb1	20286503	20286602	0.29588551
Fvb1	21134303	21134402	0.30227596
Fvb1	21349803	21349902	0.224175824
Fvb1	21421503	21421602	-0.249894648
Fvb1	21427503	21427602	0.278181818
Fvb1	21428603	21428702	0.385620915
Fvb1	21429403	21429502	0.354636591
Fvb1	21495303	21495402	0.225506294
Fvb1	22185603	22185702	0.279527077
Fvb1	22185703	22185802	0.312161723
Fvb1	22185803	22185902	0.316333333
Fvb1	23312403	23312502	-0.296470588
Fvb1	23535803	23535902	0.285974499
Fvb1	23936803	23936902	0.301282051
Fvb1	23975003	23975102	0.301470588
Fvb1	23975203	23975302	0.243012422
Fvb1	24137003	24137102	0.45
Fvb1	24150203	24150302	0.273429273
Fvb1	24231203	24231302	-0.341820719
Fvb2	258901	259000	-0.277039848
Fvb2	461601	461700	0.427865613
Fvb2	462001	462100	0.255291005
Fvb2	482701	482800	-0.238636364
Fvb2	483501	483600	0.202689377
Fvb2	875501	875600	-0.22618466
Fvb2	1380301	1380400	0.219164118
Fvb2	1450101	1450200	0.427841635
Fvb2	1494601	1494700	0.324404762
Fvb2	1745201	1745300	-0.346666667
Fvb2	1825701	1825800	0.304675716
Fvb2	2089601	2089700	0.432360743
Fvb2	2285201	2285300	0.268796992
Fvb2	2906501	2906600	-0.23704955
Fvb2	3670401	3670500	0.371551724
Fvb2	3867901	3868000	-0.345989097
Fvb2	4359001	4359100	-0.200320513
Fvb2	4444001	4444100	-0.339516129
Fvb2	5051701	5051800	0.253267974
Fvb2	5278401	5278500	0.483388704
Fvb2	5529301	5529400	0.353365385
Fvb2	5644701	5644800	0.225171307
Fvb2	5682401	5682500	0.323547124
Fvb2	5831101	5831200	0.244847193
Fvb2	7487001	7487100	0.423076923
Fvb2	7701701	7701800	-0.342825849
Fvb2	7982001	7982100	-0.477443609
Fvb2	8573501	8573600	-0.253968254
Fvb2	8588501	8588600	0.334800469
Fvb2	8781901	8782000	0.296910755
Fvb2	8879401	8879500	0.416666667
Fvb2	8942801	8942900	0.438936782
Fvb2	8965001	8965100	0.26370614
Fvb2	9614301	9614400	0.472455649
Fvb2	10124101	10124200	0.305084746
Fvb2	10236801	10236900	-0.357894737
Fvb2	10903701	10903800	0.20782241
Fvb2	10942701	10942800	0.333333333
Fvb2	11459201	11459300	0.234913793
Fvb2	11518301	11518400	0.208722741
Fvb2	11704401	11704500	-0.375804376
Fvb2	11915601	11915700	0.307359307
Fvb2	11915801	11915900	0.264208133
Fvb2	12149101	12149200	0.217391304
Fvb2	12493401	12493500	-0.364705882
Fvb2	12538301	12538400	-0.326617827
Fvb2	12936601	12936700	0.236742424
Fvb2	13082201	13082300	0.300140581
Fvb2	13082401	13082500	0.214460784
Fvb2	13149901	13150000	0.236356259
Fvb2	13150201	13150300	0.342741935
Fvb2	13240401	13240500	-0.418300654
Fvb2	13593801	13593900	-0.216507937
Fvb2	13803701	13803800	0.399482312
Fvb2	15469201	15469300	0.303030303
Fvb2	15469301	15469400	0.278444826
Fvb2	15476601	15476700	0.336551724
Fvb2	15501501	15501600	0.203331846
Fvb2	15790401	15790500	0.210526316
Fvb2	15884801	15884900	0.213227821
Fvb2	15927601	15927700	0.607142857
Fvb2	16690101	16690200	-0.326495726
Fvb2	16813101	16813200	0.310606061
Fvb2	16813301	16813400	0.248962225
Fvb2	16864401	16864500	-0.217897291
Fvb2	16864501	16864600	-0.276623377
Fvb2	17134801	17134900	-0.362477231
Fvb2	17165701	17165800	-0.357142857
Fvb2	17195701	17195800	-0.378431373
Fvb2	17220701	17220800	0.271515152
Fvb2	17317401	17317500	0.222647223
Fvb2	17546301	17546400	0.312741313
Fvb2	17633501	17633600	0.577861163
Fvb2	17664401	17664500	0.253671971
Fvb2	17858701	17858800	0.227865797
Fvb2	18363401	18363500	0.218141234
Fvb2	18434401	18434500	0.284013941
Fvb2	19462301	19462400	-0.492063492
Fvb2	19560001	19560100	0.276213934
Fvb2	20036601	20036700	0.241669081
Fvb2	20210901	20211000	-0.463888889
Fvb2	20392101	20392200	-0.205882353
Fvb2	20648601	20648700	0.291983765
Fvb2	20779901	20780000	-0.314814815
Fvb2	20876201	20876300	0.311313291
Fvb2	21783001	21783100	0.393333333
Fvb2	22062301	22062400	0.422149123
Fvb2	22072601	22072700	0.48657289
Fvb2	22145901	22146000	0.232051282
Fvb2	22177701	22177800	0.204545455
Fvb2	22177801	22177900	0.252722323
Fvb2	22573701	22573800	0.260695187
Fvb2	22884701	22884800	0.311764706
Fvb2	22911401	22911500	0.239200516
Fvb2	23190701	23190800	0.219669118
Fvb2	23244501	23244600	0.216941694
Fvb2	23367201	23367300	0.254117327
Fvb2	23391501	23391600	0.220769231
Fvb2	23428601	23428700	0.237779156
Fvb2	23611001	23611100	0.473043478
Fvb2	23612301	23612400	0.411111111
Fvb2	23778301	23778400	0.29631636
Fvb2	23799701	23799800	0.249443561
Fvb2	23800301	23800400	0.345701357
Fvb2	23993001	23993100	0.311599176
Fvb2	23993801	23993900	0.246967655
Fvb2	24528101	24528200	0.349782293
Fvb2	24549801	24549900	-0.342039801
Fvb2	24823101	24823200	0.304260652
Fvb2	24849401	24849500	0.335879806
Fvb2	24930301	24930400	-0.25
Fvb2	25008301	25008400	0.316326531
Fvb2	25034501	25034600	0.313851549
Fvb2	25205201	25205300	0.269732327
Fvb2	25321401	25321500	0.253961692
Fvb2	25522901	25523000	0.222222222
Fvb2	25644201	25644300	0.324767142
Fvb2	25665901	25666000	0.32034632
Fvb2	25717201	25717300	0.206968641
Fvb2	25890201	25890300	-0.218695229
Fvb2	26337801	26337900	0.227780476
Fvb2	26501201	26501300	0.212121212
Fvb2	26749001	26749100	0.303602058
Fvb2	26769501	26769600	0.263888889
Fvb2	26804901	26805000	0.308014354
Fvb2	27157101	27157200	0.266230937
Fvb2	27530801	27530900	0.242489772
Fvb2	27932501	27932600	0.234725275
Fvb2	27986001	27986100	-0.291277259
Fvb2	28286801	28286900	0.227812055
Fvb2	28587301	28587400	0.23784219
Fvb2	28630001	28630100	0.244444444
Fvb2	28905001	28905100	-0.235294118
Fvb2	29283101	29283200	-0.268231768
Fvb3	60603	60702	0.20678733
Fvb3	132103	132202	0.287179487
Fvb3	163503	163602	0.317790531
Fvb3	566503	566602	0.265970149
Fvb3	579303	579402	0.375156055
Fvb3	767103	767202	0.309318378
Fvb3	872603	872702	0.51878708
Fvb3	1002903	1003002	0.241028898
Fvb3	1035803	1035902	0.257352941
Fvb3	1168403	1168502	0.313794188
Fvb3	1181903	1182002	0.264109589
Fvb3	1215103	1215202	0.384615385
Fvb3	1386203	1386302	-0.255400465
Fvb3	1458103	1458202	0.310172017
Fvb3	1551303	1551402	0.295518207
Fvb3	1555203	1555302	0.257107971
Fvb3	1608503	1608602	-0.210606061
Fvb3	2056703	2056802	0.277365492
Fvb3	2104603	2104702	0.258116883
Fvb3	2369003	2369102	0.564327485
Fvb3	2537003	2537102	0.394973743
Fvb3	2576103	2576202	0.220361914
Fvb3	2584803	2584902	-0.28201361
Fvb3	2645903	2646002	0.388736264
Fvb3	2676103	2676202	0.326923077
Fvb3	2829003	2829102	0.397783251
Fvb3	2866703	2866802	0.375562072
Fvb3	3122103	3122202	0.308457711
Fvb3	3699503	3699602	0.33201581
Fvb3	3945603	3945702	0.434792522
Fvb3	4344203	4344302	-0.338245614
Fvb3	4683803	4683902	0.234761296
Fvb3	4909603	4909702	0.408965517
Fvb3	4913303	4913402	-0.484126984
Fvb3	4996503	4996602	0.331103679
Fvb3	5296603	5296702	0.40625
Fvb3	5817203	5817302	0.361111111
Fvb3	5872003	5872102	0.42
Fvb3	5872303	5872402	0.305507745
Fvb3	5872503	5872602	0.394736842
Fvb3	6023603	6023702	-0.341176471
Fvb3	6551303	6551402	0.203755548
Fvb3	7831803	7831902	-0.232371795
Fvb3	7942803	7942902	0.2005
Fvb3	8512403	8512502	0.326990839
Fvb3	9535503	9535602	0.260162602
Fvb3	9979403	9979502	0.24238965
Fvb3	10229803	10229902	0.291666667
Fvb3	10760603	10760702	0.277056277
Fvb3	11069903	11070002	0.389705882
Fvb3	11201203	11201302	0.398944193
Fvb3	11201403	11201502	0.362903226
Fvb3	11304703	11304802	0.212264151
Fvb3	11956703	11956802	0.335238095
Fvb3	12490203	12490302	0.220170455
Fvb3	12772903	12773002	0.211267606
Fvb3	12964003	12964102	0.210307414
Fvb3	13399503	13399602	0.228282828
Fvb3	13495803	13495902	0.391854706
Fvb3	13646603	13646702	0.295126973
Fvb3	14023403	14023502	-0.25
Fvb3	14223103	14223202	0.251542289
Fvb3	14229303	14229402	0.205792683
Fvb3	14503903	14504002	-0.269503546
Fvb3	14544503	14544602	0.36685642
Fvb3	15225303	15225402	0.20435049
Fvb3	15831503	15831602	0.285714286
Fvb3	16140403	16140502	-0.20875
Fvb3	16284803	16284902	0.203018868
Fvb3	16365803	16365902	0.453225806
Fvb3	16380603	16380702	0.383522727
Fvb3	16386703	16386802	0.379365079
Fvb3	16952603	16952702	-0.388888889
Fvb3	17223503	17223602	0.235802469
Fvb3	17765303	17765402	0.301150498
Fvb3	18019403	18019502	-0.280409474
Fvb3	18095803	18095902	-0.379310345
Fvb3	18144803	18144902	0.463850837
Fvb3	18145203	18145302	0.262311785
Fvb3	18246503	18246602	0.209126984
Fvb3	18744603	18744702	0.249620509
Fvb3	18885003	18885102	0.293513514
Fvb3	18928703	18928802	-0.220779221
Fvb3	19230203	19230302	-0.354166667
Fvb3	19245803	19245902	0.208207032
Fvb3	19245903	19246002	0.211290323
Fvb3	20216703	20216802	-0.223805855
Fvb3	20738503	20738602	0.227854583
Fvb3	20944303	20944402	-0.238042269
Fvb3	21094803	21094902	0.233997155
Fvb3	21095403	21095502	0.276701441
Fvb3	21095503	21095602	0.336627907
Fvb3	21211003	21211102	0.409698997
Fvb3	21346703	21346802	-0.210526316
Fvb3	21428703	21428802	0.315789474
Fvb3	21788203	21788302	-0.392976589
Fvb3	22469503	22469602	0.327044025
Fvb3	23214803	23214902	0.245641026
Fvb3	23229403	23229502	0.353043478
Fvb3	23502003	23502102	0.342607973
Fvb3	24781003	24781102	-0.396514161
Fvb3	27033603	27033702	0.306212205
Fvb3	28088103	28088202	0.491758242
Fvb3	28501603	28501702	0.263157895
Fvb3	28891603	28891702	0.236644799
Fvb3	29101403	29101502	-0.20066236
Fvb3	29221903	29222002	0.265151515
Fvb3	29543903	29544002	0.22052256
Fvb3	29782903	29783002	0.231829574
Fvb3	30097503	30097602	-0.25
Fvb3	30187403	30187502	0.5
Fvb3	30714703	30714802	0.4
Fvb3	31017403	31017502	0.30479183
Fvb3	31017603	31017702	0.342216981
Fvb3	31045003	31045102	0.229166667
Fvb3	31359003	31359102	0.359767892
Fvb3	31359103	31359202	0.355978261
Fvb3	31435203	31435302	0.258314856
Fvb3	31435303	31435402	0.270655271
Fvb3	31435503	31435602	0.370725216
Fvb3	32042703	32042802	0.238738739
Fvb3	32604303	32604402	0.308243728
Fvb3	32749303	32749402	0.217391304
Fvb3	33060603	33060702	0.394285714
Fvb3	33195503	33195602	0.429824561
Fvb3	33446403	33446502	0.230952381
Fvb3	33993203	33993302	0.264752791
Fvb3	33994403	33994502	0.271317829
Fvb3	34600303	34600402	-0.244868035
Fvb3	34711203	34711302	0.215135492
Fvb3	34861703	34861802	0.208671329
Fvb3	35237003	35237102	0.283088235
Fvb3	35267803	35267902	0.230654762
Fvb3	35719203	35719302	0.225368382
Fvb3	35719403	35719502	0.359630419
Fvb3	35719503	35719602	0.271103896
Fvb3	35719703	35719802	0.360606061
Fvb3	36134603	36134702	-0.280984508
Fvb3	36224703	36224802	-0.276035617
Fvb3	36495603	36495702	0.351564163
Fvb3	37027203	37027302	0.246079728
Fvb3	37027303	37027402	0.27248593
Fvb3	37944003	37944102	-0.266666667
Fvb3	37944603	37944702	0.209288768
Fvb4	152303	152402	0.334761905
Fvb4	152403	152502	0.268349696
Fvb4	320303	320402	0.268836319
Fvb4	445103	445202	0.261904762
Fvb4	585203	585302	-0.282894737
Fvb4	1442303	1442402	0.304347826
Fvb4	2051003	2051102	-0.525128205
Fvb4	2067903	2068002	-0.291060291
Fvb4	2273903	2274002	-0.42826087
Fvb4	2466603	2466702	0.300203429
Fvb4	2549603	2549702	0.293154762
Fvb4	2549703	2549802	0.2375
Fvb4	2750803	2750902	0.352459016
Fvb4	2781203	2781302	0.235842294
Fvb4	2908803	2908902	0.220597517
Fvb4	3049703	3049802	0.267973856
Fvb4	3182403	3182502	0.325600663
Fvb4	3243903	3244002	0.374266145
Fvb4	3245403	3245502	0.527777778
Fvb4	4425003	4425102	-0.267351095
Fvb4	4462803	4462902	-0.347966102
Fvb4	5117203	5117302	-0.279221854
Fvb4	5117303	5117402	-0.245098039
Fvb4	6074203	6074302	-0.259701769
Fvb4	6351603	6351702	0.304761905
Fvb4	6601903	6602002	0.32952183
Fvb4	6724703	6724802	-0.236702128
Fvb4	6742303	6742402	-0.284562212
Fvb4	7103003	7103102	0.262309293
Fvb4	7548003	7548102	-0.320833333
Fvb4	8249003	8249102	0.25994695
Fvb4	8455703	8455802	-0.269230769
Fvb4	8666003	8666102	0.241628959
Fvb4	9041403	9041502	0.202197802
Fvb4	10056903	10057002	0.276524645
Fvb4	10082203	10082302	0.257575758
Fvb4	10151503	10151602	0.375
Fvb4	10184703	10184802	0.27124183
Fvb4	10276603	10276702	-0.318336163
Fvb4	10850503	10850602	0.218203498
Fvb4	10934003	10934102	0.244598685
Fvb4	11075703	11075802	-0.209972603
Fvb4	11151903	11152002	0.254054949
Fvb4	11938503	11938602	0.340085106
Fvb4	13493703	13493802	0.302927928
Fvb4	13807703	13807802	-0.342957746
Fvb4	14140003	14140102	-0.273097826
Fvb4	14140103	14140202	-0.257918552
Fvb4	14141503	14141602	-0.283333333
Fvb4	14252503	14252602	0.292887415
Fvb4	14416703	14416802	-0.372613202
Fvb4	16137603	16137702	0.319927971
Fvb4	16533903	16534002	-0.225632784
Fvb4	16948103	16948202	-0.38
Fvb4	16970203	16970302	0.312197606
Fvb4	16970603	16970702	0.234995773
Fvb4	16971103	16971202	-0.246020779
Fvb4	17181703	17181802	-0.219725785
Fvb4	17484903	17485002	-0.221304138
Fvb4	17623503	17623602	-0.33988534
Fvb4	17851603	17851702	0.229467085
Fvb4	18427703	18427802	0.302905569
Fvb4	19023403	19023502	-0.30952381
Fvb4	19083803	19083902	0.241463415
Fvb4	20227803	20227902	0.344827586
Fvb4	20725503	20725602	-0.357142857
Fvb4	20981203	20981302	0.25462963
Fvb4	21045103	21045202	0.219929763
Fvb4	21359103	21359202	0.397710304
Fvb4	22490403	22490502	0.384615385
Fvb4	22552103	22552202	0.288930582
Fvb4	22674103	22674202	-0.249194991
Fvb4	23025803	23025902	0.238683646
Fvb4	23088603	23088702	0.25
Fvb4	23527003	23527102	0.341911765
Fvb4	23530003	23530102	0.326005961
Fvb4	23737803	23737902	0.325
Fvb4	23917703	23917802	0.5
Fvb4	24239903	24240002	-0.332142857
Fvb4	24301703	24301802	0.243243243
Fvb4	24380303	24380402	0.271110424
Fvb4	24478703	24478802	0.360641892
Fvb4	24581403	24581502	0.310344828
Fvb4	25028203	25028302	0.205294118
Fvb4	25082603	25082702	-0.672240803
Fvb4	25337703	25337802	0.224738676
Fvb4	25469303	25469402	0.31047619
Fvb4	25712103	25712202	0.261701455
Fvb4	25780903	25781002	0.24
Fvb4	26381703	26381802	0.411238825
Fvb4	26496503	26496602	0.409599729
Fvb4	26498303	26498402	-0.210526316
Fvb4	26717703	26717802	0.403891509
Fvb4	26911703	26911802	0.365413534
Fvb4	26920303	26920402	0.239374499
Fvb4	27382803	27382902	0.367676768
Fvb4	27781803	27781902	-0.206144781
Fvb4	27813003	27813102	0.268253968
Fvb4	27870803	27870902	0.256547619
Fvb4	27951003	27951102	0.293650794
Fvb4	28013403	28013502	0.249739372
Fvb4	28501003	28501102	-0.379084967
Fvb4	28537103	28537202	0.258660069
Fvb4	28541703	28541802	0.417532918
Fvb4	28773403	28773502	0.418181818
Fvb4	29001103	29001202	0.284931507
Fvb4	29217403	29217502	0.213663621
Fvb4	30093703	30093802	0.294795784
Fvb4	30177803	30177902	0.222826678
Fvb4	30211603	30211702	0.559210526
Fvb4	30658303	30658402	0.257377842
Fvb4	30716703	30716802	0.206896552
Fvb4	30780303	30780402	0.27394958
Fvb4	31041103	31041202	0.469899666
Fvb4	31359603	31359702	0.375243665
Fvb4	31394303	31394402	0.429807692
Fvb4	31906103	31906202	0.291614256
Fvb4	32060103	32060202	0.392481203
Fvb4	32348103	32348202	-0.256451613
Fvb4	32569303	32569402	0.42798913
Fvb4	33360303	33360402	0.43128655
Fvb4	33566303	33566402	0.241414141
Fvb5	78803	78902	0.355160932
Fvb5	135903	136002	0.35497076
Fvb5	357303	357402	0.291375291
Fvb5	645303	645402	0.334978229
Fvb5	731903	732002	0.235
Fvb5	789003	789102	-0.244839101
Fvb5	1129903	1130002	-0.258333333
Fvb5	1324103	1324202	0.454865424
Fvb5	1511403	1511502	-0.255033557
Fvb5	1768403	1768502	0.276672195
Fvb5	1771303	1771402	0.233333333
Fvb5	1900103	1900202	0.373737374
Fvb5	1969403	1969502	0.2
Fvb5	2227703	2227802	0.24
Fvb5	2311003	2311102	0.307887324
Fvb5	2328603	2328702	0.262150538
Fvb5	2402403	2402502	0.246168582
Fvb5	2402503	2402602	0.453100159
Fvb5	3258403	3258502	0.274583503
Fvb5	3563003	3563102	0.362440191
Fvb5	3626103	3626202	0.280810919
Fvb5	3704303	3704402	-0.295886076
Fvb5	3882803	3882902	-0.298529412
Fvb5	4640203	4640302	-0.309840426
Fvb5	4696203	4696302	-0.238562092
Fvb5	4775403	4775502	0.24025974
Fvb5	5020903	5021002	-0.395454545
Fvb5	5353003	5353102	-0.296410256
Fvb5	5484003	5484102	0.302040816
Fvb5	5546103	5546202	-0.356521739
Fvb5	5589803	5589902	0.358766234
Fvb5	5828503	5828602	0.209084084
Fvb5	5844603	5844702	0.237037037
Fvb5	5884403	5884502	0.264252696
Fvb5	6001903	6002002	0.27311522
Fvb5	6580403	6580502	0.453623188
Fvb5	6729003	6729102	0.367987805
Fvb5	6834403	6834502	-0.399915541
Fvb5	7070703	7070802	0.202431974
Fvb5	7259503	7259602	0.303929766
Fvb5	7726603	7726702	0.230402542
Fvb5	8144903	8145002	0.232443482
Fvb5	8730903	8731002	0.255813953
Fvb5	8752203	8752302	0.240740741
Fvb5	9004203	9004302	-0.238688525
Fvb5	9008103	9008202	0.296875
Fvb5	9245803	9245902	0.258658009
Fvb5	9434103	9434202	-0.294285714
Fvb5	9446303	9446402	0.259036145
Fvb5	9879903	9880002	0.260160966
Fvb5	10056903	10057002	0.326324643
Fvb5	10414403	10414502	0.23956044
Fvb5	10414603	10414702	0.272357724
Fvb5	10503703	10503802	0.207514198
Fvb5	11307503	11307602	0.221078431
Fvb5	11387003	11387102	-0.403567447
Fvb5	11611203	11611302	0.274122807
Fvb5	11939403	11939502	-0.260869565
Fvb5	12125503	12125602	-0.327685791
Fvb5	12298703	12298802	0.243069642
Fvb5	12299003	12299102	0.374637681
Fvb5	12323603	12323702	-0.326923077
Fvb5	12854603	12854702	-0.233553332
Fvb5	12854803	12854902	-0.316326531
Fvb5	12912003	12912102	0.227106227
Fvb5	13038203	13038302	0.420643729
Fvb5	13091203	13091302	-0.223438269
Fvb5	13091403	13091502	-0.309027778
Fvb5	13200003	13200102	0.202876984
Fvb5	13262003	13262102	0.261201843
Fvb5	13406703	13406802	-0.413899614
Fvb5	13449003	13449102	-0.318726747
Fvb5	13527303	13527402	-0.27266028
Fvb5	13836303	13836402	0.37212806
Fvb5	13897603	13897702	0.223880597
Fvb5	13978703	13978802	0.351547389
Fvb5	14032503	14032602	0.433373349
Fvb5	14032903	14033002	0.378039794
Fvb5	14152503	14152602	0.260994539
Fvb5	14329003	14329102	-0.251450677
Fvb5	14751303	14751402	0.319515306
Fvb5	14802403	14802502	0.217827833
Fvb5	14909303	14909402	0.345959596
Fvb5	15231803	15231902	-0.282051282
Fvb5	15281803	15281902	-0.218041341
Fvb5	15387103	15387202	0.529204785
Fvb5	15387803	15387902	0.25052521
Fvb5	15574503	15574602	0.234748011
Fvb5	15773503	15773602	0.203778677
Fvb5	15802703	15802802	0.272635135
Fvb5	16345203	16345302	-0.288888889
Fvb5	16967503	16967602	0.210729313
Fvb5	17193803	17193902	-0.431372549
Fvb5	17225703	17225802	0.254789272
Fvb5	17468703	17468802	-0.26443769
Fvb5	17830703	17830802	0.2875
Fvb5	18027403	18027502	0.238095238
Fvb5	18083503	18083602	-0.307692308
Fvb5	18339903	18340002	-0.284210526
Fvb5	18412403	18412502	0.263888889
Fvb5	18414403	18414502	0.205074627
Fvb5	18415503	18415602	0.343549735
Fvb5	18536603	18536702	-0.361538462
Fvb5	18757403	18757502	-0.293877551
Fvb5	18803003	18803102	-0.306715807
Fvb5	18873603	18873702	0.257777778
Fvb5	19182803	19182902	0.328813559
Fvb5	19299303	19299402	0.285714286
Fvb5	19461703	19461802	-0.315873016
Fvb5	20009903	20010002	0.287087912
Fvb5	20119403	20119502	0.41025641
Fvb5	20667903	20668002	-0.370948379
Fvb5	20802003	20802102	0.332949971
Fvb5	21075603	21075702	-0.367173252
Fvb5	21631903	21632002	0.21905805
Fvb5	21864703	21864802	0.230017007
Fvb5	22061503	22061602	-0.222450081
Fvb5	22220203	22220302	0.311532793
Fvb5	22230103	22230202	0.287394958
Fvb5	22312803	22312902	0.328387097
Fvb5	22945603	22945702	-0.292307692
Fvb5	22980203	22980302	-0.365203762
Fvb5	22980303	22980402	-0.416450216
Fvb5	23310303	23310402	0.200471845
Fvb5	23310603	23310702	-0.309975669
Fvb5	23396803	23396902	0.297297297
Fvb5	23505103	23505202	0.231229077
Fvb5	23537903	23538002	-0.272151899
Fvb5	24042403	24042502	0.205882353
Fvb5	24178203	24178302	0.307279693
Fvb5	24247403	24247502	-0.342105263
Fvb5	24311203	24311302	0.286666667
Fvb5	24355503	24355602	0.351273253
Fvb5	24627103	24627202	-0.216365462
Fvb5	24981303	24981402	0.470764618
Fvb5	25027503	25027602	-0.257148415
Fvb5	25129703	25129802	0.272108844
Fvb5	25129803	25129902	0.254750176
Fvb5	25540803	25540902	-0.51754386
Fvb5	25632403	25632502	0.213462879
Fvb5	26332503	26332602	-0.346464646
Fvb5	26751903	26752002	-0.241391941
Fvb5	26816403	26816502	-0.219607843
Fvb5	27003903	27004002	0.232016211
Fvb5	27008903	27009002	-0.322580645
Fvb5	27225603	27225702	0.27161799
Fvb5	27465503	27465602	0.204793028
Fvb5	27515203	27515302	0.260869565
Fvb5	27648103	27648202	0.32663151
Fvb5	28758503	28758602	0.242424242
Fvb5	28886203	28886302	0.389389389
Fvb5	28886303	28886402	0.386295929
Fvb5	29012403	29012502	0.250322581
Fvb5	29057503	29057602	0.385714286
Fvb5	29113403	29113502	-0.320574163
Fvb5	29241603	29241702	0.202614379
Fvb6	633403	633502	0.205882353
Fvb6	678903	679002	0.237779942
Fvb6	770703	770802	0.294458653
Fvb6	1432903	1433002	0.299025341
Fvb6	1588903	1589002	-0.417613636
Fvb6	2172703	2172802	0.311544992
Fvb6	2182503	2182602	0.205997589
Fvb6	2302303	2302402	0.293282036
Fvb6	2302603	2302702	0.37037037
Fvb6	2416903	2417002	-0.237433155
Fvb6	2996003	2996102	0.251529791
Fvb6	3476403	3476502	0.236009732
Fvb6	4315103	4315202	0.382890365
Fvb6	4333003	4333102	0.293939394
Fvb6	4380503	4380602	0.351461869
Fvb6	4626003	4626102	-0.239895698
Fvb6	5178503	5178602	0.301694693
Fvb6	5244303	5244402	0.221621622
Fvb6	5318103	5318202	-0.299045599
Fvb6	5685403	5685502	0.283263305
Fvb6	5685703	5685802	0.237719298
Fvb6	6067403	6067502	0.515426497
Fvb6	6129903	6130002	0.255555556
Fvb6	6147303	6147402	0.305681818
Fvb6	6147403	6147502	0.275625
Fvb6	6317103	6317202	0.229569892
Fvb6	6332603	6332702	0.371794872
Fvb6	6445503	6445602	0.317083693
Fvb6	6451203	6451302	0.267812388
Fvb6	6456303	6456402	0.294516676
Fvb6	6628303	6628402	0.284448256
Fvb6	7604803	7604902	-0.301801802
Fvb6	7787603	7787702	0.289542484
Fvb6	7853303	7853402	0.2
Fvb6	8040903	8041002	0.32454009
Fvb6	9132703	9132802	0.3125
Fvb6	9687903	9688002	0.331313131
Fvb6	10140803	10140902	0.21754386
Fvb6	10140903	10141002	0.353801802
Fvb6	10141003	10141102	0.443241571
Fvb6	10229303	10229402	0.345980126
Fvb6	10306603	10306702	0.425
Fvb6	10608103	10608202	0.287012987
Fvb6	11375803	11375902	0.2995671
Fvb6	11728003	11728102	0.436363636
Fvb6	12101803	12101902	0.300395257
Fvb6	12521203	12521302	0.210769231
Fvb6	12608103	12608202	0.240492958
Fvb6	12712003	12712102	-0.42816092
Fvb6	12717103	12717202	-0.327922078
Fvb6	13207403	13207502	0.240894819
Fvb6	13333503	13333602	0.309090909
Fvb6	13857003	13857102	-0.291973792
Fvb6	14088603	14088702	0.265952492
Fvb6	14471903	14472002	0.220754717
Fvb6	14567403	14567502	0.221322537
Fvb6	14579103	14579202	0.215053763
Fvb6	14789303	14789402	0.201807229
Fvb6	14843003	14843102	0.321052632
Fvb6	15123603	15123702	0.523529412
Fvb6	15248603	15248702	0.311004785
Fvb6	15528803	15528902	-0.273040482
Fvb6	16093103	16093202	0.331578947
Fvb6	16096603	16096702	-0.240972222
Fvb6	16208803	16208902	0.396057348
Fvb6	16253603	16253702	0.25
Fvb6	16605803	16605902	0.235273735
Fvb6	17266203	17266302	-0.243243243
Fvb6	17616203	17616302	0.309200603
Fvb6	18032803	18032902	-0.225806452
Fvb6	18057303	18057402	0.258541835
Fvb6	18211803	18211902	0.318648649
Fvb6	18854403	18854502	0.396103896
Fvb6	19916303	19916402	0.419871795
Fvb6	20037103	20037202	0.345975232
Fvb6	20201103	20201202	-0.401913876
Fvb6	20889903	20890002	0.302854123
Fvb6	21461203	21461302	0.259803922
Fvb6	21536803	21536902	-0.553333333
Fvb6	21629703	21629802	-0.244444444
Fvb6	21730803	21730902	0.394503171
Fvb6	21840503	21840602	-0.333333333
Fvb6	21851103	21851202	-0.256302521
Fvb6	21999703	21999802	-0.344356796
Fvb6	23061603	23061702	0.301963993
Fvb6	24878003	24878102	0.275985663
Fvb6	24991103	24991202	-0.401206637
Fvb6	25242203	25242302	-0.225174825
Fvb6	25604503	25604602	-0.260310421
Fvb6	25761203	25761302	-0.243256147
Fvb6	25925503	25925602	0.269387755
Fvb6	25925703	25925802	0.489417989
Fvb6	26667203	26667302	0.24
Fvb6	27005103	27005202	0.222222222
Fvb6	27026403	27026502	0.23689168
Fvb6	27118503	27118602	-0.304761905
Fvb6	27388103	27388202	-0.306267806
Fvb6	27412603	27412702	0.382905983
Fvb6	27699803	27699902	0.300203429
Fvb6	28056903	28057002	0.321455364
Fvb6	29137903	29138002	-0.288949275
Fvb6	29775303	29775402	0.240036232
Fvb6	29781703	29781802	0.396164021
Fvb6	29846103	29846202	-0.242593812
Fvb6	30391203	30391302	0.348484848
Fvb6	30410503	30410602	0.25311943
Fvb6	30573703	30573802	0.267532468
Fvb6	30960603	30960702	0.238985601
Fvb6	31712203	31712302	0.313556068
Fvb6	31879403	31879502	-0.213684211
Fvb6	31933003	31933102	0.216547066
Fvb6	31940703	31940802	0.323076923
Fvb6	32347803	32347902	0.380952381
Fvb6	32371803	32371902	0.336523126
Fvb6	32400603	32400702	0.235337243
Fvb6	32558103	32558202	0.344811095
Fvb6	32660303	32660402	-0.345486111
Fvb6	33093203	33093302	0.351648352
Fvb6	33177703	33177802	-0.386885246
Fvb6	33177803	33177902	-0.447402597
Fvb6	33236303	33236402	0.349292382
Fvb6	33573403	33573502	0.359289617
Fvb6	33688603	33688702	0.27636507
Fvb6	34300003	34300102	-0.431318681
Fvb6	34441503	34441602	-0.225216685
Fvb6	34553603	34553702	0.296931927
Fvb6	34907703	34907802	0.348454436
Fvb6	34910003	34910102	0.213636364
Fvb6	35294603	35294702	-0.284552846
Fvb6	35386303	35386402	0.29970653
Fvb6	35599103	35599202	-0.209090909
Fvb6	35739803	35739902	-0.381538462
Fvb6	35740203	35740302	0.210930736
Fvb6	35789503	35789602	0.353416298
Fvb6	36600803	36600902	-0.348881385
Fvb6	36942003	36942102	-0.247965274
Fvb6	37040703	37040802	-0.317099567
Fvb6	37431303	37431402	0.32358156
Fvb6	37457403	37457502	0.222690763
Fvb6	37637403	37637502	0.290945077
Fvb6	37747103	37747202	0.457264957
Fvb6	37809203	37809302	0.259837178
Fvb6	37815303	37815402	0.252164502
Fvb6	38323803	38323902	0.247866419
Fvb6	38457503	38457602	0.234042553
Fvb6	38457603	38457702	0.406604747
Fvb6	38527003	38527102	-0.26147541
Fvb6	38528703	38528802	0.441891892
Fvb6	39078703	39078802	0.351724138
Fvb6	39104303	39104402	0.371428571
Fvb6	39173003	39173102	0.253472222
Fvb7	722002	722101	-0.295109146
Fvb7	1143502	1143601	-0.3125
Fvb7	2172502	2172601	0.276911977
Fvb7	2370502	2370601	0.239942529
Fvb7	3010202	3010301	0.20482068
Fvb7	3481502	3481601	0.248412698
Fvb7	3488702	3488801	-0.259259259
Fvb7	4318802	4318901	-0.260457285
Fvb7	4722402	4722501	-0.281318681
Fvb7	5287402	5287501	0.261188811
Fvb7	5812102	5812201	0.407407407
Fvb7	5997102	5997201	0.261751152
Fvb7	6397502	6397601	0.360969388
Fvb7	6438702	6438801	-0.27905663
Fvb7	7092402	7092501	0.200720535
Fvb7	7591202	7591301	0.231481481
Fvb7	8796602	8796701	0.404166667
Fvb7	9592002	9592101	0.301148072
Fvb7	10120002	10120101	0.220147634
Fvb7	10120502	10120601	0.473015873
Fvb7	10661302	10661401	0.359012346
Fvb7	10987802	10987901	0.259631036
Fvb7	11436402	11436501	0.286666667
Fvb7	11771602	11771701	-0.421052632
Fvb7	11779402	11779501	-0.23092869
Fvb7	12165002	12165101	0.399061033
Fvb7	12165102	12165201	0.471291866
Fvb7	12578802	12578901	0.393518519
Fvb7	12710802	12710901	0.362650602
Fvb7	13186102	13186201	0.311594203
Fvb7	13419702	13419801	0.388975155
Fvb7	13445302	13445401	0.316287879
Fvb7	13445402	13445501	0.287768441
Fvb7	13458102	13458201	0.375604787
Fvb7	13983802	13983901	0.227848101
Fvb7	14136002	14136101	0.316939891
Fvb7	14171302	14171401	0.415433404
Fvb7	14273002	14273101	0.223835451
Fvb7	14701802	14701901	-0.358730159
Fvb7	15042902	15043001	0.212708253
Fvb7	15210302	15210401	0.254638219
Fvb7	15395802	15395901	0.296296296
Fvb7	15410602	15410701	0.212765957
Fvb7	15998902	15999001	0.309390547
Fvb7	16230502	16230601	0.265324305
Fvb7	16287602	16287701	-0.409436834
Fvb7	16306202	16306301	0.424747696
Fvb7	16338902	16339001	0.256285714
Fvb7	16882202	16882301	0.294117647
Fvb7	16892602	16892701	-0.299867021
Fvb7	17096802	17096901	-0.2
Fvb7	17442202	17442301	0.223117533
Fvb7	17489402	17489501	-0.36038961
Fvb7	18000502	18000601	0.287319422
Fvb7	18443102	18443201	-0.208523184
Fvb7	18590302	18590401	0.217391304
Fvb7	18720502	18720601	0.383870968
Fvb7	18868202	18868301	0.26968254
Fvb7	19278702	19278801	0.62987013
Fvb7	19317602	19317701	0.222222222
Fvb7	19363602	19363701	-0.5
Fvb7	19516302	19516401	0.214912281
Fvb7	19770702	19770801	0.240973111
Fvb7	20023002	20023101	-0.218431122
Fvb7	20192902	20193001	0.363525092
Fvb7	20597202	20597301	-0.368181818
Fvb7	21197902	21198001	0.204285714
Fvb7	21867302	21867401	-0.210358056
Fvb7	21875402	21875501	0.311428571
Fvb7	22190102	22190201	0.264912281
Fvb7	22384102	22384201	-0.261904762
Fvb7	22960302	22960401	0.466666667
Fvb7	23446302	23446401	0.236161153
Fvb7	23975702	23975801	0.203681473
Fvb7	23976302	23976401	-0.222782985
Fvb7	23976402	23976501	-0.203351955
Fvb7	23983602	23983701	0.348297214
Fvb7	24205102	24205201	0.378378378
