seqnames	start	end	methdiff
Fvb1	18403	18502	0.241187384
Fvb1	20703	20802	-0.3125
Fvb1	109503	109602	-0.26091954
Fvb1	401003	401102	0.203215097
Fvb1	439003	439102	0.326923077
Fvb1	463803	463902	-0.261503928
Fvb1	466303	466402	-0.226611227
Fvb1	633403	633502	0.230616661
Fvb1	1035303	1035402	0.383642248
Fvb1	1035403	1035502	0.284055728
Fvb1	1085503	1085602	0.263157895
Fvb1	1171903	1172002	0.206367347
Fvb1	1207703	1207802	-0.281030445
Fvb1	1408203	1408302	0.244567803
Fvb1	1444903	1445002	0.232300038
Fvb1	1503303	1503402	0.252573932
Fvb1	1509503	1509602	0.216825397
Fvb1	1509603	1509702	0.425863991
Fvb1	1647203	1647302	-0.202265137
Fvb1	1707403	1707502	0.342105263
Fvb1	1791403	1791502	0.21359447
Fvb1	1891603	1891702	0.253036437
Fvb1	1904003	1904102	-0.562553926
Fvb1	1917603	1917702	0.275721364
Fvb1	1938503	1938602	0.329684211
Fvb1	1938603	1938702	0.223392884
Fvb1	2092803	2092902	0.292962357
Fvb1	2234903	2235002	0.290780142
Fvb1	2236003	2236102	-0.291965567
Fvb1	2275303	2275402	0.317851959
Fvb1	2385603	2385702	0.230099502
Fvb1	2392403	2392502	0.24563253
Fvb1	2608503	2608602	-0.329406329
Fvb1	2691003	2691102	0.286411411
Fvb1	2709803	2709902	0.350931677
Fvb1	2732503	2732602	0.215501238
Fvb1	2803503	2803602	0.266398159
Fvb1	2805803	2805902	0.453846154
Fvb1	2806003	2806102	0.272727273
Fvb1	2806103	2806202	0.201675776
Fvb1	2869903	2870002	0.30995671
Fvb1	2957603	2957702	-0.221014493
Fvb1	3027503	3027602	0.214117647
Fvb1	3103103	3103202	-0.232062056
Fvb1	3248203	3248302	0.253815407
Fvb1	3307003	3307102	0.3
Fvb1	3357203	3357302	0.221917808
Fvb1	3414103	3414202	0.28855472
Fvb1	3468103	3468202	0.271440064
Fvb1	3468203	3468302	0.206659013
Fvb1	3468503	3468602	0.306574781
Fvb1	3496703	3496802	-0.226111111
Fvb1	3505103	3505202	-0.271296296
Fvb1	3507003	3507102	-0.528011204
Fvb1	3530603	3530702	0.27878985
Fvb1	3816903	3817002	0.306522941
Fvb1	3830603	3830702	0.425
Fvb1	3848603	3848702	0.316781443
Fvb1	3870903	3871002	0.310979768
Fvb1	3875603	3875702	-0.432820513
Fvb1	3927603	3927702	0.281288805
Fvb1	4070603	4070702	-0.241351351
Fvb1	4380603	4380702	0.202521008
Fvb1	4699803	4699902	0.283390411
Fvb1	4724703	4724802	0.285714286
Fvb1	4872903	4873002	0.295190713
Fvb1	5031903	5032002	-0.302325581
Fvb1	5363903	5364002	0.335672515
Fvb1	5528703	5528802	0.275466197
Fvb1	5616603	5616702	-0.207058824
Fvb1	5717603	5717702	-0.248084291
Fvb1	5735203	5735302	0.271497585
Fvb1	5765503	5765602	0.332307692
Fvb1	5798503	5798602	0.280707196
Fvb1	5948903	5949002	0.433841219
Fvb1	5975403	5975502	0.220889749
Fvb1	6054203	6054302	-0.279918864
Fvb1	6229703	6229802	0.303809524
Fvb1	6562403	6562502	0.204301075
Fvb1	6601903	6602002	0.414278178
Fvb1	6650603	6650702	0.45
Fvb1	6890503	6890602	0.251960086
Fvb1	7042003	7042102	-0.202222222
Fvb1	7070003	7070102	0.260185185
Fvb1	7341703	7341802	-0.38
Fvb1	7362403	7362502	0.404357298
Fvb1	7431903	7432002	-0.267857143
Fvb1	7601703	7601802	0.364912281
Fvb1	7844003	7844102	0.241642442
Fvb1	7958503	7958602	0.371052632
Fvb1	8003803	8003902	0.252761044
Fvb1	8140903	8141002	-0.221428571
Fvb1	8361503	8361602	0.200129955
Fvb1	8468003	8468102	-0.236425339
Fvb1	8490803	8490902	0.361904762
Fvb1	9000903	9001002	0.354648303
Fvb1	9001003	9001102	0.217054264
Fvb1	9007503	9007602	0.24176661
Fvb1	9109803	9109902	0.323345259
Fvb1	9109903	9110002	-0.328571429
Fvb1	9224903	9225002	0.258171604
Fvb1	9225003	9225102	0.408074195
Fvb1	9293703	9293802	0.536324786
Fvb1	9294603	9294702	0.413525499
Fvb1	9300503	9300602	0.247245565
Fvb1	9300603	9300702	0.371794872
Fvb1	9443903	9444002	0.219872219
Fvb1	9494203	9494302	-0.211111111
Fvb1	9593603	9593702	0.204545455
Fvb1	9812303	9812402	0.280822969
Fvb1	9814503	9814602	0.317251462
Fvb1	9834803	9834902	0.217741935
Fvb1	9922103	9922202	-0.217391304
Fvb1	10026603	10026702	0.380878352
Fvb1	10071803	10071902	-0.221840659
Fvb1	10110103	10110202	0.213916892
Fvb1	10145303	10145402	-0.38415493
Fvb1	10172903	10173002	0.231060606
Fvb1	10188703	10188802	-0.362393162
Fvb1	10389003	10389102	0.385714286
Fvb1	10411603	10411702	-0.251322751
Fvb1	10513103	10513202	0.213256956
Fvb1	10612103	10612202	0.215811966
Fvb1	10844203	10844302	0.228693458
Fvb1	10844403	10844502	0.339726027
Fvb1	10926303	10926402	0.332089552
Fvb1	10965103	10965202	0.236885246
Fvb1	11000103	11000202	-0.29253366
Fvb1	11082103	11082202	-0.430976431
Fvb1	11082203	11082302	-0.398373984
Fvb1	11133803	11133902	0.233293979
Fvb1	11134103	11134202	0.251557163
Fvb1	11247403	11247502	0.322222222
Fvb1	11255203	11255302	0.340089316
Fvb1	11429703	11429802	0.229511867
Fvb1	11524703	11524802	-0.347926267
Fvb1	11559003	11559102	0.224016563
Fvb1	11662903	11663002	0.209521011
Fvb1	11861103	11861202	0.244061303
Fvb1	11899803	11899902	-0.251937984
Fvb1	11929603	11929702	0.324509804
Fvb1	11987103	11987202	0.233200707
Fvb1	12058803	12058902	0.341463415
Fvb1	12059003	12059102	0.295849802
Fvb1	12059603	12059702	-0.249817979
Fvb1	12093403	12093502	0.276190476
Fvb1	12108903	12109002	0.436551724
Fvb1	12284703	12284802	0.336013986
Fvb1	12293403	12293502	-0.214285714
Fvb1	12307203	12307302	0.252244898
Fvb1	12380503	12380602	0.230695318
Fvb1	12501703	12501802	0.350446429
Fvb1	12519003	12519102	0.299455535
Fvb1	12579803	12579902	-0.245171462
Fvb1	12582303	12582402	0.257694314
Fvb1	12601403	12601502	0.304347826
Fvb1	12631703	12631802	0.240044095
Fvb1	12632303	12632402	0.408060245
Fvb1	12632403	12632502	0.478512397
Fvb1	12632503	12632602	0.316137566
Fvb1	12684803	12684902	-0.452363091
Fvb1	12915103	12915202	-0.412878788
Fvb1	13184703	13184802	-0.316176471
Fvb1	13189203	13189302	0.41804747
Fvb1	13189303	13189402	0.215033253
Fvb1	13202503	13202602	0.663043478
Fvb1	13223803	13223902	0.387937333
Fvb1	13253903	13254002	0.428571429
Fvb1	13324603	13324702	0.202880944
Fvb1	13378703	13378802	0.388123249
Fvb1	13378803	13378902	0.474789916
Fvb1	13447803	13447902	0.212765957
Fvb1	13770903	13771002	0.209044908
Fvb1	13864103	13864202	-0.35
Fvb1	13895803	13895902	0.282407407
Fvb1	13895903	13896002	0.483415435
Fvb1	13963603	13963702	0.219178082
Fvb1	14043603	14043702	0.364979848
Fvb1	14102303	14102402	-0.483660131
Fvb1	14440103	14440202	0.327129859
Fvb1	14768603	14768702	-0.268964189
Fvb1	14989003	14989102	0.312316099
Fvb1	14989103	14989202	0.215846308
Fvb1	14997103	14997202	0.20462544
Fvb1	15177903	15178002	0.295014663
Fvb1	15259903	15260002	0.311882252
Fvb1	15269303	15269402	0.336526181
Fvb1	15311903	15312002	-0.331054131
Fvb1	15460303	15460402	0.270833333
Fvb1	15526003	15526102	0.342721519
Fvb1	15620103	15620202	-0.218971631
Fvb1	15628903	15629002	0.300821018
Fvb1	15641503	15641602	0.211009174
Fvb1	15671903	15672002	0.215757576
Fvb1	15873403	15873502	-0.28125
Fvb1	15942603	15942702	0.259363673
Fvb1	16086703	16086802	0.224358974
Fvb1	16188803	16188902	0.260691071
Fvb1	16242403	16242502	0.269927827
Fvb1	16361203	16361302	0.317171717
Fvb1	16439703	16439802	0.236962269
Fvb1	16513503	16513602	0.368817204
Fvb1	16580303	16580402	-0.237762238
Fvb1	16597103	16597202	-0.207070707
Fvb1	16685903	16686002	0.2
Fvb1	16950103	16950202	-0.302841303
Fvb1	17143103	17143202	0.517788725
Fvb1	17216203	17216302	0.227884615
Fvb1	17422703	17422802	0.297478992
Fvb1	17425603	17425702	-0.258130081
Fvb1	17521103	17521202	0.283430233
Fvb1	17680703	17680802	-0.366071429
Fvb1	17834503	17834602	0.358333333
Fvb1	18297403	18297502	-0.223522167
Fvb1	18546503	18546602	-0.329918033
Fvb1	18701703	18701802	0.209214092
Fvb1	19016503	19016602	-0.21635929
Fvb1	19058103	19058202	0.218796355
Fvb1	19156403	19156502	0.404067197
Fvb1	19536503	19536602	0.204237867
Fvb1	19795603	19795702	0.222243274
Fvb1	19895203	19895302	0.29569378
Fvb1	20085003	20085102	-0.343984962
Fvb1	20283603	20283702	0.417021277
Fvb1	20283803	20283902	0.322055138
Fvb1	20537703	20537802	-0.21194825
Fvb1	20550003	20550102	-0.218449556
Fvb1	20550103	20550202	-0.231818182
Fvb1	20630303	20630402	0.25
Fvb1	20646603	20646702	-0.337837838
Fvb1	20901403	20901502	0.336666667
Fvb1	20923703	20923802	0.332035595
Fvb1	20964903	20965002	0.455108359
Fvb1	20979903	20980002	0.250997151
Fvb1	21289403	21289502	0.302189553
Fvb1	21368403	21368502	0.314285714
Fvb1	21427403	21427502	0.374576271
Fvb1	21428903	21429002	0.239449541
Fvb1	21445203	21445302	0.243438914
Fvb1	21454403	21454502	-0.261363636
Fvb1	21615003	21615102	0.332999666
Fvb1	21639603	21639702	-0.27340824
Fvb1	21832803	21832902	0.244565217
Fvb1	21840903	21841002	-0.235294118
Fvb1	21963703	21963802	-0.210588235
Fvb1	22045503	22045602	-0.220149254
Fvb1	22372703	22372802	-0.218090582
Fvb1	22743903	22744002	-0.208461754
Fvb1	23174803	23174902	0.34690032
Fvb1	23512903	23513002	-0.347252747
Fvb1	23723703	23723802	0.207421687
Fvb1	23731403	23731502	0.234191656
Fvb1	23813003	23813102	-0.32
Fvb1	23817803	23817902	-0.329120879
Fvb1	23931603	23931702	0.212587413
Fvb1	23936803	23936902	0.31132917
Fvb1	23943403	23943502	0.295248869
Fvb1	23957603	23957702	0.407605178
Fvb1	23957803	23957902	0.243713733
Fvb1	23958203	23958302	0.226923077
Fvb1	23959303	23959402	0.358194683
Fvb1	23959403	23959502	0.385380117
Fvb1	23975003	23975102	0.324200913
Fvb2	77701	77800	-0.301631702
Fvb2	219101	219200	0.302460697
Fvb2	377801	377900	-0.365164669
Fvb2	614101	614200	0.207729469
Fvb2	787201	787300	-0.214975845
Fvb2	937101	937200	-0.314285714
Fvb2	1036301	1036400	0.279519331
Fvb2	1184001	1184100	0.363326226
Fvb2	1358401	1358500	0.249099331
Fvb2	1380301	1380400	0.229291717
Fvb2	1393401	1393500	0.335699797
Fvb2	1553401	1553500	0.225744843
Fvb2	1562201	1562300	0.32125
Fvb2	1686301	1686400	0.371710526
Fvb2	1692501	1692600	0.242024014
Fvb2	1721201	1721300	0.248245614
Fvb2	1726401	1726500	0.244497074
Fvb2	1726801	1726900	-0.450956938
Fvb2	1727401	1727500	-0.308823529
Fvb2	1727601	1727700	-0.342937853
Fvb2	1794701	1794800	-0.249279816
Fvb2	1906201	1906300	-0.216119403
Fvb2	2039001	2039100	-0.221283255
Fvb2	2119801	2119900	0.271791768
Fvb2	2421401	2421500	0.296052632
Fvb2	2421701	2421800	0.355555556
Fvb2	2548201	2548300	0.281512605
Fvb2	2833301	2833400	-0.203462563
Fvb2	2888401	2888500	0.235
Fvb2	2892501	2892600	0.223990208
Fvb2	2992501	2992600	0.334656085
Fvb2	3077501	3077600	0.295967742
Fvb2	3236301	3236400	0.316455696
Fvb2	3596401	3596500	-0.205754829
Fvb2	4163101	4163200	-0.243243243
Fvb2	4295101	4295200	0.296296296
Fvb2	4311501	4311600	0.298433048
Fvb2	4340501	4340600	0.263194933
Fvb2	4358901	4359000	0.279694677
Fvb2	4391301	4391400	0.276313762
Fvb2	4560801	4560900	0.396410256
Fvb2	4619601	4619700	0.5
Fvb2	4734901	4735000	-0.226227795
Fvb2	5049101	5049200	0.231534091
Fvb2	5056801	5056900	0.368951613
Fvb2	5196401	5196500	-0.284370802
Fvb2	5536001	5536100	-0.227124183
Fvb2	5537101	5537200	-0.470899471
Fvb2	5682401	5682500	0.566869301
Fvb2	5722801	5722900	0.379145408
Fvb2	5723001	5723100	0.263189921
Fvb2	5783001	5783100	0.311043566
Fvb2	6062601	6062700	0.277327683
Fvb2	6151201	6151300	-0.205882353
Fvb2	6252301	6252400	-0.222789116
Fvb2	6630501	6630600	0.383383383
Fvb2	6871401	6871500	-0.441736695
Fvb2	7020301	7020400	0.291666667
Fvb2	7330801	7330900	0.299627213
Fvb2	7330901	7331000	0.224364233
Fvb2	7666301	7666400	-0.344827586
Fvb2	8020501	8020600	0.23887697
Fvb2	8171301	8171400	-0.376893939
Fvb2	8355501	8355600	0.321905767
Fvb2	8355601	8355700	0.294117647
Fvb2	8522601	8522700	-0.363921569
Fvb2	8537701	8537800	0.228571429
Fvb2	8566701	8566800	0.277291105
Fvb2	8805401	8805500	0.27582846
Fvb2	8942501	8942600	0.325974026
Fvb2	9013101	9013200	-0.301831502
Fvb2	9287401	9287500	0.285714286
Fvb2	9397501	9397600	0.286630037
Fvb2	9443101	9443200	-0.275487256
Fvb2	9503801	9503900	0.343025054
Fvb2	9508201	9508300	0.200644271
Fvb2	9517501	9517600	0.369565217
Fvb2	9517601	9517700	0.286111111
Fvb2	9611301	9611400	-0.468295218
Fvb2	9614301	9614400	0.241700502
Fvb2	9731201	9731300	0.25999001
Fvb2	9790001	9790100	0.215033161
Fvb2	10021201	10021300	0.451704545
Fvb2	10033001	10033100	-0.376220053
Fvb2	10248401	10248500	0.333333333
Fvb2	10426201	10426300	0.342857143
Fvb2	10460701	10460800	0.426666667
Fvb2	10631801	10631900	-0.281609195
Fvb2	10633901	10634000	-0.207459207
Fvb2	10717601	10717700	-0.210526316
Fvb2	10862701	10862800	-0.210819328
Fvb2	11029201	11029300	-0.442307692
Fvb2	11242701	11242800	0.248917749
Fvb2	11385601	11385700	-0.329166667
Fvb2	11389201	11389300	0.301823708
Fvb2	11518201	11518300	0.262031809
Fvb2	11518301	11518400	0.320880752
Fvb2	11519301	11519400	0.2390409
Fvb2	11554401	11554500	0.283689466
Fvb2	11596501	11596600	0.281553398
Fvb2	11659701	11659800	-0.392156863
Fvb2	11736701	11736800	-0.220070423
Fvb2	11977301	11977400	0.249449743
Fvb2	12029601	12029700	0.32255877
Fvb2	12032301	12032400	-0.416666667
Fvb2	12062801	12062900	0.244155844
Fvb2	12365201	12365300	-0.25
Fvb2	12390901	12391000	0.241477273
Fvb2	12559101	12559200	-0.244117647
Fvb2	12653001	12653100	0.310831426
Fvb2	12703001	12703100	0.333806147
Fvb2	12829601	12829700	-0.252040816
Fvb2	13036501	13036600	0.225609756
Fvb2	13124001	13124100	-0.23107954
Fvb2	13124101	13124200	-0.216856574
Fvb2	13241901	13242000	0.352307692
Fvb2	13392801	13392900	0.284375
Fvb2	13486201	13486300	-0.209232918
Fvb2	13612201	13612300	0.261356008
Fvb2	13678801	13678900	-0.335416667
Fvb2	13681401	13681500	0.346938776
Fvb2	13708801	13708900	0.201137351
Fvb2	13803901	13804000	0.324300699
Fvb2	13804401	13804500	0.213114754
Fvb2	13847801	13847900	0.473791045
Fvb2	13862601	13862700	0.230785931
Fvb2	13954201	13954300	0.294687604
Fvb2	14275301	14275400	0.384361513
Fvb2	14276101	14276200	0.33163451
Fvb2	14317501	14317600	0.208278867
Fvb2	14328201	14328300	0.307223265
Fvb2	14346401	14346500	0.206358271
Fvb2	14505701	14505800	-0.259259259
Fvb2	14576201	14576300	0.322733557
Fvb2	14999201	14999300	-0.314102564
Fvb2	15027501	15027600	-0.286979969
Fvb2	15032201	15032300	0.380156076
Fvb2	15123901	15124000	0.305275538
Fvb2	15164101	15164200	0.330810811
Fvb2	15168901	15169000	-0.216494845
Fvb2	15263901	15264000	-0.300529101
Fvb2	15294801	15294900	-0.470238095
Fvb2	15469201	15469300	0.352490421
Fvb2	15549801	15549900	0.277777778
Fvb2	15942901	15943000	0.215873016
Fvb2	16107401	16107500	0.248800653
Fvb2	16164301	16164400	0.314705882
Fvb2	16226101	16226200	-0.316556656
Fvb2	16374501	16374600	-0.378718535
Fvb2	16572201	16572300	-0.382478632
Fvb2	16604601	16604700	0.263685152
Fvb2	16742701	16742800	0.290625
Fvb2	16811701	16811800	0.230732861
Fvb2	16811801	16811900	0.291991342
Fvb2	16813101	16813200	0.407889193
Fvb2	16813201	16813300	0.347338432
Fvb2	16813301	16813400	0.575562254
Fvb2	16813401	16813500	0.369208838
Fvb2	16826401	16826500	0.32967033
Fvb2	16897501	16897600	0.266581087
Fvb2	16954401	16954500	-0.319915254
Fvb2	17032301	17032400	0.24
Fvb2	17052701	17052800	-0.25942623
Fvb2	17059201	17059300	-0.20351273
Fvb2	17094601	17094700	0.382133995
Fvb2	17110301	17110400	-0.34569378
Fvb2	17171401	17171500	-0.293601651
Fvb2	17190301	17190400	0.351676154
Fvb2	17205701	17205800	-0.220646625
Fvb2	17285601	17285700	-0.256410256
Fvb2	17297601	17297700	0.230812013
Fvb2	17297701	17297800	0.214141414
Fvb2	17422101	17422200	-0.372294372
Fvb2	17505901	17506000	0.34180791
Fvb2	17632901	17633000	0.348101266
Fvb2	17755401	17755500	0.263502661
Fvb2	17764101	17764200	-0.422057264
Fvb2	17799401	17799500	-0.294681779
Fvb2	17825701	17825800	-0.224311243
Fvb2	17865201	17865300	0.214788086
Fvb2	17974601	17974700	-0.240963855
Fvb2	18043601	18043700	-0.317647059
Fvb2	18339501	18339600	-0.435203095
Fvb2	18433901	18434000	0.325555556
Fvb2	18434301	18434400	0.36733871
Fvb2	18719201	18719300	0.237048153
Fvb2	18759001	18759100	-0.289126016
Fvb2	18798701	18798800	-0.222222222
Fvb2	18824401	18824500	0.231640482
Fvb2	18866001	18866100	0.3125
Fvb2	18870401	18870500	-0.321917808
Fvb2	18946501	18946600	0.304418985
Fvb2	19009301	19009400	0.222076646
Fvb2	19047401	19047500	0.313041725
Fvb2	19127901	19128000	-0.401020408
Fvb2	19151301	19151400	0.44909688
Fvb2	19151801	19151900	-0.219121447
Fvb2	19308301	19308400	0.225609756
Fvb2	19473801	19473900	0.208988058
Fvb2	19510601	19510700	0.259508349
Fvb2	19560201	19560300	-0.207983595
Fvb2	19806801	19806900	-0.461887477
Fvb2	19866201	19866300	-0.329059829
Fvb2	19917201	19917300	-0.239578562
Fvb2	19932401	19932500	0.206529354
Fvb2	20204201	20204300	0.332844575
Fvb2	20210101	20210200	-0.368957871
Fvb2	20262501	20262600	0.400501253
Fvb2	20289801	20289900	0.223582211
Fvb2	20296301	20296400	0.247474747
Fvb2	20517501	20517600	0.268949772
Fvb2	20517701	20517800	0.272887015
Fvb2	20555601	20555700	0.226202322
Fvb2	20580501	20580600	-0.360807401
Fvb2	20602801	20602900	-0.241176471
Fvb2	20690401	20690500	0.298611111
Fvb2	20702401	20702500	0.206547359
Fvb2	20709201	20709300	0.27457265
Fvb2	20713101	20713200	-0.430555556
Fvb2	20778701	20778800	0.304238259
Fvb2	20968301	20968400	0.293143813
Fvb2	21127301	21127400	0.20751634
Fvb2	21183801	21183900	0.286808511
Fvb2	21210201	21210300	0.214669052
Fvb2	21214201	21214300	0.236014406
Fvb2	21214401	21214500	0.296920242
Fvb2	21241101	21241200	-0.261479592
Fvb2	21361101	21361200	0.363422292
Fvb2	21409501	21409600	0.246575342
Fvb2	21458001	21458100	0.290232558
Fvb2	21506001	21506100	0.342870399
Fvb2	21532701	21532800	0.262074303
Fvb2	21563601	21563700	0.265490728
Fvb2	21651001	21651100	0.318123558
Fvb2	21654801	21654900	0.25
Fvb2	21747301	21747400	0.261754906
Fvb2	21747401	21747500	0.251098901
Fvb2	21903001	21903100	0.404347826
Fvb2	22071401	22071500	0.327667269
Fvb2	22072601	22072700	0.414370812
Fvb2	22223201	22223300	0.335543767
Fvb2	22238901	22239000	0.25127551
Fvb2	22257501	22257600	0.259581882
Fvb2	22259701	22259800	0.283947066
Fvb2	22322801	22322900	0.245185849
Fvb2	22322901	22323000	0.364681555
Fvb2	22323001	22323100	0.21964522
Fvb2	22596701	22596800	0.239690033
Fvb2	22618201	22618300	-0.230769231
Fvb2	22621001	22621100	0.240176423
Fvb2	22621101	22621200	0.491118077
Fvb2	22631101	22631200	-0.206896552
Fvb2	22643501	22643600	0.227777778
Fvb2	22718801	22718900	0.3444666
Fvb2	22718901	22719000	0.399624765
Fvb2	22732801	22732900	0.319352159
Fvb2	22902401	22902500	-0.237788018
Fvb2	22925701	22925800	0.217027417
Fvb2	22990601	22990700	-0.249597424
Fvb2	23000701	23000800	0.337957125
Fvb2	23073301	23073400	-0.242424242
Fvb2	23084201	23084300	-0.245100708
Fvb2	23114401	23114500	0.282068966
Fvb2	23242701	23242800	-0.260248447
Fvb2	23324201	23324300	0.373873874
Fvb2	23324801	23324900	0.337443219
Fvb2	23354601	23354700	-0.291364535
Fvb2	23547201	23547300	0.307379612
Fvb2	23606601	23606700	-0.353174603
Fvb2	23612101	23612200	0.291877317
Fvb2	23612301	23612400	0.647465438
Fvb2	23612801	23612900	0.345641416
Fvb2	23612901	23613000	0.473971605
Fvb2	23613001	23613100	0.325658501
Fvb2	23755601	23755700	-0.236718505
Fvb2	23799701	23799800	0.215806716
Fvb2	23799901	23800000	0.418303221
Fvb2	23800301	23800400	0.557238395
Fvb2	23800401	23800500	0.390118489
Fvb2	23827401	23827500	0.235610766
Fvb2	23878701	23878800	0.220743034
Fvb2	23960801	23960900	-0.352272727
Fvb2	23992601	23992700	0.308767952
Fvb2	23997801	23997900	0.214175655
Fvb2	24017201	24017300	0.341176471
Fvb2	24028801	24028900	0.280101706
Fvb2	24080601	24080700	0.246279235
Fvb2	24081501	24081600	0.26804878
Fvb2	24114101	24114200	0.219298246
Fvb2	24281601	24281700	0.320230957
Fvb2	24281701	24281800	0.353089533
Fvb2	24358301	24358400	0.334896811
Fvb2	24455801	24455900	-0.215413534
Fvb2	24580901	24581000	0.209459459
Fvb2	24581801	24581900	0.312554113
Fvb2	24601401	24601500	0.236933798
Fvb2	24629701	24629800	0.210322581
Fvb2	24659401	24659500	0.243969298
Fvb2	24671301	24671400	0.200854701
Fvb2	25008201	25008300	0.295113295
Fvb2	25008401	25008500	0.31995426
Fvb2	25020001	25020100	0.304761905
Fvb2	25035301	25035400	0.276324614
Fvb2	25234201	25234300	-0.208190639
Fvb2	25292001	25292100	0.442810458
Fvb2	25321301	25321400	0.271284271
Fvb2	25337001	25337100	0.216426193
Fvb2	25413101	25413200	0.28219697
Fvb2	25422301	25422400	-0.202570922
Fvb2	25422701	25422800	-0.209876543
Fvb2	25439201	25439300	0.251415186
Fvb2	25439401	25439500	0.231869019
Fvb2	25439701	25439800	0.299833887
Fvb2	25443901	25444000	0.379166667
Fvb2	25444001	25444100	0.388483262
Fvb2	25444101	25444200	0.226050831
Fvb2	25444301	25444400	0.285714286
Fvb2	25446101	25446200	0.223710792
Fvb2	25447001	25447100	0.210649777
Fvb2	25471501	25471600	0.249066577
Fvb2	25471701	25471800	0.203387916
Fvb2	25484001	25484100	0.20338545
Fvb2	25599701	25599800	0.539558233
Fvb2	25602001	25602100	-0.229166667
Fvb2	25644201	25644300	0.334144156
Fvb2	25665101	25665200	0.328313253
Fvb2	25791101	25791200	-0.259144677
Fvb2	25878001	25878100	-0.234988881
Fvb2	26015101	26015200	0.225670796
Fvb2	26032201	26032300	0.333474576
Fvb2	26042001	26042100	0.26866917
Fvb2	26085701	26085800	0.413386613
Fvb2	26232501	26232600	0.215716193
Fvb2	26342201	26342300	0.495488722
Fvb2	26342501	26342600	0.425595238
Fvb2	26355301	26355400	0.21280896
Fvb2	26362901	26363000	0.232311609
Fvb2	26366801	26366900	0.372746554
Fvb2	26445001	26445100	-0.21040724
Fvb2	26480801	26480900	0.283355063
Fvb2	26706501	26706600	0.255462185
Fvb2	26707401	26707500	0.218992248
Fvb2	26708601	26708700	0.240914158
Fvb2	26749101	26749200	-0.336216216
Fvb2	26892101	26892200	0.306602513
Fvb2	26976001	26976100	0.283282675
Fvb2	26993001	26993100	0.257861635
Fvb2	27059001	27059100	0.322344322
Fvb2	27467701	27467800	-0.251139818
Fvb2	27599901	27600000	-0.295667447
Fvb2	27656101	27656200	0.466200466
Fvb2	27668401	27668500	0.243484926
Fvb2	27682801	27682900	0.57399409
Fvb2	27682901	27683000	0.276190476
Fvb2	27690301	27690400	0.379679144
Fvb2	27690701	27690800	-0.384615385
Fvb2	27755801	27755900	-0.39047619
Fvb2	27973301	27973400	0.469230769
Fvb2	28021201	28021300	0.302083333
Fvb2	28281801	28281900	0.27372134
Fvb2	28289601	28289700	0.226966292
Fvb2	28320801	28320900	0.218822462
Fvb2	28389001	28389100	-0.362732095
Fvb2	28451301	28451400	0.293028322
Fvb2	28493001	28493100	0.302649229
Fvb2	28588701	28588800	0.305803571
Fvb2	28759401	28759500	0.251320755
Fvb2	28765201	28765300	0.233091787
Fvb2	28775901	28776000	-0.287878788
Fvb2	28880101	28880200	-0.24
Fvb2	28889801	28889900	0.327369743
Fvb2	28944501	28944600	0.402748414
Fvb2	28945801	28945900	0.223604518
Fvb2	29014001	29014100	0.261538462
Fvb2	29071001	29071100	0.214714715
Fvb2	29090601	29090700	0.23
Fvb2	29135201	29135300	0.235616438
Fvb2	29192101	29192200	0.251612903
Fvb2	29227501	29227600	0.263093623
Fvb2	29329301	29329400	0.247024883
Fvb3	152703	152802	0.226004728
Fvb3	232803	232902	0.493243243
Fvb3	392703	392802	0.318681319
Fvb3	496403	496502	0.240301724
Fvb3	517403	517502	0.231209053
Fvb3	566503	566602	0.296547756
Fvb3	855603	855702	0.212765957
Fvb3	971403	971502	0.371717172
Fvb3	976903	977002	-0.316645807
Fvb3	1000103	1000202	0.253787879
Fvb3	1012803	1012902	-0.254710145
Fvb3	1131303	1131402	0.32718137
Fvb3	1140103	1140202	-0.21108742
Fvb3	1178303	1178402	0.219318622
Fvb3	1183703	1183802	-0.437209302
Fvb3	1202103	1202202	0.42032967
Fvb3	1256903	1257002	-0.213355971
Fvb3	1320803	1320902	-0.277061856
Fvb3	1552503	1552602	0.332525253
Fvb3	1606403	1606502	0.201182796
Fvb3	1647703	1647802	0.247247947
Fvb3	1647903	1648002	0.501021103
Fvb3	1648003	1648102	0.367260274
Fvb3	1657603	1657702	0.20595428
Fvb3	1658903	1659002	0.27281746
Fvb3	1697303	1697402	0.366071429
Fvb3	1901103	1901202	-0.256748415
Fvb3	1903503	1903602	-0.371428571
Fvb3	2036903	2037002	-0.308922559
Fvb3	2053703	2053802	0.363166954
Fvb3	2053803	2053902	0.35610766
Fvb3	2054203	2054302	0.234567901
Fvb3	2141103	2141202	0.212032282
Fvb3	2210403	2210502	0.257108288
Fvb3	2227003	2227102	0.361842105
Fvb3	2279403	2279502	0.22481896
Fvb3	2368603	2368702	0.408227848
Fvb3	2389003	2389102	0.205128205
Fvb3	2434203	2434302	-0.355865463
Fvb3	2536903	2537002	0.239323467
Fvb3	2602503	2602602	0.268518913
Fvb3	2602603	2602702	0.292128246
Fvb3	2602703	2602802	0.321109694
Fvb3	2715003	2715102	0.417460317
Fvb3	2840303	2840402	0.242684268
Fvb3	2841503	2841602	0.224291498
Fvb3	2860303	2860402	-0.312831389
Fvb3	2934803	2934902	-0.228212633
Fvb3	2968503	2968602	-0.235294118
Fvb3	3004403	3004502	-0.223941543
Fvb3	3029503	3029602	0.269607843
Fvb3	3029803	3029902	0.346179851
Fvb3	3029903	3030002	0.350513087
Fvb3	3146303	3146402	0.227272727
Fvb3	3239903	3240002	0.229878049
Fvb3	3259403	3259502	0.318903319
Fvb3	3266703	3266802	0.359801489
Fvb3	3345303	3345402	0.4875561
Fvb3	3345403	3345502	-0.214511754
Fvb3	3470603	3470702	0.299853372
Fvb3	3473703	3473802	-0.262730699
Fvb3	3624403	3624502	0.227298444
Fvb3	3699503	3699602	0.369462366
Fvb3	3717803	3717902	0.313636364
Fvb3	3794503	3794602	0.285109386
Fvb3	3846303	3846402	0.271505376
Fvb3	3953503	3953602	0.310606061
Fvb3	4354503	4354602	0.229591837
Fvb3	4413203	4413302	0.322947214
Fvb3	4465003	4465102	0.383281573
Fvb3	4710903	4711002	0.288254953
Fvb3	4849103	4849202	-0.40952381
Fvb3	4952403	4952502	0.248239437
Fvb3	5020403	5020502	0.379028379
Fvb3	5047203	5047302	0.322916667
Fvb3	5255503	5255602	-0.275862069
Fvb3	5280103	5280202	-0.320168902
Fvb3	5307103	5307202	-0.230769231
Fvb3	5419303	5419402	-0.277065527
Fvb3	5514803	5514902	-0.427419355
Fvb3	5564903	5565002	-0.300510301
Fvb3	5578403	5578502	0.434398654
Fvb3	5592203	5592302	-0.26894482
Fvb3	5624703	5624802	-0.365888978
Fvb3	5779703	5779802	0.217320261
Fvb3	5872303	5872402	0.24651504
Fvb3	5873703	5873802	0.395140665
Fvb3	5885403	5885502	-0.509013283
Fvb3	5894503	5894602	-0.388888889
Fvb3	6370103	6370202	-0.207269546
Fvb3	6437703	6437802	0.275025278
Fvb3	6551303	6551402	0.288311688
Fvb3	6630503	6630602	0.260339241
Fvb3	6630603	6630702	0.298771121
Fvb3	6734703	6734802	0.477272727
Fvb3	6911903	6912002	0.296875
Fvb3	7064403	7064502	0.267026578
Fvb3	7213603	7213702	0.473684211
Fvb3	7307403	7307502	-0.237738207
Fvb3	7314903	7315002	-0.279713115
Fvb3	7342003	7342102	-0.202812569
Fvb3	7653903	7654002	0.203921569
Fvb3	7780503	7780602	0.317401961
Fvb3	7814903	7815002	-0.23841718
Fvb3	7962203	7962302	0.305764411
Fvb3	7975203	7975302	0.224380952
Fvb3	7986003	7986102	0.309309309
Fvb3	8159403	8159502	-0.220878136
Fvb3	8340603	8340702	0.363348416
Fvb3	8362603	8362702	0.352380952
Fvb3	8507003	8507102	0.382352941
Fvb3	9028403	9028502	-0.594771242
Fvb3	9183103	9183202	-0.348214286
Fvb3	9262803	9262902	-0.312820513
Fvb3	9533503	9533602	0.204819277
Fvb3	9624903	9625002	0.216783217
Fvb3	9639703	9639802	0.397504715
Fvb3	9950503	9950602	0.542682927
Fvb3	9957703	9957802	0.310344828
Fvb3	10126603	10126702	-0.294294294
Fvb3	10324703	10324802	0.476586161
Fvb3	10574603	10574702	0.357636706
Fvb3	10653203	10653302	-0.203703704
Fvb3	10748803	10748902	0.342001576
Fvb3	10750203	10750302	0.203282828
Fvb3	10789403	10789502	0.29047619
Fvb3	10870103	10870202	0.221393035
Fvb3	10966703	10966802	0.210839392
Fvb3	10998603	10998702	0.35338726
Fvb3	11085103	11085202	0.303710407
Fvb3	11201103	11201202	0.250985107
Fvb3	11201203	11201302	0.271777476
Fvb3	11248303	11248402	-0.32
Fvb3	11349903	11350002	0.415051546
Fvb3	11358603	11358702	-0.247447447
Fvb3	11579503	11579602	0.441707718
Fvb3	11727903	11728002	-0.26946225
Fvb3	11776803	11776902	0.248684211
Fvb3	12308603	12308702	0.201433063
Fvb3	12309903	12310002	-0.316666667
Fvb3	12334103	12334202	0.422427035
Fvb3	12339403	12339502	0.367132867
Fvb3	12443103	12443202	-0.210813492
Fvb3	12498303	12498402	-0.285714286
Fvb3	12627603	12627702	0.225490196
Fvb3	12690403	12690502	0.31372549
Fvb3	12772503	12772602	-0.289036545
Fvb3	12775403	12775502	0.3
Fvb3	12792103	12792202	-0.249230769
Fvb3	13017803	13017902	0.248850089
Fvb3	13146303	13146402	0.241666667
Fvb3	13256003	13256102	0.419484702
Fvb3	13333403	13333502	0.356934732
Fvb3	13476803	13476902	-0.472222222
Fvb3	13496003	13496102	0.229569892
Fvb3	13548003	13548102	-0.25862069
Fvb3	13593403	13593502	-0.321428571
Fvb3	13639503	13639602	0.237689394
Fvb3	13643203	13643302	0.205157131
Fvb3	13663703	13663802	0.294560185
Fvb3	13847803	13847902	0.237720111
Fvb3	14056503	14056602	-0.325258938
Fvb3	14094603	14094702	0.23847534
Fvb3	14112803	14112902	-0.30085639
Fvb3	14334803	14334902	0.26973027
Fvb3	14509303	14509402	0.312292359
Fvb3	15007703	15007802	0.350334448
Fvb3	15025203	15025302	-0.212121212
Fvb3	15179103	15179202	-0.3296875
Fvb3	15225303	15225402	0.270979493
Fvb3	15241603	15241702	0.344827586
Fvb3	15250703	15250802	-0.227777778
Fvb3	15473403	15473502	-0.539772727
Fvb3	15573803	15573902	0.225609756
Fvb3	15722903	15723002	-0.217087156
Fvb3	15798703	15798802	0.239685888
Fvb3	15983603	15983702	-0.279710145
Fvb3	16158203	16158302	-0.216516517
Fvb3	16158303	16158402	-0.218357488
Fvb3	16191603	16191702	-0.318475452
Fvb3	16241303	16241402	0.207119977
Fvb3	16365803	16365902	0.43784219
Fvb3	16435303	16435402	0.268659209
Fvb3	16489403	16489502	0.209349972
Fvb3	16533403	16533502	-0.277777778
Fvb3	16773303	16773402	-0.222222222
Fvb3	16808303	16808402	0.387878788
Fvb3	16808503	16808602	0.228933857
Fvb3	16931103	16931202	-0.344444444
Fvb3	17091003	17091102	0.235248447
Fvb3	17328403	17328502	0.262917582
Fvb3	17403103	17403202	0.211363636
Fvb3	17638903	17639002	0.216814159
Fvb3	17749403	17749502	-0.205882353
Fvb3	17760903	17761002	0.288737717
Fvb3	17761203	17761302	0.246280992
Fvb3	17779903	17780002	-0.214839424
Fvb3	17866403	17866502	0.376876877
Fvb3	17898903	17899002	-0.227272727
Fvb3	18051003	18051102	-0.203125
Fvb3	18144803	18144902	0.457843137
Fvb3	18145503	18145602	0.275532822
Fvb3	18146403	18146502	0.43543956
Fvb3	18206803	18206902	0.208970006
Fvb3	18219103	18219202	0.204177402
Fvb3	18403203	18403302	0.231687898
Fvb3	18622203	18622302	0.298076923
Fvb3	18646103	18646202	0.311320755
Fvb3	18662503	18662602	-0.205604431
Fvb3	18907403	18907502	-0.209415584
Fvb3	19143303	19143402	0.324175824
Fvb3	19143403	19143502	0.34336161
Fvb3	19145703	19145802	-0.276497696
Fvb3	19385303	19385402	0.237912088
Fvb3	19489703	19489802	0.253658537
Fvb3	19730903	19731002	0.419191919
Fvb3	20085203	20085302	0.396396396
Fvb3	20199503	20199602	0.28125
Fvb3	20271403	20271502	-0.335064935
Fvb3	20425903	20426002	-0.231282431
Fvb3	20775603	20775702	0.28980322
Fvb3	20969803	20969902	0.265605875
Fvb3	20991203	20991302	-0.252488688
Fvb3	21095403	21095502	0.226253115
Fvb3	21480303	21480402	0.404113733
Fvb3	21564703	21564802	-0.395145838
Fvb3	21564803	21564902	-0.459195339
Fvb3	21564903	21565002	-0.228005754
Fvb3	21568903	21569002	0.24107683
Fvb3	21586403	21586502	-0.34245283
Fvb3	21711803	21711902	-0.217391304
Fvb3	21743203	21743302	0.217757009
Fvb3	21892303	21892402	0.281842818
Fvb3	22013303	22013402	0.277777778
Fvb3	22272703	22272802	0.316037736
Fvb3	22384603	22384702	0.206223683
Fvb3	22570603	22570702	0.377197958
Fvb3	22577903	22578002	-0.259259259
Fvb3	22581903	22582002	-0.333333333
Fvb3	22624903	22625002	0.264491606
Fvb3	22710403	22710502	0.273494438
Fvb3	22723203	22723302	-0.207058824
Fvb3	22988503	22988602	-0.276347742
Fvb3	23000503	23000602	0.222284019
Fvb3	23000603	23000702	0.234397678
Fvb3	23033403	23033502	0.525510204
Fvb3	23137703	23137802	0.395580898
Fvb3	23160703	23160802	0.280081301
Fvb3	23174003	23174102	0.266693323
Fvb3	23283303	23283402	0.318226601
Fvb3	23504803	23504902	0.323214286
Fvb3	23561803	23561902	-0.283515392
Fvb3	23640303	23640402	0.234179613
Fvb3	23851303	23851402	-0.376267748
Fvb3	24053503	24053602	0.309288538
Fvb3	24151103	24151202	0.295659296
Fvb3	24485503	24485602	0.259259259
Fvb3	24652703	24652802	0.298469388
Fvb3	24842603	24842702	-0.262193013
Fvb3	25004803	25004902	0.227848101
Fvb3	25395803	25395902	-0.25154321
Fvb3	25419103	25419202	-0.210691824
Fvb3	25705103	25705202	-0.295918367
Fvb3	25797603	25797702	0.217171717
Fvb3	25838303	25838402	-0.274796748
Fvb3	26543903	26544002	0.286507937
Fvb3	26580003	26580102	-0.212280702
Fvb3	26647903	26648002	0.214973262
Fvb3	26777803	26777902	-0.249290061
Fvb3	27046603	27046702	-0.235294118
Fvb3	27222503	27222602	-0.222983257
Fvb3	27437303	27437402	0.246973366
Fvb3	27445003	27445102	0.270056208
Fvb3	27718003	27718102	-0.500855286
Fvb3	27781803	27781902	-0.272222222
Fvb3	27853003	27853102	-0.244402595
Fvb3	27931903	27932002	0.238603189
Fvb3	28042903	28043002	-0.236411843
Fvb3	28083403	28083502	-0.294930876
Fvb3	28190203	28190302	-0.365151515
Fvb3	28200903	28201002	-0.243902439
Fvb3	28262003	28262102	0.255411255
Fvb3	28325903	28326002	-0.202991453
Fvb3	28380903	28381002	-0.267857143
Fvb3	28406303	28406402	0.371582595
Fvb3	28672303	28672402	-0.250447761
Fvb3	28777903	28778002	0.256410256
Fvb3	28855403	28855502	-0.31710362
Fvb3	29027703	29027802	0.265591575
Fvb3	29241803	29241902	0.253036437
Fvb3	29275403	29275502	0.202825093
Fvb3	29404603	29404702	0.219564749
Fvb3	29407003	29407102	0.257898352
Fvb3	29412403	29412502	0.247769389
Fvb3	29470303	29470402	0.288571429
Fvb3	29543803	29543902	0.271428571
Fvb3	29835903	29836002	0.228409091
Fvb3	29860603	29860702	-0.236928105
Fvb3	29923103	29923202	0.453281853
Fvb3	30023503	30023602	0.202205882
Fvb3	30035203	30035302	-0.212004802
Fvb3	30416503	30416602	0.243243243
Fvb3	30684903	30685002	-0.315637066
Fvb3	30794603	30794702	0.278985507
Fvb3	30810003	30810102	-0.276470588
Fvb3	30832003	30832102	-0.216216216
Fvb3	30834403	30834502	-0.303501217
Fvb3	30930003	30930102	0.233286418
Fvb3	30930103	30930202	0.269444444
Fvb3	30935403	30935502	-0.274014156
Fvb3	31017503	31017602	0.297783251
Fvb3	31017603	31017702	0.219986586
Fvb3	31038903	31039002	0.338220919
Fvb3	31350403	31350502	0.310606061
Fvb3	31435303	31435402	0.213584011
Fvb3	31453703	31453802	-0.331618067
Fvb3	31492803	31492902	0.251377832
Fvb3	31642003	31642102	-0.268484443
Fvb3	31664103	31664202	0.236363636
Fvb3	31772203	31772302	0.274193548
Fvb3	31772803	31772902	0.273482097
Fvb3	31804403	31804502	-0.218581419
Fvb3	31856203	31856302	-0.377990431
Fvb3	31860003	31860102	0.386244378
Fvb3	31924103	31924202	0.331506849
Fvb3	32026103	32026202	0.347083926
Fvb3	32081703	32081802	0.256728778
Fvb3	32203503	32203602	-0.31969697
Fvb3	32220703	32220802	0.373349129
Fvb3	32220803	32220902	0.309491315
Fvb3	32538303	32538402	0.201785192
Fvb3	32576803	32576902	0.26814882
Fvb3	32577303	32577402	0.376216216
Fvb3	32775503	32775602	-0.34057971
Fvb3	32907703	32907802	-0.275862069
Fvb3	33020603	33020702	0.304917279
Fvb3	33020703	33020802	0.353947368
Fvb3	33022603	33022702	0.293563218
Fvb3	33030703	33030802	0.431256874
Fvb3	33112203	33112302	-0.30952381
Fvb3	33210203	33210302	0.368353345
Fvb3	33240903	33241002	-0.269152542
Fvb3	33443103	33443202	0.291666667
Fvb3	33762203	33762302	-0.24643258
Fvb3	33958303	33958402	0.260989011
Fvb3	34034403	34034502	0.246753247
Fvb3	34037103	34037202	0.256043956
Fvb3	34038503	34038602	-0.211990408
Fvb3	34088603	34088702	-0.288605697
Fvb3	34154203	34154302	0.203974503
Fvb3	34179903	34180002	0.273875992
Fvb3	34187203	34187302	0.259966777
Fvb3	34226103	34226202	0.425474255
Fvb3	34323503	34323602	0.257034632
Fvb3	34488403	34488502	-0.261904762
Fvb3	34546903	34547002	0.369817579
Fvb3	34576703	34576802	0.460367219
Fvb3	34608003	34608102	-0.25
Fvb3	34609403	34609502	0.329676071
Fvb3	34656203	34656302	0.34032634
Fvb3	34659903	34660002	-0.338994339
Fvb3	34690303	34690402	-0.277935337
Fvb3	34799503	34799602	0.490909091
Fvb3	34891903	34892002	-0.32037037
Fvb3	35011603	35011702	0.214740191
Fvb3	35119703	35119802	-0.235
Fvb3	35191403	35191502	0.455555556
Fvb3	35208803	35208902	0.262745098
Fvb3	35237003	35237102	0.271243781
Fvb3	35625903	35626002	0.287821612
Fvb3	35655603	35655702	0.312837838
Fvb3	35655703	35655802	0.368872549
Fvb3	35685703	35685802	0.206679679
Fvb3	35707103	35707202	0.37037037
Fvb3	35743603	35743702	0.211640212
Fvb3	35912503	35912602	0.244697565
Fvb3	35981803	35981902	-0.25025092
Fvb3	36085903	36086002	-0.245614035
Fvb3	36110403	36110502	0.247724975
Fvb3	36110503	36110602	0.305194805
Fvb3	36130003	36130102	0.286666667
Fvb3	36216503	36216602	0.253913043
Fvb3	36231503	36231602	-0.340909091
Fvb3	36288403	36288502	-0.279239766
Fvb3	36349503	36349602	-0.295959596
Fvb3	36351903	36352002	0.30952381
Fvb3	36802603	36802702	0.28657705
Fvb3	36802703	36802802	0.221310859
Fvb3	36845703	36845802	0.203290619
Fvb3	36952203	36952302	-0.282051282
Fvb3	37027203	37027302	0.238264739
Fvb3	37096003	37096102	0.25955335
Fvb3	37222203	37222302	-0.235876623
Fvb3	37238303	37238402	0.289938695
Fvb3	37264303	37264402	0.219178082
Fvb3	37271303	37271402	-0.206521739
Fvb3	37588603	37588702	0.328571429
Fvb3	37715103	37715202	0.371428571
Fvb3	37715403	37715502	0.217895609
Fvb3	37820803	37820902	0.20630861
Fvb3	37874903	37875002	-0.262423501
Fvb3	38031903	38032002	-0.208074534
Fvb3	38112303	38112402	0.319480519
Fvb4	145103	145202	0.265822785
Fvb4	347903	348002	-0.404761905
Fvb4	376403	376502	0.282051282
Fvb4	412603	412702	-0.288080994
Fvb4	598003	598102	0.230095759
Fvb4	598403	598502	0.212084526
Fvb4	632903	633002	-0.242105263
Fvb4	637403	637502	-0.293116395
Fvb4	707203	707302	0.543356643
Fvb4	711703	711802	0.23153425
Fvb4	761903	762002	0.274147727
Fvb4	962203	962302	0.269784173
Fvb4	1132603	1132702	0.389277389
Fvb4	1185503	1185602	0.267091343
Fvb4	1255103	1255202	-0.233739837
Fvb4	1303503	1303602	-0.263157895
Fvb4	1494303	1494402	0.233766234
Fvb4	1658603	1658702	-0.308974359
Fvb4	1907403	1907502	-0.53907496
Fvb4	1914303	1914402	-0.298901099
Fvb4	1952103	1952202	-0.272727273
Fvb4	1983203	1983302	0.235491397
Fvb4	2096903	2097002	-0.319457293
Fvb4	2160703	2160802	0.219076923
Fvb4	2320303	2320402	0.333333333
Fvb4	2360903	2361002	-0.481481481
Fvb4	2491303	2491402	0.279069767
Fvb4	2491403	2491502	0.204166667
Fvb4	2652203	2652302	0.224566029
Fvb4	2808603	2808702	0.231746032
Fvb4	2834603	2834702	0.300833333
Fvb4	2950603	2950702	0.318624339
Fvb4	3160503	3160602	0.259204401
Fvb4	3254103	3254202	0.236936937
Fvb4	3288603	3288702	0.4
Fvb4	3289403	3289502	0.225024438
Fvb4	3422603	3422702	-0.258021004
Fvb4	3436603	3436702	-0.229996652
Fvb4	3515203	3515302	0.4
Fvb4	3701003	3701102	0.234376065
Fvb4	3716603	3716702	0.219456692
Fvb4	3723903	3724002	0.225719932
Fvb4	3739203	3739302	-0.215888352
Fvb4	3937303	3937402	-0.26716141
Fvb4	3985503	3985602	0.2004662
Fvb4	4188703	4188802	0.262915601
Fvb4	4319603	4319702	0.349501661
Fvb4	4448503	4448602	-0.210335917
Fvb4	4489503	4489602	0.261327231
Fvb4	4531503	4531602	-0.345503719
Fvb4	4543903	4544002	-0.266666667
Fvb4	4625203	4625302	-0.342342342
Fvb4	4832503	4832602	0.266666667
Fvb4	4887203	4887302	0.261884307
Fvb4	4887303	4887402	0.273320896
Fvb4	4889803	4889902	0.226190476
Fvb4	5137503	5137602	0.217391304
Fvb4	5535303	5535402	0.242681048
Fvb4	5562103	5562202	-0.26007326
Fvb4	5616103	5616202	0.237578527
Fvb4	5639403	5639502	0.210955711
Fvb4	5754103	5754202	0.234808702
Fvb4	5766903	5767002	0.225071225
Fvb4	6293003	6293102	-0.284033613
Fvb4	6454303	6454402	0.268512415
Fvb4	6602103	6602202	0.213424168
Fvb4	6602203	6602302	0.213217939
Fvb4	6702203	6702302	0.33044733
Fvb4	6793503	6793602	0.519532406
Fvb4	6831903	6832002	0.251446759
Fvb4	6937403	6937502	-0.208333333
Fvb4	7227603	7227702	0.318287037
Fvb4	7396603	7396702	0.392867414
Fvb4	7450603	7450702	-0.20104547
Fvb4	7839303	7839402	-0.229654404
Fvb4	7951503	7951602	0.227960526
Fvb4	8032003	8032102	0.241666667
Fvb4	8035503	8035602	0.396665709
Fvb4	8035603	8035702	0.448752446
Fvb4	8053803	8053902	0.25
Fvb4	8390203	8390302	0.212765957
Fvb4	8405403	8405502	0.416255443
Fvb4	8847203	8847302	0.46
Fvb4	9494503	9494602	0.283669087
Fvb4	9757803	9757902	-0.202425876
Fvb4	10960203	10960302	-0.248275862
Fvb4	11192603	11192702	0.284155423
Fvb4	11218203	11218302	0.204318937
Fvb4	11218403	11218502	0.223942208
Fvb4	11745603	11745702	0.371698113
Fvb4	11762303	11762402	-0.226666667
Fvb4	11938503	11938602	0.228947368
Fvb4	11951703	11951802	0.457426376
Fvb4	11951803	11951902	0.350957854
Fvb4	12112503	12112602	0.241479925
Fvb4	12318003	12318102	-0.435876623
Fvb4	12532503	12532602	-0.235294118
Fvb4	12751303	12751402	0.203153656
Fvb4	13096303	13096402	-0.216340269
Fvb4	13282703	13282802	0.25395024
Fvb4	13442503	13442602	0.25974359
Fvb4	13662803	13662902	-0.211868687
Fvb4	13958403	13958502	0.202818627
Fvb4	14276403	14276502	-0.232933733
Fvb4	14285603	14285702	0.26381179
Fvb4	14500803	14500902	0.268973214
Fvb4	14500903	14501002	0.217366947
Fvb4	15134703	15134802	-0.486538462
Fvb4	15568103	15568202	0.293672014
Fvb4	15700403	15700502	0.328320802
Fvb4	15711303	15711402	-0.293226381
Fvb4	15743003	15743102	0.260683761
Fvb4	15757003	15757102	-0.239576366
Fvb4	15787903	15788002	0.291232877
Fvb4	15844303	15844402	-0.273529412
Fvb4	16098403	16098502	0.255892256
Fvb4	16215003	16215102	0.348601736
Fvb4	16741403	16741502	0.202479339
Fvb4	16865003	16865102	0.401282051
Fvb4	16866003	16866102	0.303698435
Fvb4	16894303	16894402	0.236842105
Fvb4	16905703	16905802	0.239361702
Fvb4	16938803	16938902	-0.294197031
Fvb4	16940703	16940802	0.257301628
Fvb4	17157303	17157402	-0.204678363
Fvb4	17212703	17212802	-0.398373984
Fvb4	17333703	17333802	0.286082474
Fvb4	17659203	17659302	-0.216216216
Fvb4	17727803	17727902	0.20180045
Fvb4	17761203	17761302	0.363636364
Fvb4	17790403	17790502	0.281424395
Fvb4	17800803	17800902	0.440926641
Fvb4	18042303	18042402	-0.284848485
Fvb4	18044403	18044502	-0.42173913
Fvb4	18210303	18210402	-0.245192308
Fvb4	18406603	18406702	0.223293173
Fvb4	18436203	18436302	0.219954091
Fvb4	18533803	18533902	0.448471926
Fvb4	18724003	18724102	-0.260822511
Fvb4	18826403	18826502	-0.250750751
Fvb4	19083903	19084002	0.24636741
Fvb4	19132403	19132502	-0.248214286
Fvb4	19302103	19302202	0.257575758
Fvb4	20071603	20071702	-0.236617406
Fvb4	20217003	20217102	-0.207406089
Fvb4	20227703	20227802	-0.334813171
Fvb4	20301103	20301202	0.219846491
Fvb4	20333503	20333602	-0.216842105
Fvb4	20612303	20612402	0.519396552
Fvb4	20612403	20612502	0.244444444
Fvb4	20612803	20612902	0.252290017
Fvb4	20613203	20613302	0.327238806
Fvb4	20619103	20619202	0.201404795
Fvb4	20655603	20655702	0.307692308
Fvb4	20656003	20656102	0.298245614
Fvb4	20937703	20937802	0.230701754
Fvb4	21010103	21010202	0.250210084
Fvb4	21631603	21631702	0.381558029
Fvb4	21740803	21740902	-0.242424242
Fvb4	21794203	21794302	-0.210948192
Fvb4	21815303	21815402	0.205319149
Fvb4	21847203	21847302	0.207792208
Fvb4	21978503	21978602	0.339117779
Fvb4	22155803	22155902	0.236530353
Fvb4	22247603	22247702	-0.232936078
Fvb4	22333403	22333502	-0.223214286
Fvb4	22483903	22484002	-0.398148148
Fvb4	22486803	22486902	-0.347222222
Fvb4	22564403	22564502	0.297997457
Fvb4	22564503	22564602	0.272727273
Fvb4	22695003	22695102	0.237113402
Fvb4	22817703	22817802	-0.242521994
Fvb4	22934003	22934102	0.283013699
Fvb4	23016903	23017002	0.294117647
Fvb4	23022003	23022102	0.307539683
Fvb4	23264203	23264302	0.231907895
Fvb4	23530703	23530802	0.263418348
Fvb4	23530803	23530902	0.301587302
Fvb4	23536503	23536602	0.267369559
Fvb4	23699203	23699302	-0.215686275
Fvb4	23872403	23872502	0.261703395
Fvb4	23892503	23892602	-0.277011494
Fvb4	23912903	23913002	0.248337029
Fvb4	23999903	24000002	-0.235449735
Fvb4	24017403	24017502	0.364814815
Fvb4	24023403	24023502	0.532796781
Fvb4	24023903	24024002	0.206349206
Fvb4	24040603	24040702	0.234126984
Fvb4	24048603	24048702	-0.243902439
Fvb4	24068203	24068302	0.211442905
Fvb4	24083103	24083202	-0.20838823
Fvb4	24160703	24160802	-0.208722741
Fvb4	24165203	24165302	0.223042093
Fvb4	24416203	24416302	0.233308877
Fvb4	24474903	24475002	0.257522124
Fvb4	24478603	24478702	0.317460317
Fvb4	24478703	24478802	0.614035088
Fvb4	24478803	24478902	0.461175461
Fvb4	24521003	24521102	0.252097902
Fvb4	24523303	24523402	0.328061224
Fvb4	24714703	24714802	-0.282212349
Fvb4	25014403	25014502	0.367692308
Fvb4	25190603	25190702	0.245371731
Fvb4	25430403	25430502	-0.222222222
Fvb4	25481703	25481802	0.257659713
Fvb4	25661803	25661902	-0.213224638
Fvb4	25682103	25682202	0.290772335
Fvb4	25712203	25712302	0.341025641
Fvb4	25738503	25738602	0.231609195
Fvb4	25965103	25965202	-0.201395619
Fvb4	25972603	25972702	-0.280684755
Fvb4	26052503	26052602	0.260936696
Fvb4	26078003	26078102	0.339356296
Fvb4	26190703	26190802	0.21981982
Fvb4	26208103	26208202	-0.224242424
Fvb4	26257803	26257902	0.325148515
Fvb4	26257903	26258002	0.270921986
Fvb4	26258203	26258302	0.238423029
Fvb4	26381703	26381802	0.334748011
Fvb4	26466503	26466602	0.24485447
Fvb4	26548403	26548502	0.217703349
Fvb4	26577903	26578002	-0.237660581
Fvb4	26583903	26584002	-0.329185066
Fvb4	26663603	26663702	0.453222453
Fvb4	26687103	26687202	-0.295508274
Fvb4	26750403	26750502	0.270557029
Fvb4	26857003	26857102	0.219318182
Fvb4	26899003	26899102	0.348888889
Fvb4	26990503	26990602	0.379192073
Fvb4	27335503	27335602	-0.229565217
Fvb4	27371503	27371602	0.20713073
Fvb4	27415703	27415802	0.200724638
Fvb4	27622603	27622702	-0.264616935
Fvb4	27819203	27819302	0.226111995
Fvb4	27863103	27863202	0.580893987
Fvb4	27863203	27863302	0.437742185
Fvb4	27864503	27864602	0.250420168
Fvb4	27929403	27929502	0.316801619
Fvb4	28157003	28157102	0.356630824
Fvb4	28186903	28187002	0.255785921
Fvb4	28537103	28537202	0.333704376
Fvb4	28540903	28541002	0.224742268
Fvb4	28612503	28612602	-0.334880637
Fvb4	28824403	28824502	0.264669802
Fvb4	28835603	28835702	0.205882353
Fvb4	28903503	28903602	0.282051282
Fvb4	29187903	29188002	0.221611722
Fvb4	29238703	29238802	-0.340243902
Fvb4	29249803	29249902	0.456347669
Fvb4	29324903	29325002	0.439814815
Fvb4	29630803	29630902	-0.5
Fvb4	29720603	29720702	0.204081633
Fvb4	29740903	29741002	0.288559107
Fvb4	29746603	29746702	0.27992244
Fvb4	29754003	29754102	0.207999156
Fvb4	29806603	29806702	-0.224152542
Fvb4	29927703	29927802	0.335477941
Fvb4	30013403	30013502	0.21355674
Fvb4	30072003	30072102	0.264136905
Fvb4	30165403	30165502	-0.244047619
Fvb4	30305203	30305302	0.264856557
Fvb4	30408303	30408402	0.39047619
Fvb4	30411103	30411202	0.279375
Fvb4	30429703	30429802	-0.355263158
Fvb4	30513903	30514002	-0.247014456
Fvb4	30573003	30573102	0.213333333
Fvb4	30675103	30675202	0.280555556
Fvb4	30680403	30680502	0.220189702
Fvb4	30751603	30751702	0.394594595
Fvb4	30754703	30754802	0.296825397
Fvb4	30756203	30756302	-0.245359161
Fvb4	30798303	30798402	-0.323326432
Fvb4	30865703	30865802	-0.22752809
Fvb4	30903303	30903402	0.244871795
Fvb4	30948003	30948102	-0.270989358
Fvb4	30957703	30957802	0.323627125
Fvb4	31028903	31029002	0.265291083
Fvb4	31074303	31074402	0.264242424
Fvb4	31075103	31075202	0.365314927
Fvb4	31222403	31222502	0.263891869
Fvb4	31309303	31309402	0.346376812
Fvb4	31352303	31352402	0.289423077
Fvb4	31352403	31352502	0.365384615
Fvb4	31386803	31386902	0.321109123
Fvb4	31394303	31394402	0.321428571
Fvb4	31394503	31394602	0.389367816
Fvb4	31394703	31394802	0.493006993
Fvb4	31430103	31430202	0.348240906
Fvb4	31562103	31562202	-0.299085151
Fvb4	31677303	31677402	0.568484848
Fvb4	31677403	31677502	0.382868937
Fvb4	31770503	31770602	-0.2
Fvb4	31781403	31781502	0.25
Fvb4	31824203	31824302	-0.254679524
Fvb4	31827703	31827802	-0.215384615
Fvb4	31911203	31911302	-0.416666667
Fvb4	31985403	31985502	-0.392181007
Fvb4	31993503	31993602	0.247843137
Fvb4	31998503	31998602	0.227286357
Fvb4	32104203	32104302	-0.314942529
Fvb4	32121103	32121202	0.248412698
Fvb4	32239303	32239402	0.378312888
Fvb4	32294303	32294402	0.24
Fvb4	32304803	32304902	0.260869565
Fvb4	32342403	32342502	0.257513915
Fvb4	32439603	32439702	0.324543159
Fvb4	32531503	32531602	0.278787879
Fvb4	32583703	32583802	0.253859348
Fvb4	32583803	32583902	0.332233223
Fvb4	32584203	32584302	0.320430108
Fvb4	32617203	32617302	0.216884008
Fvb4	32617303	32617402	0.256725146
Fvb4	32619203	32619302	0.412698413
Fvb4	32619603	32619702	0.381041525
Fvb4	32619803	32619902	0.269203665
Fvb4	32621103	32621202	0.206722689
Fvb4	32730703	32730802	-0.322435897
Fvb4	32738503	32738602	0.243421053
Fvb4	32846903	32847002	0.346076459
Fvb4	32847003	32847102	0.250524109
Fvb4	32924503	32924602	0.316239316
Fvb4	32985803	32985902	-0.213521772
Fvb4	33002903	33003002	0.275491287
Fvb4	33070803	33070902	0.30847367
Fvb4	33418603	33418702	0.221122995
Fvb4	33488003	33488102	0.220517395
Fvb4	33555503	33555602	-0.218803419
Fvb4	33747203	33747302	0.241558442
Fvb4	33778603	33778702	0.226532567
Fvb4	33843803	33843902	-0.21474359
Fvb5	31103	31202	-0.335253456
Fvb5	47803	47902	0.232832994
Fvb5	128703	128802	0.301587302
Fvb5	298903	299002	-0.211111111
Fvb5	404703	404802	0.304025424
Fvb5	489803	489902	0.375
Fvb5	504103	504202	0.34167439
Fvb5	514303	514402	0.356060606
Fvb5	543503	543602	0.222773916
Fvb5	759503	759602	0.356506239
Fvb5	860503	860602	0.205426357
Fvb5	946703	946802	0.20892435
Fvb5	1035003	1035102	0.422893482
Fvb5	1052603	1052702	0.340310078
Fvb5	1053103	1053202	0.462915601
Fvb5	1119103	1119202	0.2625
Fvb5	1119203	1119302	0.220588235
Fvb5	1135703	1135802	0.449223417
Fvb5	1135803	1135902	0.416508779
Fvb5	1141203	1141302	-0.206896552
Fvb5	1337503	1337602	-0.222575758
Fvb5	1496603	1496702	0.290818988
Fvb5	1498303	1498402	0.286713287
Fvb5	1549403	1549502	0.543660287
Fvb5	1549503	1549602	0.338472925
Fvb5	1636403	1636502	0.418367347
Fvb5	1729503	1729602	0.264117905
Fvb5	1821703	1821802	0.312419974
Fvb5	1871703	1871802	0.23415978
Fvb5	1904203	1904302	0.286363636
Fvb5	1944703	1944802	0.215053763
Fvb5	2189503	2189602	0.245678366
Fvb5	2325603	2325702	0.303736814
Fvb5	2325703	2325802	0.349447869
Fvb5	2325803	2325902	0.355846774
Fvb5	2505403	2505502	0.40952381
Fvb5	2622903	2623002	-0.269145394
Fvb5	2637103	2637202	0.341803279
Fvb5	2888103	2888202	-0.241935484
Fvb5	3055403	3055502	0.2
Fvb5	3257703	3257802	0.248501873
Fvb5	3473203	3473302	0.202758621
Fvb5	3710603	3710702	0.311989956
Fvb5	4004603	4004702	0.249546279
Fvb5	4013603	4013702	-0.300865801
Fvb5	4656003	4656102	-0.412293853
Fvb5	4778403	4778502	-0.207608696
Fvb5	4838303	4838402	0.509906152
Fvb5	4838403	4838502	0.303030303
Fvb5	4890103	4890202	0.235468228
Fvb5	4908603	4908702	0.421621622
Fvb5	4909503	4909602	0.358208955
Fvb5	4914003	4914102	0.314444444
Fvb5	4977003	4977102	0.298695247
Fvb5	4979603	4979702	0.234028295
Fvb5	5102703	5102802	0.271990741
Fvb5	5128403	5128502	0.353947368
Fvb5	5410403	5410502	-0.200361664
Fvb5	5604403	5604502	0.342424242
Fvb5	5684303	5684402	0.288257576
Fvb5	5739803	5739902	-0.24
Fvb5	5778503	5778602	0.200242718
Fvb5	5788703	5788802	0.35
Fvb5	5793803	5793902	0.233959311
Fvb5	5805603	5805702	0.428571429
Fvb5	5902803	5902902	0.288888889
Fvb5	5906603	5906702	0.262626263
Fvb5	6227503	6227602	0.234545455
Fvb5	6521803	6521902	0.223529412
Fvb5	6537703	6537802	0.259259259
Fvb5	6537803	6537902	0.256446485
Fvb5	6580203	6580302	0.389158667
Fvb5	6580403	6580502	0.530169705
Fvb5	6580803	6580902	0.331423895
Fvb5	6729003	6729102	0.303450863
Fvb5	6729103	6729202	0.35
Fvb5	6898603	6898702	0.388278388
Fvb5	6902103	6902202	0.236846487
Fvb5	6906003	6906102	0.363636364
Fvb5	6939503	6939602	-0.235294118
Fvb5	6984603	6984702	-0.22071751
Fvb5	7117103	7117202	0.320884521
Fvb5	7257103	7257202	0.261536573
Fvb5	7259203	7259302	0.275919732
Fvb5	7259503	7259602	0.330726257
Fvb5	7280503	7280602	-0.459183673
Fvb5	7302003	7302102	-0.337719298
Fvb5	7302103	7302202	0.410407876
Fvb5	7324803	7324902	0.308163265
Fvb5	7376203	7376302	0.305970149
Fvb5	7376303	7376402	0.42007722
Fvb5	7429703	7429802	0.333950389
Fvb5	7604703	7604802	-0.270242915
Fvb5	7708303	7708402	-0.201031992
Fvb5	7766603	7766702	0.286549708
Fvb5	7807003	7807102	-0.225
Fvb5	7931603	7931702	-0.277777778
Fvb5	7938303	7938402	-0.236778846
Fvb5	7939303	7939402	-0.224250936
Fvb5	7939603	7939702	0.256725146
Fvb5	8021403	8021502	0.217288267
Fvb5	8088703	8088802	0.247633722
Fvb5	8124903	8125002	0.298547319
Fvb5	8286803	8286902	-0.301176471
Fvb5	8392503	8392602	0.303495311
Fvb5	8429503	8429602	0.270291693
Fvb5	8430503	8430602	0.234511435
Fvb5	8442103	8442202	0.322948328
Fvb5	8525903	8526002	0.343853821
Fvb5	8566703	8566802	0.20862069
Fvb5	8619803	8619902	0.215517241
Fvb5	8664103	8664202	0.260905761
Fvb5	8730903	8731002	0.303571429
Fvb5	8731003	8731102	0.387966102
Fvb5	8750603	8750702	0.22476714
Fvb5	8830203	8830302	0.228415301
Fvb5	8830303	8830402	0.297453704
Fvb5	8933403	8933502	0.263636364
Fvb5	8959303	8959402	-0.338905775
Fvb5	9016803	9016902	-0.272321429
Fvb5	9103803	9103902	-0.472222222
Fvb5	9243603	9243702	0.365069357
Fvb5	9243703	9243802	0.280180389
Fvb5	9299603	9299702	-0.325182598
Fvb5	9318003	9318102	-0.266229508
Fvb5	9352903	9353002	0.284102564
Fvb5	9446303	9446402	0.274503256
Fvb5	9446403	9446502	0.242724868
Fvb5	9601703	9601802	0.309090909
Fvb5	9803703	9803802	0.314675052
Fvb5	9821903	9822002	0.230065359
Fvb5	9822003	9822102	0.254700855
Fvb5	9969303	9969402	0.246915584
Fvb5	10056903	10057002	0.377524144
Fvb5	10182103	10182202	-0.23874328
Fvb5	10345903	10346002	0.30408353
Fvb5	10403103	10403202	-0.255789474
Fvb5	10450803	10450902	0.241025641
Fvb5	10450903	10451002	0.204244789
Fvb5	10544603	10544702	0.223880597
Fvb5	10613903	10614002	-0.283834586
Fvb5	10666803	10666902	-0.393939394
Fvb5	10711503	10711602	-0.247158218
Fvb5	10712103	10712202	-0.288721805
Fvb5	10768503	10768602	-0.258330932
Fvb5	10890803	10890902	-0.328421053
Fvb5	10934403	10934502	0.216063054
Fvb5	10969403	10969502	0.217391304
Fvb5	11142803	11142902	-0.299099099
Fvb5	11192503	11192602	0.315415822
Fvb5	11213303	11213402	-0.278961643
Fvb5	11239903	11240002	0.463844797
Fvb5	11388203	11388302	0.317924528
Fvb5	11485803	11485902	-0.253030303
Fvb5	11790503	11790602	0.282670963
Fvb5	11803103	11803202	0.282525288
Fvb5	11846903	11847002	0.323529412
Fvb5	12057603	12057702	0.313953488
Fvb5	12069103	12069202	0.314631579
Fvb5	12161903	12162002	0.228225806
Fvb5	12213903	12214002	0.33146592
Fvb5	12267003	12267102	0.210526316
Fvb5	12299003	12299102	0.451345756
Fvb5	12299603	12299702	0.246323529
Fvb5	12299703	12299802	0.428780488
Fvb5	12503203	12503302	-0.208791209
Fvb5	12518703	12518802	0.2525
Fvb5	12785203	12785302	0.291638796
Fvb5	13148103	13148202	0.259742952
Fvb5	13186203	13186302	-0.351851852
Fvb5	13347903	13348002	0.391071429
Fvb5	13967103	13967202	0.25
Fvb5	14027903	14028002	0.25994832
Fvb5	14032903	14033002	0.339285714
Fvb5	14113303	14113402	0.275862069
Fvb5	14199603	14199702	0.403310105
Fvb5	15068903	15069002	-0.21031746
Fvb5	15069003	15069102	-0.251456311
Fvb5	15222403	15222502	0.228632066
Fvb5	15230703	15230802	0.262117347
Fvb5	15281303	15281402	0.267759563
Fvb5	15318003	15318102	-0.26401631
Fvb5	15357803	15357902	0.326086957
Fvb5	15387003	15387102	0.381976023
Fvb5	15387103	15387202	0.32964783
Fvb5	15389203	15389302	0.2895036
Fvb5	15492203	15492302	-0.442857143
Fvb5	15677703	15677802	0.217367453
Fvb5	15732403	15732502	-0.405013709
Fvb5	15754003	15754102	-0.233333333
Fvb5	15773503	15773602	0.506089744
Fvb5	15773603	15773702	0.42831216
Fvb5	15775603	15775702	0.458333333
Fvb5	15897603	15897702	0.28493035
Fvb5	15956203	15956302	-0.266666667
Fvb5	15979603	15979702	-0.251573187
Fvb5	16089303	16089402	-0.228571429
Fvb5	16241503	16241602	-0.248566308
Fvb5	16544803	16544902	0.205882353
Fvb5	16631103	16631202	-0.232142857
Fvb5	17007803	17007902	0.304347826
Fvb5	17246803	17246902	0.387755102
Fvb5	17254203	17254302	0.605555556
Fvb5	17254603	17254702	0.595127968
Fvb5	17430103	17430202	-0.227272727
Fvb5	17594303	17594402	-0.376168224
Fvb5	17922303	17922402	0.236652237
Fvb5	17953403	17953502	-0.273275862
Fvb5	17977803	17977902	-0.364030697
Fvb5	18037103	18037202	-0.306818182
Fvb5	18080403	18080502	-0.205909229
Fvb5	18105403	18105502	-0.274557166
Fvb5	18165503	18165602	0.268695652
Fvb5	18170303	18170402	0.26984127
Fvb5	18182203	18182302	0.264227642
Fvb5	18182303	18182402	0.203121248
Fvb5	18273203	18273302	0.211744248
Fvb5	18299403	18299502	0.326422372
Fvb5	18407403	18407502	0.212942989
Fvb5	18415503	18415602	0.351876527
Fvb5	18421203	18421302	0.213225371
Fvb5	18421703	18421802	0.349386724
Fvb5	18581003	18581102	0.219627595
Fvb5	18682703	18682802	0.499193548
Fvb5	18725703	18725802	0.203896104
Fvb5	18788303	18788402	0.276666667
Fvb5	18843003	18843102	0.261604775
Fvb5	19150703	19150802	0.315360502
Fvb5	19358003	19358102	-0.385520362
Fvb5	19423303	19423402	0.38800905
Fvb5	19787703	19787802	0.455555556
Fvb5	19823603	19823702	0.255139397
Fvb5	19862603	19862702	-0.386842105
Fvb5	19905503	19905602	-0.25
Fvb5	19937103	19937202	0.455102041
Fvb5	19944803	19944902	0.207223001
Fvb5	20088003	20088102	0.340394295
Fvb5	20101603	20101702	0.259259259
Fvb5	20101703	20101802	0.545205479
Fvb5	20577603	20577702	-0.246646546
Fvb5	21092703	21092802	0.234789601
Fvb5	21123603	21123702	-0.226309476
Fvb5	21195903	21196002	0.205359831
Fvb5	21244503	21244602	-0.219299542
Fvb5	21263403	21263502	0.253387534
Fvb5	21548303	21548402	-0.274509804
Fvb5	21628203	21628302	0.255954271
Fvb5	21634703	21634802	0.231892879
Fvb5	21682203	21682302	0.431111111
Fvb5	21682303	21682402	0.375225225
Fvb5	21741203	21741302	0.21576087
Fvb5	21767303	21767402	0.25871766
Fvb5	21767503	21767602	0.276652063
Fvb5	21819203	21819302	0.254732928
Fvb5	21839903	21840002	0.203123152
Fvb5	21842003	21842102	0.234693066
Fvb5	22309303	22309402	0.300256082
Fvb5	22407203	22407302	-0.360026693
Fvb5	22564203	22564302	-0.25577812
Fvb5	22592503	22592602	-0.25428195
Fvb5	22685503	22685602	-0.35128519
Fvb5	22730003	22730102	0.223684211
Fvb5	22778403	22778502	-0.294387755
Fvb5	22822903	22823002	-0.274509804
Fvb5	22938103	22938202	0.25
Fvb5	23303403	23303502	-0.398989899
Fvb5	23605703	23605802	-0.322843823
Fvb5	23672503	23672602	0.357142857
Fvb5	23697403	23697502	0.395402299
Fvb5	23778503	23778602	0.363861386
Fvb5	24033303	24033402	-0.223581758
Fvb5	24541003	24541102	0.284537685
Fvb5	24673103	24673202	0.208664773
Fvb5	24784303	24784402	-0.270259638
Fvb5	24818403	24818502	-0.288341544
Fvb5	25156803	25156902	0.407294833
Fvb5	25156903	25157002	0.258471074
Fvb5	25157903	25158002	0.22826087
Fvb5	25228103	25228202	0.282051282
Fvb5	25229003	25229102	0.2439801
Fvb5	25507603	25507702	-0.24592261
Fvb5	25914903	25915002	0.264492754
Fvb5	26030003	26030102	0.25626072
Fvb5	26045903	26046002	-0.343327703
Fvb5	26051703	26051802	-0.337320574
Fvb5	26142103	26142202	0.367521368
Fvb5	26147703	26147802	0.283950617
Fvb5	26160303	26160402	0.26370614
Fvb5	26227403	26227502	0.25
Fvb5	26229203	26229302	0.332748538
Fvb5	26229303	26229402	0.465010352
Fvb5	26241603	26241702	0.425310158
Fvb5	26355503	26355602	0.370920746
Fvb5	26357003	26357102	0.246906637
Fvb5	26357303	26357402	0.290020486
Fvb5	26702703	26702802	-0.201203859
Fvb5	26743103	26743202	-0.26476378
Fvb5	26815203	26815302	-0.396616541
Fvb5	26846403	26846502	0.296296296
Fvb5	26919303	26919402	0.208014633
Fvb5	26919503	26919602	0.30540293
Fvb5	27144603	27144702	0.30672043
Fvb5	27187103	27187202	-0.21485464
Fvb5	27229103	27229202	0.258509783
Fvb5	27292603	27292702	-0.315151515
Fvb5	27428003	27428102	-0.20369614
Fvb5	27587903	27588002	0.467164179
Fvb5	27621703	27621802	-0.224358974
Fvb5	27646703	27646802	0.256535948
Fvb5	27747303	27747402	0.346197183
Fvb5	27785803	27785902	-0.375
Fvb5	27824703	27824802	0.243243243
Fvb5	27882103	27882202	0.217428219
Fvb5	28000503	28000602	-0.407051282
Fvb5	28072703	28072802	0.20238295
Fvb5	28161703	28161802	0.256690455
Fvb5	28206303	28206402	-0.303030303
Fvb5	28392603	28392702	-0.333014354
Fvb5	28550303	28550402	0.271428571
Fvb5	28679703	28679802	-0.248904576
Fvb5	28836103	28836202	0.221155245
Fvb5	29140603	29140702	0.242690058
Fvb6	190303	190402	0.267079463
Fvb6	299603	299702	0.375692964
Fvb6	494203	494302	0.217391304
Fvb6	536603	536702	0.377777778
Fvb6	962903	963002	-0.217391304
Fvb6	983203	983302	0.225
Fvb6	1040103	1040202	0.237820513
Fvb6	1141503	1141602	0.321428571
Fvb6	1247103	1247202	0.304398148
Fvb6	1320403	1320502	-0.272348974
Fvb6	1366403	1366502	0.237073437
Fvb6	1620703	1620802	0.297048863
Fvb6	1663703	1663802	0.275985663
Fvb6	1663803	1663902	0.30952381
Fvb6	1664403	1664502	0.308461978
Fvb6	1664803	1664902	0.232843137
Fvb6	1665403	1665502	0.330586081
Fvb6	1666403	1666502	0.341658958
Fvb6	1666503	1666602	0.268543956
Fvb6	1708103	1708202	-0.202392739
Fvb6	1763303	1763402	0.303822938
Fvb6	1780803	1780902	-0.272844273
Fvb6	1823603	1823702	0.411764706
Fvb6	1854403	1854502	0.23015873
Fvb6	1910503	1910602	0.206349206
Fvb6	1956103	1956202	0.226734964
Fvb6	2018403	2018502	-0.251663642
Fvb6	2021103	2021202	0.333333333
Fvb6	2113203	2113302	0.2211531
Fvb6	2120003	2120102	0.250105485
Fvb6	2241503	2241602	0.3
Fvb6	2246903	2247002	-0.218375136
Fvb6	2445903	2446002	-0.266409266
Fvb6	2540703	2540802	-0.205128205
Fvb6	2587703	2587802	-0.209492635
Fvb6	2954603	2954702	-0.307814992
Fvb6	3082903	3083002	0.334152334
Fvb6	3085303	3085402	0.269230769
Fvb6	3092503	3092602	0.207435897
Fvb6	3092603	3092702	0.269695227
Fvb6	3182003	3182102	-0.258181818
Fvb6	3207303	3207402	0.330555556
Fvb6	3262003	3262102	0.277777778
Fvb6	3262403	3262502	-0.21978022
Fvb6	3446903	3447002	0.35380117
Fvb6	3447103	3447202	0.218002644
Fvb6	3597703	3597802	-0.213559322
Fvb6	3634903	3635002	0.274725275
Fvb6	3664903	3665002	-0.222049689
Fvb6	3778303	3778402	0.261111111
Fvb6	3838603	3838702	-0.26559578
Fvb6	3847403	3847502	-0.346653671
Fvb6	3848603	3848702	-0.279365079
Fvb6	3911203	3911302	0.2
Fvb6	3965303	3965402	0.200506679
Fvb6	3992403	3992502	-0.208333333
Fvb6	4412703	4412802	-0.270833333
Fvb6	4577303	4577402	0.209485347
Fvb6	4638503	4638602	0.403921569
Fvb6	4651203	4651302	0.416935484
Fvb6	4660003	4660102	-0.204391892
Fvb6	4727703	4727802	-0.222308489
Fvb6	4787603	4787702	0.303112507
Fvb6	4850403	4850502	0.236465638
Fvb6	4932003	4932102	0.468124341
Fvb6	4932103	4932202	0.222445337
Fvb6	4951403	4951502	0.302686236
Fvb6	4967303	4967402	0.246841023
Fvb6	5001703	5001802	-0.314102564
Fvb6	5133503	5133602	-0.343703335
Fvb6	5643603	5643702	0.377038043
Fvb6	5665403	5665502	-0.28
Fvb6	5682803	5682902	0.334634146
Fvb6	5795003	5795102	-0.296296296
Fvb6	5907303	5907402	0.216899374
Fvb6	5979203	5979302	-0.277777778
Fvb6	6019303	6019402	0.265213882
Fvb6	6019403	6019502	0.20011422
Fvb6	6029303	6029402	0.233325931
Fvb6	6194403	6194502	0.314496314
Fvb6	6194503	6194602	0.241407867
Fvb6	6307103	6307202	0.281609195
Fvb6	6317003	6317102	0.225465839
Fvb6	6317103	6317202	0.353706557
Fvb6	6317203	6317302	0.294736842
Fvb6	6582303	6582402	-0.222058462
Fvb6	6640203	6640302	0.221723044
Fvb6	6647603	6647702	0.210526316
Fvb6	6944203	6944302	0.211764706
Fvb6	7003803	7003902	-0.347934919
Fvb6	7007203	7007302	-0.370346072
Fvb6	7061203	7061302	0.252160251
Fvb6	7063103	7063202	0.221788563
Fvb6	7066403	7066502	0.347368421
Fvb6	7066503	7066602	0.477798624
Fvb6	7107803	7107902	0.295923149
Fvb6	7197603	7197702	0.255440092
Fvb6	7274803	7274902	0.287212276
Fvb6	7337503	7337602	-0.232940599
Fvb6	7498903	7499002	0.288092729
Fvb6	7590203	7590302	-0.245762712
Fvb6	7745203	7745302	0.414184397
Fvb6	7899503	7899602	0.261461043
Fvb6	8040803	8040902	0.463911351
Fvb6	8040903	8041002	0.523657289
Fvb6	8129703	8129802	0.223776224
Fvb6	8174103	8174202	-0.214285714
Fvb6	8281803	8281902	0.315273478
Fvb6	8296003	8296102	0.384761905
Fvb6	8371903	8372002	0.309471017
Fvb6	8382403	8382502	-0.223702665
Fvb6	8429403	8429502	0.404761905
Fvb6	8546103	8546202	-0.277922078
Fvb6	8561103	8561202	0.238331678
Fvb6	8637303	8637402	0.303853211
Fvb6	8709903	8710002	0.333965844
Fvb6	8827403	8827502	0.267502612
Fvb6	8830303	8830402	0.293653922
Fvb6	8957003	8957102	0.215740741
Fvb6	9072803	9072902	-0.227710469
Fvb6	9182603	9182702	0.256302521
Fvb6	9356203	9356302	-0.207231336
Fvb6	9488303	9488402	-0.326125331
Fvb6	9507603	9507702	0.260714286
Fvb6	9686803	9686902	-0.204545455
Fvb6	9687903	9688002	0.310541311
Fvb6	9700703	9700802	-0.416666667
Fvb6	9701203	9701302	0.388384755
Fvb6	9779403	9779502	0.253139717
Fvb6	10042003	10042102	0.317460317
Fvb6	10055703	10055802	-0.282296651
Fvb6	10070303	10070402	-0.288043478
Fvb6	10140803	10140902	0.411919831
Fvb6	10140903	10141002	0.311288443
Fvb6	10141003	10141102	0.290780142
Fvb6	10142003	10142102	0.554435484
Fvb6	10223303	10223402	-0.239571374
Fvb6	10314103	10314202	-0.253205128
Fvb6	10334103	10334202	-0.234693878
Fvb6	10334203	10334302	-0.292185167
Fvb6	10358203	10358302	0.299111808
Fvb6	10843503	10843602	-0.214326812
Fvb6	10882503	10882602	0.367886179
Fvb6	11107303	11107402	0.287179487
Fvb6	11146803	11146902	0.408385093
Fvb6	11218303	11218402	0.248873874
Fvb6	11222603	11222702	0.241295938
Fvb6	11242703	11242802	0.283564815
Fvb6	11280803	11280902	-0.277712561
Fvb6	11411503	11411602	0.230559159
Fvb6	11411603	11411702	0.253818791
Fvb6	11555703	11555802	0.28631162
Fvb6	11556003	11556102	-0.261089128
Fvb6	11682303	11682402	-0.214912281
Fvb6	11938003	11938102	0.222341568
Fvb6	12010203	12010302	0.297941495
Fvb6	12174503	12174602	0.25070028
Fvb6	12426103	12426202	-0.21875
Fvb6	12515703	12515802	0.482594937
Fvb6	12515803	12515902	0.50295082
Fvb6	12516903	12517002	0.396825397
Fvb6	12517103	12517202	0.323979592
Fvb6	12521203	12521302	0.222222222
Fvb6	12601703	12601802	0.218053004
Fvb6	12615103	12615202	-0.252777778
Fvb6	12712003	12712102	-0.384724858
Fvb6	13169803	13169902	0.281593407
Fvb6	13329503	13329602	0.222920204
Fvb6	13333503	13333602	0.236511752
Fvb6	13338803	13338902	0.29113434
Fvb6	13339103	13339202	0.212348178
Fvb6	13339203	13339302	0.306067264
Fvb6	13339303	13339402	0.291471049
Fvb6	13339403	13339502	0.222222222
Fvb6	13452703	13452802	0.286195286
Fvb6	13481803	13481902	-0.288483232
Fvb6	13716903	13717002	0.354341737
Fvb6	13717603	13717702	0.2029946
Fvb6	13874603	13874702	0.200085874
Fvb6	13906903	13907002	0.305882353
Fvb6	14033903	14034002	-0.238624339
Fvb6	14231803	14231902	-0.411027569
Fvb6	14333003	14333102	0.335829493
Fvb6	14347403	14347502	0.207505519
Fvb6	14385403	14385502	-0.664835165
Fvb6	14398703	14398802	0.257309942
Fvb6	14512503	14512602	0.357843137
Fvb6	14637203	14637302	-0.214795587
Fvb6	14641603	14641702	0.246011323
Fvb6	14749203	14749302	-0.329588015
Fvb6	15051003	15051102	0.350259291
Fvb6	15171603	15171702	-0.238065383
Fvb6	15248803	15248902	0.21961466
Fvb6	15250403	15250502	-0.300231433
Fvb6	15313703	15313802	0.334881757
Fvb6	16147303	16147402	0.303349876
Fvb6	16301803	16301902	0.246428571
Fvb6	16491603	16491702	-0.307692308
Fvb6	16496903	16497002	0.373015873
Fvb6	16533103	16533202	0.309855521
Fvb6	16936803	16936902	0.301196809
Fvb6	17456803	17456902	-0.229166667
Fvb6	17461803	17461902	0.20754717
Fvb6	17521703	17521802	0.334994463
Fvb6	17567603	17567702	0.322061192
Fvb6	17710203	17710302	-0.215010142
Fvb6	17908203	17908302	0.333333333
Fvb6	17908303	17908402	0.331467662
Fvb6	17908803	17908902	0.32556962
Fvb6	17986203	17986302	0.325555556
Fvb6	17990903	17991002	0.371120108
Fvb6	17991303	17991402	0.241125541
Fvb6	18228703	18228802	0.365597842
Fvb6	18340003	18340102	0.25
Fvb6	18424103	18424202	-0.222222222
Fvb6	18441503	18441602	-0.237691002
Fvb6	18534603	18534702	0.233679884
Fvb6	18583703	18583802	-0.35
Fvb6	18677203	18677302	-0.206837607
Fvb6	19266503	19266602	0.2
Fvb6	19468803	19468902	0.255813953
Fvb6	19487303	19487402	-0.206896552
Fvb6	19707403	19707502	-0.271929825
Fvb6	20031203	20031302	0.236033807
Fvb6	20033303	20033402	0.276767677
Fvb6	20280403	20280502	-0.3125
Fvb6	20431703	20431802	-0.31
Fvb6	20431903	20432002	-0.291734386
Fvb6	20468903	20469002	-0.282051282
Fvb6	20509803	20509902	-0.230574324
Fvb6	20509903	20510002	-0.475
Fvb6	20719103	20719202	0.282352941
Fvb6	21085603	21085702	0.230769231
Fvb6	21313703	21313802	-0.200697527
Fvb6	21356103	21356202	0.497855918
Fvb6	21424003	21424102	-0.210784314
Fvb6	21829103	21829202	0.253968254
Fvb6	21861403	21861502	-0.206157318
Fvb6	22105903	22106002	-0.29382716
Fvb6	22126703	22126802	0.201704545
Fvb6	22248303	22248402	-0.310132641
Fvb6	22305003	22305102	0.362237237
Fvb6	22472903	22473002	-0.246892655
Fvb6	22473603	22473702	0.241930171
Fvb6	22601003	22601102	0.392914654
Fvb6	22619103	22619202	0.29351145
Fvb6	22739203	22739302	-0.271006081
Fvb6	22993203	22993302	0.434027778
Fvb6	23040103	23040202	-0.2
Fvb6	23070703	23070802	-0.22675967
Fvb6	23135403	23135502	-0.288737717
Fvb6	23371303	23371402	-0.6
Fvb6	23412203	23412302	-0.270785525
Fvb6	23479403	23479502	-0.21875
Fvb6	23517303	23517402	-0.393845027
Fvb6	23522803	23522902	0.350790514
Fvb6	23525303	23525402	0.283895001
Fvb6	23655203	23655302	-0.213541667
Fvb6	23662303	23662402	-0.303602058
Fvb6	23719603	23719702	-0.394465894
Fvb6	23734603	23734702	0.286780384
Fvb6	23865203	23865302	-0.284090909
Fvb6	23958603	23958702	-0.210491803
Fvb6	24520003	24520102	0.260473588
Fvb6	24677003	24677102	0.323397914
Fvb6	24678403	24678502	0.264254386
Fvb6	24770703	24770802	0.34838497
Fvb6	24837103	24837202	0.25772286
Fvb6	24843503	24843602	0.281385281
Fvb6	24966203	24966302	0.265437788
Fvb6	25039703	25039802	0.309185606
Fvb6	25062203	25062302	-0.282569125
Fvb6	25333503	25333602	-0.309340659
Fvb6	25469603	25469702	0.335714286
Fvb6	25573703	25573802	0.218466899
Fvb6	25761603	25761702	0.285507246
Fvb6	25776503	25776602	0.417989418
Fvb6	25827503	25827602	-0.315340909
Fvb6	26003603	26003702	0.295558223
Fvb6	26017803	26017902	0.215116279
Fvb6	26082503	26082602	-0.461401952
Fvb6	26103603	26103702	0.291898578
Fvb6	26166303	26166402	0.247433628
Fvb6	26213703	26213802	-0.21279269
Fvb6	26406103	26406202	-0.335573477
Fvb6	26469303	26469402	0.476980896
Fvb6	26558003	26558102	0.328104575
Fvb6	26678203	26678302	0.20497076
Fvb6	26847303	26847402	0.261846837
Fvb6	26847403	26847502	0.225890601
Fvb6	27224903	27225002	-0.50877193
Fvb6	27263403	27263502	0.216043387
Fvb6	27267303	27267402	-0.258333333
Fvb6	27327203	27327302	0.342245989
Fvb6	27404103	27404202	0.205304286
Fvb6	27412603	27412702	0.3466072
Fvb6	27432003	27432102	0.286844485
Fvb6	27699803	27699902	0.377112135
Fvb6	27699903	27700002	0.516483516
Fvb6	27700003	27700102	0.389358108
Fvb6	27774003	27774102	0.210561497
Fvb6	27790503	27790602	0.365369947
Fvb6	27800503	27800602	-0.341025641
Fvb6	27995303	27995402	0.524064171
Fvb6	28037703	28037802	0.252875696
Fvb6	28064303	28064402	0.207272727
Fvb6	28150003	28150102	0.24375
Fvb6	28550003	28550102	-0.35610766
Fvb6	28698903	28699002	0.263375336
Fvb6	28777803	28777902	-0.225262238
Fvb6	29016403	29016502	-0.217750258
Fvb6	29109403	29109502	0.215337289
Fvb6	29109503	29109602	0.298419174
Fvb6	29300403	29300502	0.408219178
Fvb6	29372203	29372302	-0.276368491
Fvb6	29425303	29425402	0.217214397
Fvb6	29517103	29517202	-0.221539915
Fvb6	29538203	29538302	0.28
Fvb6	29583403	29583502	-0.437704918
Fvb6	29590103	29590202	0.403508772
Fvb6	29668603	29668702	-0.203184842
Fvb6	29736703	29736802	0.239844683
Fvb6	30241403	30241502	0.269503546
Fvb6	30320903	30321002	-0.443783784
Fvb6	30383103	30383202	0.237521515
Fvb6	30607503	30607602	-0.245421245
Fvb6	30618503	30618602	0.365128205
Fvb6	30633903	30634002	-0.264582539
Fvb6	30673603	30673702	0.474025974
Fvb6	30751403	30751502	0.202820282
Fvb6	30796903	30797002	0.316742081
Fvb6	31161303	31161402	0.335204082
Fvb6	31203503	31203602	-0.319047619
Fvb6	31216803	31216902	0.278988666
Fvb6	31232703	31232802	0.316849817
Fvb6	31320703	31320802	-0.224738676
Fvb6	31426603	31426702	-0.215384615
Fvb6	31527803	31527902	0.31372549
Fvb6	31613103	31613202	0.275555556
Fvb6	31768103	31768202	0.461279461
Fvb6	31869403	31869502	-0.262295082
Fvb6	31927003	31927102	0.340315726
Fvb6	31946703	31946802	0.206451613
Fvb6	32069603	32069702	0.265625
Fvb6	32141303	32141402	-0.243243243
Fvb6	32189203	32189302	-0.216160576
Fvb6	32210403	32210502	-0.297730829
Fvb6	32264803	32264902	0.250915751
Fvb6	32382503	32382602	0.414348063
Fvb6	32403303	32403402	-0.221411714
Fvb6	32559203	32559302	-0.37535014
Fvb6	32575203	32575302	0.209467041
Fvb6	32578403	32578502	0.279120879
Fvb6	32795903	32796002	0.2
Fvb6	32824303	32824402	-0.201168073
Fvb6	32831003	32831102	0.407407407
Fvb6	33063403	33063502	0.245944192
Fvb6	33188803	33188902	0.379310345
Fvb6	33236203	33236302	0.271980075
Fvb6	33236303	33236402	0.213276836
Fvb6	33318903	33319002	-0.244636222
Fvb6	33356903	33357002	0.340597256
Fvb6	33365703	33365802	-0.213105413
Fvb6	33433703	33433802	0.244695898
Fvb6	33555603	33555702	0.218123688
Fvb6	33555703	33555802	0.23347203
Fvb6	33611303	33611402	0.29259962
Fvb6	33745303	33745402	0.295522388
Fvb6	33745403	33745502	0.280305046
Fvb6	33745903	33746002	0.283169533
Fvb6	33749103	33749202	0.269863014
Fvb6	33780103	33780202	0.238628873
Fvb6	33784403	33784502	0.201856674
Fvb6	33805903	33806002	0.354545455
Fvb6	33902103	33902202	0.212121212
Fvb6	33941003	33941102	0.369252874
Fvb6	34127203	34127302	-0.228546734
Fvb6	34205303	34205402	-0.334920635
Fvb6	34244103	34244202	0.331254585
Fvb6	34259203	34259302	0.30466714
Fvb6	34359503	34359602	-0.243400557
Fvb6	34406103	34406202	-0.312248419
Fvb6	34475203	34475302	-0.307042254
Fvb6	34510203	34510302	0.329849013
Fvb6	34612503	34612602	0.203125
Fvb6	34674303	34674402	0.402109181
Fvb6	34674403	34674502	0.259736621
Fvb6	34770303	34770402	0.237528345
Fvb6	35003103	35003202	-0.266745469
Fvb6	35012303	35012402	-0.254122939
Fvb6	35023903	35024002	-0.278373016
Fvb6	35044503	35044602	0.287393162
Fvb6	35047103	35047202	0.214215892
Fvb6	35047303	35047402	0.234294872
Fvb6	35047403	35047502	0.225308642
Fvb6	35383803	35383902	-0.352727273
Fvb6	35386203	35386302	0.316197183
Fvb6	35416603	35416702	0.264186633
Fvb6	35442603	35442702	-0.441119063
Fvb6	35548303	35548402	0.270833333
Fvb6	35740103	35740202	0.406060606
Fvb6	35740203	35740302	0.290790089
Fvb6	35789503	35789602	0.431803491
Fvb6	35885703	35885802	-0.398550725
Fvb6	35895703	35895802	-0.314285714
Fvb6	36017303	36017402	-0.340425532
Fvb6	36291703	36291802	0.211811493
Fvb6	36305403	36305502	0.263157895
Fvb6	36436103	36436202	-0.301024429
Fvb6	36588903	36589002	0.320675872
Fvb6	36590603	36590702	0.281666667
Fvb6	36590703	36590802	0.419740973
Fvb6	36608803	36608902	0.345067362
Fvb6	36615903	36616002	0.23255814
Fvb6	36678003	36678102	-0.315010571
Fvb6	36789003	36789102	-0.212121212
Fvb6	36807303	36807402	0.224105461
Fvb6	36955003	36955102	-0.213114754
Fvb6	37162303	37162402	-0.237166463
Fvb6	37169403	37169502	-0.274170274
Fvb6	37252703	37252802	0.235805861
Fvb6	37332003	37332102	0.222222222
Fvb6	37426703	37426802	0.210526316
Fvb6	37433703	37433802	0.325
Fvb6	37447403	37447502	0.242133653
Fvb6	37457503	37457602	-0.224576271
Fvb6	37560203	37560302	-0.241213226
Fvb6	37653603	37653702	0.229312064
Fvb6	37758603	37758702	0.350446429
Fvb6	37799203	37799302	0.347972973
Fvb6	37831903	37832002	0.415966387
Fvb6	37898103	37898202	0.271729958
Fvb6	38131303	38131402	-0.202380952
Fvb6	38141503	38141602	0.280718954
Fvb6	38280203	38280302	0.219223814
Fvb6	38385303	38385402	0.246575342
Fvb6	38453503	38453602	0.308333333
Fvb6	38496703	38496802	0.301169591
Fvb6	38518003	38518102	-0.294835937
Fvb6	38527003	38527102	0.221419676
Fvb6	38550403	38550502	-0.232067511
Fvb6	38574103	38574202	-0.396011396
Fvb6	38845003	38845102	0.383333333
Fvb6	39390403	39390502	0.23026247
Fvb6	39460103	39460202	0.232007388
Fvb6	39510103	39510202	0.283928571
Fvb6	39551303	39551402	0.248682212
Fvb6	39790703	39790802	-0.223165555
Fvb7	729402	729501	0.38
Fvb7	1082302	1082401	-0.260069045
Fvb7	1547702	1547801	-0.296289296
Fvb7	1553402	1553501	0.358851675
Fvb7	1553602	1553701	0.258485793
Fvb7	1556102	1556201	-0.206896552
Fvb7	1558602	1558701	0.206554121
Fvb7	1640902	1641001	0.240131579
Fvb7	1659802	1659901	-0.229166667
Fvb7	1705902	1706001	0.233875339
Fvb7	1724802	1724901	0.271497585
Fvb7	1861202	1861301	0.203350452
Fvb7	1861302	1861401	0.5
Fvb7	2186802	2186901	0.249423963
Fvb7	2191402	2191501	0.455072464
Fvb7	2194202	2194301	-0.258863526
Fvb7	2370402	2370501	0.333219412
Fvb7	2453202	2453301	-0.231040376
Fvb7	2479402	2479501	0.231010672
Fvb7	3351802	3351901	-0.228219178
Fvb7	3367502	3367601	0.210873984
Fvb7	3654102	3654201	-0.244897959
Fvb7	3660002	3660101	-0.224496426
Fvb7	3693902	3694001	0.38
Fvb7	3752702	3752801	-0.228243021
Fvb7	3909802	3909901	0.237386395
Fvb7	4516902	4517001	-0.408405172
Fvb7	4586902	4587001	-0.353464419
Fvb7	4773402	4773501	-0.207880435
Fvb7	4909102	4909201	-0.369411765
Fvb7	5220802	5220901	-0.28677014
Fvb7	5220902	5221001	-0.282608696
Fvb7	5243702	5243801	0.393939394
Fvb7	5480402	5480501	0.335772045
Fvb7	5570102	5570201	-0.302083333
Fvb7	5762902	5763001	-0.369111509
Fvb7	5778202	5778301	0.235912275
Fvb7	5809202	5809301	-0.383084577
Fvb7	5981102	5981201	-0.24879952
Fvb7	5985602	5985701	0.228937729
Fvb7	6005002	6005101	0.258928571
Fvb7	6375602	6375701	-0.206988058
Fvb7	6384602	6384701	0.379365079
Fvb7	6508002	6508101	-0.295283664
Fvb7	6766002	6766101	0.210526316
Fvb7	6903102	6903201	-0.30994152
Fvb7	6940402	6940501	-0.222222222
Fvb7	7002902	7003001	0.238084112
Fvb7	7012902	7013001	0.268716578
Fvb7	7013002	7013101	0.619047619
Fvb7	7020602	7020701	0.202150538
Fvb7	7167302	7167401	0.439393939
Fvb7	7283102	7283201	0.243951613
Fvb7	7365802	7365901	0.385714286
Fvb7	7379002	7379101	-0.301587302
Fvb7	7517102	7517201	0.325541126
Fvb7	7569802	7569901	-0.266269841
Fvb7	7667702	7667801	0.291605302
Fvb7	7672602	7672701	0.238389789
Fvb7	7726802	7726901	0.214912281
Fvb7	7756302	7756401	-0.325853202
Fvb7	7773902	7774001	0.225
Fvb7	8385702	8385801	-0.265151515
Fvb7	8793602	8793701	-0.262993197
Fvb7	8957802	8957901	0.254817098
Fvb7	8962602	8962701	-0.252732502
Fvb7	9019402	9019501	0.229349186
Fvb7	9021602	9021701	0.282384824
Fvb7	9105302	9105401	0.260472973
Fvb7	9223502	9223601	-0.280933063
Fvb7	9451602	9451701	-0.238095238
Fvb7	9505002	9505101	-0.23255814
Fvb7	9591302	9591401	0.337327824
Fvb7	9591602	9591701	0.274497219
Fvb7	9592002	9592101	0.325
Fvb7	9596502	9596601	-0.342105263
Fvb7	9606502	9606601	-0.261771205
Fvb7	9666602	9666701	0.362068966
Fvb7	9847202	9847301	0.309879993
Fvb7	9852502	9852601	0.362470862
Fvb7	10289202	10289301	0.269230769
Fvb7	10426902	10427001	-0.202615853
Fvb7	10428202	10428301	0.211378353
Fvb7	10556102	10556201	0.249242424
Fvb7	10629102	10629201	0.215173143
Fvb7	10851102	10851201	0.233312983
Fvb7	11102302	11102401	0.267857143
Fvb7	11146202	11146301	0.373737374
Fvb7	11503902	11504001	0.305555556
Fvb7	11685202	11685301	0.573333333
Fvb7	11685302	11685401	0.536728339
Fvb7	11685402	11685501	0.214619883
Fvb7	11698002	11698101	0.321750322
Fvb7	11702502	11702601	0.29736533
Fvb7	11702702	11702801	0.220619658
Fvb7	11752202	11752301	0.269251055
Fvb7	11760802	11760901	0.286153846
Fvb7	11949902	11950001	-0.39306698
Fvb7	12416702	12416801	-0.393120393
Fvb7	12664002	12664101	0.246396396
Fvb7	12701202	12701301	0.378571429
Fvb7	12758502	12758601	0.472727273
Fvb7	12775002	12775101	0.429067324
Fvb7	12852602	12852701	0.423076923
Fvb7	12852702	12852801	0.722222222
Fvb7	12853202	12853301	0.317016317
Fvb7	12853502	12853601	0.288732394
Fvb7	12905602	12905701	0.312456017
Fvb7	12905702	12905801	0.272727273
Fvb7	12938302	12938401	0.206797853
Fvb7	12966102	12966201	0.220689655
Fvb7	13144002	13144101	0.300239234
Fvb7	13151102	13151201	0.236189139
Fvb7	13263902	13264001	0.358766234
Fvb7	13417402	13417501	0.215144418
Fvb7	13417602	13417701	0.238447718
Fvb7	13419702	13419801	0.278107607
Fvb7	13419802	13419901	0.379310345
Fvb7	13430302	13430401	-0.258488964
Fvb7	13445302	13445401	0.233728291
Fvb7	13445402	13445501	0.461111111
Fvb7	13609402	13609501	0.363937138
Fvb7	13609502	13609601	0.272959184
Fvb7	13609602	13609701	0.234925201
Fvb7	13609702	13609801	0.209076682
Fvb7	13644502	13644601	0.357275083
Fvb7	13793902	13794001	0.399131944
Fvb7	13794002	13794101	0.334415584
Fvb7	13811002	13811101	0.370998117
Fvb7	13811202	13811301	0.294435278
Fvb7	13812202	13812301	0.245039683
Fvb7	13908902	13909001	0.323404255
Fvb7	14005402	14005501	0.208892098
Fvb7	14061802	14061901	0.276470588
Fvb7	14064602	14064701	0.306165541
Fvb7	14135902	14136001	0.25763696
Fvb7	14255602	14255701	-0.234752589
Fvb7	14349702	14349801	0.277777778
Fvb7	14352302	14352401	-0.236213235
Fvb7	14393002	14393101	0.423783784
Fvb7	14719902	14720001	-0.351648352
Fvb7	14757802	14757901	0.644268775
Fvb7	14757902	14758001	0.266983696
Fvb7	14773802	14773901	0.209049774
Fvb7	14805402	14805501	-0.255263158
Fvb7	14819302	14819401	-0.216703663
Fvb7	14942902	14943001	0.264801865
Fvb7	14943002	14943101	0.202953297
Fvb7	14989802	14989901	-0.334558824
Fvb7	15006602	15006701	0.41787732
Fvb7	15080202	15080301	0.256028369
Fvb7	15093902	15094001	0.268560606
Fvb7	15298502	15298601	0.214640199
Fvb7	15485402	15485501	0.256302521
Fvb7	15497402	15497501	0.202347914
Fvb7	15543802	15543901	0.333333333
Fvb7	15652502	15652601	-0.425985246
Fvb7	15729602	15729701	-0.442831216
Fvb7	15738902	15739001	0.508064516
Fvb7	15799502	15799601	-0.263157895
Fvb7	15833502	15833601	-0.350529101
Fvb7	15833602	15833701	-0.335585586
Fvb7	15900902	15901001	-0.205128205
Fvb7	15957602	15957701	0.255071747
Fvb7	15966002	15966101	0.263888889
Fvb7	15966202	15966301	0.304901961
Fvb7	16076502	16076601	-0.210165389
Fvb7	16142902	16143001	0.206270292
Fvb7	16272802	16272901	0.25862069
Fvb7	16306102	16306201	0.22693032
Fvb7	16513702	16513801	0.352057842
Fvb7	16624902	16625001	-0.32771164
Fvb7	16635602	16635701	0.262161514
Fvb7	16806602	16806701	0.451150673
Fvb7	16813002	16813101	0.38968254
Fvb7	16907302	16907401	0.253304904
Fvb7	17497302	17497401	0.330797101
Fvb7	17630802	17630901	-0.298424788
Fvb7	17630902	17631001	-0.322082932
Fvb7	17667902	17668001	-0.357142857
Fvb7	17718002	17718101	0.422210979
Fvb7	17848102	17848201	-0.217376674
Fvb7	17928202	17928301	0.330334833
Fvb7	17951802	17951901	-0.273421612
Fvb7	18256702	18256801	0.470588235
Fvb7	18264002	18264101	0.226890756
Fvb7	18444102	18444201	0.230769231
Fvb7	18472702	18472801	0.218684541
Fvb7	18596802	18596901	0.222540957
Fvb7	18791502	18791601	0.372093023
Fvb7	18826502	18826601	-0.245652174
Fvb7	18856302	18856401	-0.360763454
Fvb7	18909702	18909801	0.353965184
Fvb7	18931702	18931801	0.303167421
Fvb7	19016802	19016901	0.301789906
Fvb7	19063202	19063301	0.262823903
Fvb7	19106802	19106901	-0.241234956
Fvb7	19510702	19510801	0.24178911
Fvb7	19619102	19619201	-0.228484848
Fvb7	19676902	19677001	0.201010101
Fvb7	19680302	19680401	0.227761486
Fvb7	19785002	19785101	0.267445388
Fvb7	19790802	19790901	0.212665305
Fvb7	19791002	19791101	0.264952153
Fvb7	19791102	19791201	0.241304348
Fvb7	19920402	19920501	-0.200300075
Fvb7	19930402	19930501	0.314285714
Fvb7	19936302	19936401	-0.211891892
Fvb7	20213702	20213801	0.287637699
Fvb7	20490102	20490201	0.27593985
Fvb7	20494702	20494801	-0.236029412
Fvb7	20513302	20513401	0.289504717
Fvb7	20594902	20595001	0.285734706
Fvb7	20859702	20859801	0.456277056
Fvb7	20882302	20882401	-0.377104377
Fvb7	20932202	20932301	0.308510638
Fvb7	20932302	20932401	0.326086957
Fvb7	20932502	20932601	0.281262983
Fvb7	20934402	20934501	0.218338399
Fvb7	21105202	21105301	-0.284390244
Fvb7	21315202	21315301	-0.325
Fvb7	21439502	21439601	0.255319149
Fvb7	21676402	21676501	-0.405555556
Fvb7	21691402	21691501	-0.344362745
Fvb7	21756102	21756201	0.33531746
Fvb7	21898102	21898201	0.206060606
Fvb7	21999602	21999701	-0.320855615
Fvb7	22012102	22012201	0.362625139
Fvb7	22231902	22232001	0.352112676
Fvb7	22409502	22409601	0.219026549
Fvb7	22463802	22463901	-0.233620277
Fvb7	22471802	22471901	-0.248816768
Fvb7	22526102	22526201	0.289324516
Fvb7	22719702	22719801	-0.258054226
Fvb7	22834102	22834201	0.340404441
Fvb7	22834202	22834301	0.210629234
Fvb7	22841202	22841301	0.28046595
Fvb7	22927202	22927301	0.303162342
Fvb7	22934902	22935001	0.248247926
Fvb7	22949302	22949401	-0.256052825
Fvb7	22960702	22960801	0.248999428
Fvb7	23096602	23096701	0.37305078
Fvb7	23128102	23128201	0.257824143
Fvb7	23209202	23209301	-0.261904762
Fvb7	23263302	23263401	-0.234782609
Fvb7	23263402	23263501	-0.243316589
Fvb7	23365102	23365201	0.203354298
Fvb7	23529402	23529501	0.328600703
Fvb7	23555302	23555401	0.218078855
Fvb7	23560502	23560601	0.280737705
Fvb7	23577202	23577301	0.222326454
Fvb7	23589002	23589101	0.289855072
Fvb7	23595802	23595901	0.254385965
Fvb7	23604802	23604901	-0.281897492
Fvb7	23656902	23657001	-0.279560811
Fvb7	23662502	23662601	-0.277820122
Fvb7	23671202	23671301	-0.211267606
Fvb7	23690602	23690701	0.25432526
Fvb7	23755202	23755301	0.230769231
Fvb7	23755302	23755401	0.271794872
Fvb7	23759302	23759401	0.210480094
Fvb7	23866602	23866701	-0.254201681
Fvb7	23958102	23958201	-0.354710145
Fvb7	23979302	23979401	-0.257241942
Fvb7	24109402	24109501	-0.322115385
Fvb7	24117102	24117201	-0.243292823
Fvb7	24165802	24165901	-0.259780908
