seqnames	start	end	methdiff
Fvb1	433803	433902	0.272727273
Fvb1	463703	463802	0.34940601
Fvb1	643103	643202	-0.353324641
Fvb1	703403	703502	-0.222355769
Fvb1	731903	732002	-0.255319149
Fvb1	1079803	1079902	-0.573333333
Fvb1	1200503	1200602	0.285714286
Fvb1	1200603	1200702	0.260964912
Fvb1	1509703	1509802	0.5
Fvb1	1779203	1779302	0.233631841
Fvb1	3039803	3039902	-0.469087635
Fvb1	3709603	3709702	0.535948922
Fvb1	3916703	3916802	-0.575268817
Fvb1	4511203	4511302	-0.433333333
Fvb1	4755803	4755902	-0.293028322
Fvb1	4966303	4966402	-0.357828534
Fvb1	5089503	5089602	-0.345238095
Fvb1	6884303	6884402	0.452498241
Fvb1	7348203	7348302	-0.358125
Fvb1	9320203	9320302	0.401190476
Fvb1	9638903	9639002	-0.234615385
Fvb1	10351603	10351702	-0.380701754
Fvb1	11405203	11405302	-0.442728443
Fvb1	11623203	11623302	0.200898876
Fvb1	12384303	12384402	0.258064516
Fvb1	12942803	12942902	0.414285714
Fvb1	13282303	13282402	-0.424418605
Fvb1	15560603	15560702	0.220829678
Fvb1	16726003	16726102	0.301530612
Fvb1	17832503	17832602	0.647058824
Fvb1	18296803	18296902	-0.470588235
Fvb1	19181003	19181102	0.212121212
Fvb1	19381603	19381702	0.4375
Fvb1	23723803	23723902	0.362934363
Fvb2	316901	317000	0.264957265
Fvb2	1049101	1049200	-0.217391304
Fvb2	1515401	1515500	-0.341275797
Fvb2	1771501	1771600	-0.298172757
Fvb2	1834501	1834600	-0.319444444
Fvb2	2427601	2427700	0.309393525
Fvb2	4860301	4860400	-0.20526849
Fvb2	6282301	6282400	-0.625874126
Fvb2	10532801	10532900	0.237362194
Fvb2	10532901	10533000	0.298184438
Fvb2	11094501	11094600	0.296296296
Fvb2	11917201	11917300	0.388746803
Fvb2	13743501	13743600	0.302938197
Fvb2	17404301	17404400	0.337951112
Fvb2	17404401	17404500	0.233252623
Fvb2	17404501	17404600	0.275862069
Fvb2	18203001	18203100	0.369047619
Fvb2	18203101	18203200	0.390967242
Fvb2	20880701	20880800	-0.219634747
Fvb2	22259601	22259700	-0.471980676
Fvb2	22466201	22466300	-0.452991453
Fvb2	22879301	22879400	-0.52173913
Fvb2	22985801	22985900	0.242723881
Fvb2	24619201	24619300	0.272476558
Fvb2	25394101	25394200	0.377777778
Fvb2	25572201	25572300	-0.55
Fvb2	25757001	25757100	0.315631494
Fvb2	25999001	25999100	-0.55
Fvb2	26769601	26769700	0.362962963
Fvb2	26971001	26971100	0.681034483
Fvb2	26975901	26976000	0.307692308
Fvb2	26991201	26991300	0.382370821
Fvb2	28493001	28493100	-0.323214286
Fvb2	29060501	29060600	0.490662139
Fvb3	110103	110202	0.320855615
Fvb3	452603	452702	0.352345416
Fvb3	566603	566702	0.348554033
Fvb3	1007603	1007702	-0.392834695
Fvb3	1180203	1180302	0.503759398
Fvb3	1703003	1703102	0.31826087
Fvb3	1703503	1703602	-0.293422025
Fvb3	1985103	1985202	-0.272727273
Fvb3	2706703	2706802	0.264150943
Fvb3	3955003	3955102	0.469101124
Fvb3	4940903	4941002	0.296964725
Fvb3	6551303	6551402	0.292491143
Fvb3	7754803	7754902	0.224675325
Fvb3	9838803	9838902	-0.377358491
Fvb3	9852703	9852802	-0.365286444
Fvb3	11711603	11711702	0.342857143
Fvb3	11727403	11727502	0.238687628
Fvb3	13228203	13228302	0.204819277
Fvb3	15154503	15154602	0.334474886
Fvb3	15987503	15987602	0.208708709
Fvb3	16382403	16382502	-0.329096045
Fvb3	17669803	17669902	0.416666667
Fvb3	18564303	18564402	0.270616771
Fvb3	20385103	20385202	-0.318604651
Fvb3	20944203	20944302	-0.453629032
Fvb3	21047603	21047702	0.254237288
Fvb3	21564803	21564902	-0.286101212
Fvb3	23459203	23459302	-0.286806248
Fvb3	23616103	23616202	-0.615581098
Fvb3	26647703	26647802	-0.317923456
Fvb3	28419603	28419702	0.238095238
Fvb3	28615303	28615402	-0.275058275
Fvb3	28891403	28891502	-0.258240059
Fvb3	29400303	29400402	0.470588235
Fvb3	30538903	30539002	0.426724138
Fvb3	30919203	30919302	0.279734915
Fvb3	31639403	31639502	-0.350176263
Fvb3	31782303	31782402	0.245057428
Fvb3	33282303	33282402	-0.294058553
Fvb3	34232703	34232802	0.5
Fvb3	34232803	34232902	0.556725146
Fvb3	36679503	36679602	-0.247712418
Fvb3	36692103	36692202	0.356824264
Fvb4	138903	139002	-0.207070707
Fvb4	996803	996902	-0.27173913
Fvb4	1045403	1045502	0.28245614
Fvb4	1622103	1622202	-0.401052632
Fvb4	6373303	6373402	-0.638888889
Fvb4	7027003	7027102	-0.391341991
Fvb4	7306203	7306302	0.590643275
Fvb4	7572603	7572702	0.202169421
Fvb4	7785203	7785302	-0.390950226
Fvb4	8001303	8001402	0.209795918
Fvb4	10450803	10450902	-0.25
Fvb4	11487503	11487602	-0.226890756
Fvb4	11795303	11795402	-0.229166667
Fvb4	11832903	11833002	0.324961948
Fvb4	13266603	13266702	-0.254117647
Fvb4	13697903	13698002	-0.283769902
Fvb4	15140703	15140802	0.429956897
Fvb4	16526903	16527002	-0.37302726
Fvb4	17040103	17040202	0.415686275
Fvb4	17349903	17350002	-0.235915493
Fvb4	17506403	17506502	0.368048534
Fvb4	17520503	17520602	-0.62962963
Fvb4	17521203	17521302	0.297619048
Fvb4	19108703	19108802	0.239869281
Fvb4	19204803	19204902	0.446969697
Fvb4	20238803	20238902	-0.25
Fvb4	21413703	21413802	0.240740741
Fvb4	22339203	22339302	0.236111111
Fvb4	26300903	26301002	0.45
Fvb4	27819903	27820002	0.41025641
Fvb4	27859103	27859202	0.292682927
Fvb4	28341903	28342002	-0.258709677
Fvb4	28744003	28744102	-0.271929825
Fvb4	28820403	28820502	0.319838057
Fvb4	29717603	29717702	-0.375
Fvb4	29912303	29912402	-0.228571429
Fvb4	30156103	30156202	-0.264150943
Fvb4	30575603	30575702	0.208787816
Fvb4	31001903	31002002	0.214035088
Fvb4	31306403	31306502	-0.424206816
Fvb4	32248103	32248202	-0.239583333
Fvb4	32740203	32740302	-0.203571429
Fvb5	47803	47902	-0.239635401
Fvb5	193703	193802	0.357008171
Fvb5	854603	854702	-0.251461988
Fvb5	1421303	1421402	0.3002331
Fvb5	1634603	1634702	-0.367595819
Fvb5	4250503	4250602	0.4
Fvb5	4290303	4290402	-0.515873016
Fvb5	4618103	4618202	0.361307718
Fvb5	4725403	4725502	0.256458927
Fvb5	7376203	7376302	0.379765396
Fvb5	7638803	7638902	0.246957404
Fvb5	9245703	9245802	0.282214156
Fvb5	9342403	9342502	-0.28
Fvb5	11185903	11186002	-0.244621051
Fvb5	12150403	12150502	0.28859771
Fvb5	12924603	12924702	-0.253521127
Fvb5	12966803	12966902	0.271476834
Fvb5	14209903	14210002	-0.34375
Fvb5	14210003	14210102	-0.324324324
Fvb5	14342903	14343002	0.277327935
Fvb5	15243003	15243102	-0.47826087
Fvb5	15810403	15810502	0.376015289
Fvb5	15954603	15954702	0.364285714
Fvb5	16024803	16024902	0.372148451
Fvb5	19850603	19850702	0.262135922
Fvb5	23026303	23026402	0.233333333
Fvb5	23819203	23819302	0.292857143
Fvb5	25044703	25044802	-0.533613445
Fvb5	25688903	25689002	-0.297979798
Fvb5	27251303	27251402	0.556561086
Fvb5	27299403	27299502	-0.35925329
Fvb5	27428003	27428102	-0.339631783
Fvb5	28134903	28135002	-0.37322695
Fvb5	29387803	29387902	0.260160428
Fvb6	1103503	1103602	0.530797101
Fvb6	2242203	2242302	0.337465014
Fvb6	2300703	2300802	-0.438426821
Fvb6	2730903	2731002	-0.406403941
Fvb6	3264203	3264302	-0.430288462
Fvb6	3417003	3417102	0.417249417
Fvb6	5865803	5865902	0.322457627
Fvb6	6945803	6945902	-0.45210728
Fvb6	7247903	7248002	0.333457526
Fvb6	8308703	8308802	0.381269841
Fvb6	9366603	9366702	0.26585695
Fvb6	10358203	10358302	0.379518072
Fvb6	10725703	10725802	-0.312798092
Fvb6	11121903	11122002	0.242455243
Fvb6	11695403	11695502	0.375603865
Fvb6	12663203	12663302	0.457489879
Fvb6	12715603	12715702	-0.405405405
Fvb6	14122703	14122802	-0.473063973
Fvb6	15272203	15272302	0.27293578
Fvb6	15541003	15541102	0.285533454
Fvb6	15617403	15617502	-0.255482456
Fvb6	18769503	18769602	0.262758621
Fvb6	19964803	19964902	-0.243820568
Fvb6	20509703	20509802	0.241496599
Fvb6	21387303	21387402	0.204487179
Fvb6	24890003	24890102	0.441426146
Fvb6	27174703	27174802	0.333473507
Fvb6	27174803	27174902	0.314176245
Fvb6	27300503	27300602	-0.42033543
Fvb6	27771303	27771402	-0.576388889
Fvb6	28410403	28410502	0.301313629
Fvb6	28536203	28536302	-0.261538462
Fvb6	29736903	29737002	0.433646813
Fvb6	30118403	30118502	-0.31874145
Fvb6	33230003	33230102	-0.476325758
Fvb6	33632703	33632802	0.394946809
Fvb6	34061003	34061102	0.201728208
Fvb6	34532003	34532102	-0.20243805
Fvb6	35046803	35046902	0.296296296
Fvb6	36461603	36461702	0.266126856
Fvb6	36590703	36590802	0.365266106
Fvb6	37102503	37102602	-0.433423913
Fvb6	38792303	38792402	0.254210732
Fvb6	39180703	39180802	0.220236944
Fvb7	840602	840701	0.330213904
Fvb7	1336302	1336401	0.214285714
Fvb7	1574302	1574401	0.222320303
Fvb7	1729802	1729901	-0.215347109
Fvb7	2348702	2348801	-0.207381575
Fvb7	2866202	2866301	-0.255377827
Fvb7	3277602	3277701	0.333333333
Fvb7	3675502	3675601	0.407541825
Fvb7	3675602	3675701	0.362745098
Fvb7	4169202	4169301	-0.371212121
Fvb7	5119302	5119401	0.273817382
Fvb7	5879502	5879601	-0.37535014
Fvb7	5889802	5889901	0.420289855
Fvb7	6209902	6210001	-0.327231121
Fvb7	7393102	7393201	0.398148148
Fvb7	7624402	7624501	0.202904222
Fvb7	7766202	7766301	-0.446088795
Fvb7	8165702	8165801	0.261961722
Fvb7	8305902	8306001	-0.55
Fvb7	8958902	8959001	0.48434992
Fvb7	9051702	9051801	-0.518725719
Fvb7	10870802	10870901	0.367886179
Fvb7	10905202	10905301	0.336289727
Fvb7	11863502	11863601	0.242424242
Fvb7	11963202	11963301	-0.304511278
Fvb7	12109202	12109301	0.337006556
Fvb7	12428502	12428601	-0.310852402
Fvb7	12778002	12778101	-0.544444444
Fvb7	13056602	13056701	-0.333333333
Fvb7	13283202	13283301	0.49382716
Fvb7	13283302	13283401	0.325609756
Fvb7	13468402	13468501	-0.382478632
Fvb7	13693502	13693601	-0.674342105
Fvb7	13740702	13740801	0.304968944
Fvb7	13740802	13740901	0.203598485
Fvb7	13858802	13858901	0.201515152
Fvb7	14168202	14168301	-0.326054696
Fvb7	15559002	15559101	0.33988534
Fvb7	16464502	16464601	0.262096774
Fvb7	17807202	17807301	0.384737679
Fvb7	18261302	18261401	-0.34038055
Fvb7	18775902	18776001	-0.231640357
Fvb7	18837702	18837801	-0.450757576
Fvb7	20342902	20343001	0.241582492
Fvb7	21349502	21349601	0.310909091
Fvb7	21798902	21799001	0.411764706
Fvb7	22449402	22449501	0.285714286
Fvb7	23128102	23128201	0.207896576
Fvb7	23421702	23421801	0.416551724
Fvb7	23650802	23650901	0.285470085
